[
    {
        "class": "sourmash_signature",
        "email": "titus@idyll.org",
        "filename": "SRR2060939_2.fastq.gz",
        "hash_function": "0.murmur64",
        "signatures": [
            {
                "ksize": 31,
                "max_hash": 0,
                "md5sum": "4e94e60265e04f0763142e20b52c0da1",
                "mins": [
                    250486723534,
                    2508456406617,
                    3114055682630,
                    4326583440446,
                    5166206090659,
                    5651658843765,
                    5888422665728,
                    6103415363614,
                    6235526594701,
                    6326519491884,
                    6878955625210,
                    7215992153582,
                    7263583777537,
                    8395644761685,
                    9072289775829,
                    9599933508359,
                    9851745764538,
                    9914450265081,
                    10636634611478,
                    11078169853920,
                    11850890474214,
                    12268586466425,
                    12459731847780,
                    13647323066481,
                    14563906465922,
                    15424135029274,
                    15574730969702,
                    16244571079575,
                    16852225843359,
                    17427197239629,
                    20208369434823,
                    22648822913198,
                    23651462508176,
                    23928516462553,
                    24474488157758,
                    25171338917197,
                    25595537972192,
                    25977883823029,
                    26336101344262,
                    28005085380016,
                    29426613300325,
                    30912597140678,
                    31804114294503,
                    33283788494941,
                    34832941612548,
                    35206157695212,
                    36608959952536,
                    36699864848579,
                    36965258409960,
                    37923647270157,
                    38668597630050,
                    40072538274701,
                    41051959531050,
                    41163986984660,
                    42806708117796,
                    45549512378900,
                    46330912571584,
                    47932899674281,
                    48305356021361,
                    48422112851291,
                    48827478905522,
                    48988117530884,
                    49720533077083,
                    50336770017521,
                    53853474657507,
                    54546098460847,
                    54889967534832,
                    55129376901201,
                    55236706250225,
                    56306387723041,
                    56789903701800,
                    60051688191594,
                    62790957647340,
                    63034352531495,
                    63214224986744,
                    63227673813565,
                    63343999371796,
                    63626796623435,
                    64303638595001,
                    65401240928904,
                    65659023305314,
                    65794631590725,
                    65924385841826,
                    66254172924766,
                    67162847056402,
                    67207262461072,
                    68027479033630,
                    69023206404673,
                    70845832854736,
                    71648552124359,
                    72267500733483,
                    73600562400430,
                    73600726148081,
                    73938092731264,
                    74463348702348,
                    74757289081889,
                    76461141982463,
                    76601650706225,
                    79332000470232,
                    80480643670004,
                    85069188519897,
                    85513145337736,
                    86370708776973,
                    88205744296842,
                    89385885763749,
                    90136762486499,
                    91578872290342,
                    91791067858367,
                    91873432718081,
                    91947365014884,
                    94086187561813,
                    94879727048600,
                    95613743229855,
                    98324799297724,
                    98406995764882,
                    99368955966421,
                    100718427599813,
                    102632033433196,
                    102644142538181,
                    102882967284023,
                    104095665010556,
                    107278977448655,
                    110162881433718,
                    112325880172670,
                    114727586194884,
                    115711999096223,
                    115890459170026,
                    115990086684946,
                    117509882155020,
                    118006247672122,
                    119438611160104,
                    119862823995471,
                    120859413131497,
                    120869469396540,
                    120965026768103,
                    120980078369659,
                    122789260675111,
                    123464311633543,
                    124631092323259,
                    124750192071655,
                    124948347574890,
                    125648214305342,
                    126324422909661,
                    126386912242740,
                    126943192152369,
                    127838593437661,
                    129104997236940,
                    129661998661164,
                    129921574005351,
                    130381409629549,
                    131426956400912,
                    131670610194393,
                    132320703016655,
                    133074201429869,
                    136270510397946,
                    137011854576215,
                    137250954972319,
                    137679443730152,
                    137980519786988,
                    140477227833971,
                    142846188486668,
                    143166346620229,
                    143570389373736,
                    144015570248215,
                    146405999815556,
                    148719934314872,
                    149220396002677,
                    150539175563116,
                    150653874201709,
                    151145866287364,
                    152252932556929,
                    153277687133191,
                    153499429746893,
                    153688480117844,
                    153830313839310,
                    153964058113210,
                    155005702504057,
                    156275207016386,
                    156516659025181,
                    156678666334181,
                    157146773076591,
                    158914038640710,
                    159350162876827,
                    159359554299317,
                    159472244264757,
                    159869778233041,
                    160225475241462,
                    161489918754278,
                    161548850449553,
                    162966656941363,
                    163709351584749,
                    165572906446902,
                    166605601159467,
                    167304010117193,
                    167578307012466,
                    168412944661902,
                    169891545961677,
                    171948018815208,
                    172888919441360,
                    174372829965885,
                    174438446841118,
                    174450145080469,
                    175029718718788,
                    177264301473978,
                    177974381583110,
                    178176094018343,
                    179921783290284,
                    180656320447823,
                    181063160240061,
                    181257548112038,
                    181803993639937,
                    183018746533881,
                    183449325300818,
                    184271038362020,
                    184594169885550,
                    184752983925284,
                    185471680685606,
                    187928842797492,
                    189442327350789,
                    189748192026650,
                    191344453396371,
                    191379677170076,
                    192587291169373,
                    193005890924998,
                    194065250832376,
                    194363033520822,
                    195441337298296,
                    195793810311093,
                    197916541706101,
                    199129991434152,
                    199438795256574,
                    199510432035291,
                    200372412253250,
                    200404566576199,
                    200763792087641,
                    201955307485122,
                    202326103927886,
                    202843502589551,
                    203310112239143,
                    205495097863124,
                    206915135800075,
                    207091233110623,
                    208312960758621,
                    208486516249608,
                    208894174736915,
                    209010486710646,
                    209240354662781,
                    209602683644597,
                    211653200939905,
                    212770625795309,
                    214315498596142,
                    214695938897851,
                    214903197314923,
                    215248629858867,
                    216515317435923,
                    216552601141275,
                    217492142374772,
                    218320196374037,
                    218536028897273,
                    219204102261164,
                    219891441411753,
                    219974613748434,
                    220343480974288,
                    221554546582125,
                    221729288627371,
                    223834426416688,
                    223984693568096,
                    225075006031359,
                    225198908542897,
                    225259785351827,
                    225688512560038,
                    225796963089274,
                    226620699633185,
                    228659301550674,
                    229886666642258,
                    229938993635203,
                    230055660469156,
                    230147740600471,
                    231765455198863,
                    232016464825731,
                    233437960801696,
                    233897329427385,
                    234275508330269,
                    234486644060094,
                    235151438889624,
                    235231753660795,
                    237490431789443,
                    238102472767969,
                    238536247300230,
                    238574581938385,
                    239320860931883,
                    240958548895043,
                    242434218139153,
                    242442058293823,
                    242559604450370,
                    245150853931723,
                    246595821431335,
                    247062508718898,
                    247065219019444,
                    247103593644053,
                    247223650843273,
                    247271784936594,
                    248730448052989,
                    249136603804393,
                    255250274209015,
                    256188918759811,
                    256264089513587,
                    257140177602265,
                    258090152932519,
                    259079953498264,
                    260567430361426,
                    261430613863924,
                    261804172017043,
                    262102779540056,
                    262207826333011,
                    262946168044586,
                    263384517647759,
                    263593108768410,
                    263977675383980,
                    264421080266300,
                    264647060615723,
                    264847443724344,
                    266537010768292,
                    269449522688748,
                    269788172566464,
                    271375997486305,
                    273963009929669,
                    274201125891842,
                    274383394688737,
                    275456716615408,
                    276087711843386,
                    276171708863992,
                    276395310963137,
                    277124038643903,
                    277967939584293,
                    278359501970729,
                    281419217453687,
                    282627103058306,
                    283418694026492,
                    283650389519323,
                    283716381550104,
                    285115327004357,
                    288471586195099,
                    288630780557211,
                    289215146137768,
                    290326069414971,
                    290674026441801,
                    291172509721213,
                    291901191461589,
                    293349295644131,
                    293364784068746,
                    293460842461919,
                    293761737980270,
                    294048628266791,
                    294309017220579,
                    297566393252293,
                    298164502295539,
                    299495863829841,
                    299686419400666,
                    300842773788181,
                    301280787524288,
                    304357039915265,
                    305883937093471,
                    307125249787970,
                    307145677617826,
                    307432091881382,
                    308150774714909,
                    308924696686164,
                    309853660376897,
                    310260543915478,
                    311783912113073,
                    312655519254570,
                    313635798098525,
                    315730568901909,
                    315766966261328,
                    316937125480217,
                    317389260716692,
                    318149703248740,
                    318460348655326,
                    321890891143490,
                    322521825476248,
                    323047827128093,
                    324351935671697,
                    324518564575244,
                    325840322414685,
                    325892124255042,
                    326201156353558,
                    326362555166202,
                    326399280158975,
                    328158084014937,
                    330274652031045,
                    331145279644469,
                    331872454071816,
                    335724314867453,
                    335817092568549,
                    338300563625880,
                    338844220006106,
                    340863683252199,
                    341662236661817,
                    341811810483352,
                    342688543846132,
                    343279150148526,
                    345670801284685,
                    346750065211380,
                    346830321609431,
                    347266825568201,
                    347767039186779,
                    348817429227528,
                    348833845559066,
                    349622757145996,
                    350987533382827,
                    351058626361688,
                    351589420054826,
                    354103463961601,
                    354387066710883,
                    355561819235138,
                    355789912870705,
                    356695205540256,
                    359175499709959,
                    359439738386632,
                    359811593274454,
                    361089746785973,
                    361216987084545,
                    362569008281390,
                    362760391433907,
                    362947945334808,
                    363402398844127,
                    363720834876342,
                    364345413204186,
                    365126424210828,
                    365413280249712,
                    365934903234669,
                    366193857397914,
                    366211725375178,
                    366388425061942,
                    369001359438455,
                    372036972894155,
                    372119412691335,
                    375284658354960,
                    375915764618946,
                    376554752523768,
                    376700955240517,
                    377253494422430,
                    378570200652257,
                    378812352248018,
                    378988928968399,
                    379202966330246,
                    379383874861118,
                    379655211188325,
                    380132704649033,
                    381418800043351,
                    383272102454619,
                    385418400433017,
                    385959959345831,
                    386426924783330,
                    387084858219758,
                    387891260768716,
                    389648404681890,
                    391093344163451,
                    391412493497363,
                    391837889962924,
                    392637215710013,
                    393407397414020,
                    393666094843064,
                    394549480944907,
                    394992647600588,
                    396097144709247,
                    398018189439516,
                    398451260178161,
                    399359713815504,
                    401258033920475,
                    401548443050700,
                    401678403062417,
                    402467057162382,
                    403472959967900,
                    403550823036072,
                    404003416788822,
                    404032561117566,
                    404071682289595,
                    404160108032790,
                    404962546496863,
                    405248198929679,
                    405692953243932,
                    406532712133368,
                    407674900160241,
                    407839904624528,
                    408693003864864,
                    409460547709689,
                    409964247236589,
                    410070177508463,
                    411917287296495,
                    412738866512772,
                    412842793028086,
                    413767389226181,
                    414678207656526,
                    416308367178118,
                    416821154641916,
                    417458112822963,
                    417538262642243,
                    417879179345800
                ],
                "molecule": "DNA",
                "num": 500,
                "seed": 42
            }
        ],
        "type": "mrnaseq",
        "version": 0.4
    }
]