[
    {
        "class": "sourmash_signature",
        "email": "titus@idyll.org",
        "filename": "SRR453570_1.fastq.gz",
        "hash_function": "0.murmur64",
        "signatures": [
            {
                "ksize": 31,
                "max_hash": 0,
                "md5sum": "b59473c94ff2889eca5d7165936e64b3",
                "mins": [
                    1877811749,
                    1339603207230,
                    3558981176698,
                    3595680864757,
                    10502027926594,
                    11550845136154,
                    12183113567732,
                    14077774510216,
                    14958711182794,
                    18561566035899,
                    20383834887770,
                    20714320729467,
                    22732389403804,
                    22816587154347,
                    23694929505466,
                    24134363957219,
                    30606147678309,
                    31130970675642,
                    32760645340554,
                    32914685791800,
                    33190965408032,
                    33960067474598,
                    33972093486205,
                    36209503859197,
                    36836491863349,
                    38631948370393,
                    38946626358857,
                    39396232170068,
                    40000457533067,
                    40821822920127,
                    41548684950793,
                    42975853122398,
                    44318001749959,
                    45220477427487,
                    47205415940160,
                    48527209372456,
                    49367718187361,
                    50266038601832,
                    55281399957585,
                    56622962479482,
                    57082333339946,
                    58428533496606,
                    58971444597606,
                    59372670276820,
                    61074441390615,
                    62702978264830,
                    63272127345152,
                    63747523251368,
                    63753094017459,
                    63814532420394,
                    64430859773984,
                    65419869837915,
                    67872638217057,
                    73961050027324,
                    74203304881322,
                    75510673507974,
                    76301251957108,
                    77462788932224,
                    78004711377952,
                    78593695483794,
                    86080933269012,
                    89312085426348,
                    90302598717534,
                    92082937491658,
                    94266407193778,
                    98837920540443,
                    102082282949673,
                    102530908835648,
                    103010972337870,
                    103640879986045,
                    106478901668282,
                    106527047349315,
                    112760650992638,
                    114014805629783,
                    114457599754429,
                    114719330008227,
                    114779375695317,
                    115180661866118,
                    115796389594898,
                    117864921668170,
                    119763283100790,
                    120411948814896,
                    121866736124647,
                    122995254140976,
                    123065069359489,
                    128261346941417,
                    129274485291245,
                    130190959130109,
                    130268767097311,
                    130618284885748,
                    131165953925337,
                    133399630293992,
                    133580282506938,
                    137807029090583,
                    139762252968300,
                    142561908560556,
                    143304921092381,
                    144178457349008,
                    148434659896290,
                    150519487205401,
                    154119208822262,
                    154803963303860,
                    155829895672627,
                    156056750199531,
                    159477189409659,
                    160949002171461,
                    163227549897255,
                    164655854171874,
                    165496592913298,
                    165633097778062,
                    166146331478050,
                    166719940886532,
                    166891246324981,
                    167767324541682,
                    173367021064967,
                    173949973069402,
                    175559849681044,
                    176037192436786,
                    181359032563838,
                    181452042206456,
                    182593899788192,
                    185485707281703,
                    186607121994479,
                    188106044596447,
                    191078441509481,
                    194214915999879,
                    194881073215824,
                    196584209022550,
                    198409930440501,
                    199577187021953,
                    200567230796156,
                    202981877464187,
                    208004490729476,
                    210822710165852,
                    211216538377500,
                    211915017282095,
                    215418355892998,
                    215493649182712,
                    215607106913801,
                    216444054660744,
                    219619606513837,
                    221322641419906,
                    221692515333150,
                    222646058515199,
                    225216425962890,
                    225962923363564,
                    225980008558421,
                    228170423512561,
                    228251083676258,
                    231710804058239,
                    233288106176435,
                    233393853088183,
                    234913577321459,
                    235385609463388,
                    235438505061770,
                    238537875199759,
                    239420157045937,
                    241121021240187,
                    241671335688938,
                    242838856557679,
                    244255726983140,
                    248336783901894,
                    248851248559212,
                    250357693564448,
                    255343715369709,
                    256375919657769,
                    258616504685066,
                    260212336791624,
                    265736169322750,
                    265781739304017,
                    267345873524094,
                    270071179263543,
                    271342665825792,
                    274122990498640,
                    275360996806051,
                    280967669495427,
                    281897628539431,
                    282200323162036,
                    282342999530487,
                    283830758206802,
                    284620358398045,
                    285925400570356,
                    286736038466698,
                    294086384353867,
                    296514059807299,
                    296966685834878,
                    298791773277565,
                    299005107402724,
                    299515181711806,
                    300617258525997,
                    301443933468348,
                    302667628736144,
                    304085672582189,
                    306426014688347,
                    308473366560206,
                    312407681513044,
                    312856558437716,
                    316147818305256,
                    317314266550052,
                    326855577904572,
                    329899680983199,
                    330331027273450,
                    332098363218169,
                    333944737799563,
                    335174317746616,
                    335584394916553,
                    336702934772821,
                    337731129151000,
                    338443948117005,
                    338762957149102,
                    341091055062112,
                    341724341043975,
                    343240684449173,
                    344010897833199,
                    345196014534640,
                    345448918397261,
                    345460489054988,
                    345741054833297,
                    345875303722758,
                    348815216366639,
                    350399163507829,
                    351292962170419,
                    351636183165646,
                    352167543743049,
                    357535517122796,
                    358375425017902,
                    358595265377108,
                    359452645935849,
                    362124977362793,
                    366535672236781,
                    369461062038057,
                    374615513078797,
                    374673872059460,
                    375780195152331,
                    376434056729415,
                    378592360993657,
                    379102542404949,
                    382035531157070,
                    383135333541903,
                    383850900061929,
                    386263487549463,
                    388013701783741,
                    390332660259608,
                    391711331432850,
                    393516543506060,
                    395113186430911,
                    398353486663867,
                    400967959890432,
                    401487977714282,
                    408778667923133,
                    408962716867059,
                    410861197839878,
                    414355853800959,
                    416391446838305,
                    416580890530128,
                    417681898958140,
                    418835159902566,
                    421963163293847,
                    423404494960378,
                    423671730243916,
                    424303224424616,
                    424596150389604,
                    427230335237565,
                    427962000123701,
                    428646049860395,
                    429952924284227,
                    430664272577516,
                    432118521614652,
                    434109604325888,
                    435267549331128,
                    435940587843567,
                    446481351575757,
                    447467518423055,
                    449803315024875,
                    450112320572118,
                    452241247094714,
                    452829154656306,
                    453367679371415,
                    454813132622585,
                    456493632715805,
                    456717723773303,
                    457632835991147,
                    460076260875464,
                    461156956524045,
                    461171986063800,
                    463604028403361,
                    464552508115793,
                    466250095735125,
                    469687793491358,
                    471195319432894,
                    471546567533879,
                    471922058927200,
                    472566025949945,
                    472595419353109,
                    472977022618999,
                    473794754684632,
                    476325119891604,
                    476526896773980,
                    477517713088633,
                    480403157013579,
                    482503820391550,
                    484680531927015,
                    485278877010947,
                    487131235164323,
                    487732314724511,
                    488524886279546,
                    491715999174683,
                    495846359323641,
                    506531113930798,
                    510251560588775,
                    510737910464301,
                    512448947565770,
                    513350289212553,
                    517460246914282,
                    517460549689617,
                    518629934480933,
                    520568397104333,
                    525382873389847,
                    525762219690878,
                    527062179866457,
                    527591752682839,
                    527920198105606,
                    530515351265560,
                    534461213463332,
                    538939534540869,
                    539614362293141,
                    539777176029418,
                    539873986742508,
                    540921382222017,
                    541186981810837,
                    543935720187395,
                    545273268128445,
                    546633122974996,
                    549484636278027,
                    551381720133873,
                    553977959695484,
                    555321949850378,
                    556847877286431,
                    558032616210722,
                    558358197797024,
                    558433475619762,
                    558892016080993,
                    559842863132219,
                    561604684739024,
                    564616206473372,
                    565020390122451,
                    568901431510366,
                    572186073828265,
                    573767900523468,
                    573851852316852,
                    576313152716444,
                    576624529060777,
                    576874504697497,
                    577153916453262,
                    578224661471458,
                    578856083248351,
                    579656586099131,
                    583350333207780,
                    584217116139474,
                    587065796103120,
                    587669535192483,
                    592792708776319,
                    593102065246006,
                    597768472044703,
                    600179982751750,
                    600583358156891,
                    601000534535072,
                    601440269988372,
                    601603906866038,
                    602082770371066,
                    604883041984487,
                    609609500753196,
                    611579272742038,
                    612206643585093,
                    612640334623643,
                    612821302220884,
                    617021904160724,
                    617244669177560,
                    617309228629787,
                    618709483466270,
                    620849299055244,
                    621083126852990,
                    627738708322473,
                    628967244202734,
                    629396495678046,
                    630034340392901,
                    632152787169751,
                    632757066611488,
                    635939425862264,
                    640549605471712,
                    641596035529063,
                    644557275230225,
                    645793929303122,
                    646696401012575,
                    646731502743275,
                    646973138978211,
                    647900742708077,
                    648194556986076,
                    648990703275660,
                    649351154360370,
                    650654068363343,
                    655230244020599,
                    657226217132416,
                    657355507140185,
                    662135736889575,
                    663462366932727,
                    665636043678921,
                    667342688777044,
                    668170744538822,
                    670595660720839,
                    672641554971634,
                    676044446355190,
                    677261185301275,
                    677295740685782,
                    677738022893547,
                    679186583662682,
                    681266465716475,
                    682874745971459,
                    683897063771844,
                    685746125867239,
                    686035384279530,
                    686106466488739,
                    687211424722853,
                    688990372747831,
                    691020029667905,
                    691680901171966,
                    694869046270466,
                    700054088308311,
                    700366400626315,
                    701010566680671,
                    702400887447953,
                    702728791577749,
                    703127461004015,
                    704335484663791,
                    705302678110381,
                    706832134097576,
                    707962189637436,
                    710403353214581,
                    712661928452840,
                    715334925158742,
                    715377268215567,
                    715896323316677,
                    716020219332683,
                    716091343321154,
                    717568681000032,
                    717790011003345,
                    719139881875323,
                    722537026567926,
                    723332805980528,
                    724621545164802,
                    726012427583803,
                    726271575466251,
                    727030394121071,
                    731361512976697,
                    733617713228542,
                    734622692371860,
                    736290151677476,
                    736566880750337,
                    739389456325310,
                    742704052187442,
                    745420507633982,
                    746469097917429,
                    747026339202991,
                    748064810280445,
                    753113822684627,
                    753423569783277,
                    755196264392026,
                    758186007844395,
                    758453303481943,
                    758543555642030,
                    759237826018133,
                    770328708409334,
                    771613473168408,
                    772165475523258,
                    773304776019517,
                    774312511311396,
                    774594040074891,
                    774964429534347,
                    777891987478900,
                    779330069525835,
                    782210000583365,
                    783959071612606,
                    785243161415867,
                    788027556261557,
                    788033647567963,
                    788617127284627,
                    789488280089338,
                    790211243959626,
                    790890494413778,
                    792003960897692,
                    792629819473398,
                    794276713525849,
                    796762144732626,
                    797622366845781,
                    800060479182618,
                    802951804704904,
                    804618913432196,
                    806028047443770,
                    806167606439428,
                    811884284377466
                ],
                "molecule": "DNA",
                "num": 500,
                "seed": 42
            }
        ],
        "type": "mrnaseq",
        "version": 0.4
    }
]