class: sourmash_signature
email: titus@idyll.org
filename: SRR2255622_1.fastq.gz.trimnoV.fq.gz
name: disease mouse
signatures:
- ksize: 16
  md5sum: ed215a1bf9335a3dd9d0fc0f988140d9
  mins: [0, 123, 147, 1114, 1206, 3021, 3397, 3788, 4049, 4119, 4406, 4830, 6251,
    7125, 8777, 9199, 11374, 11735, 17452, 17783, 18461, 20544, 20633, 20750, 20945,
    24045, 24720, 25557, 26306, 28444, 33265, 33714, 34261, 35096, 35511, 38018, 38151,
    39081, 41500, 41805, 42787, 44747, 45736, 46003, 46772, 49483, 52187, 52227, 54167,
    54911, 55258, 55954, 56526, 57075, 57148, 57485, 61591, 61612, 62537, 62621, 63214,
    64134, 65082, 66074, 66300, 68853, 69347, 71689, 72393, 72791, 73454, 76460, 78478,
    79930, 82254, 82411, 82510, 83813, 84671, 85981, 88075, 90756, 91031, 91894, 91968,
    92551, 94022, 96234, 96313, 98686, 99814, 102236, 103588, 104415, 104709, 104967,
    105196, 106797, 107760, 107820, 108384, 108642, 109392, 110648, 111858, 114904,
    115086, 116469, 118894, 119265, 119602, 122393, 122964, 124219, 124710, 124869,
    125376, 125592, 126591, 126744, 128036, 128414, 129532, 129876, 130165, 130325,
    131852, 133211, 133961, 134291, 135594, 135930, 136230, 136484, 137356, 137752,
    140136, 140271, 140692, 140969, 141746, 143370, 143998, 146788, 148438, 149490,
    151000, 151515, 152351, 155485, 155614, 156464, 157131, 157952, 158184, 158240,
    160483, 160547, 162323, 165284, 165410, 165744, 166322, 168053, 169484, 170057,
    174094, 176058, 177252, 177575, 177733, 177963, 178660, 181552, 182810, 183596,
    185011, 185267, 186282, 188335, 189238, 189472, 189863, 191826, 192023, 192297,
    192363, 193222, 193663, 194155, 195678, 196754, 197467, 198051, 202392, 202821,
    204305, 204338, 204619, 205689, 208523, 208897, 210636, 211651, 211673, 212127,
    212507, 212862, 213052, 213115, 213795, 214401, 214545, 215312, 215609, 215731,
    217008, 217615, 218727, 220949, 221751, 221969, 223280, 224387, 225193, 225652,
    226481, 227054, 227556, 228211, 228810, 231484, 232070, 232470, 233804, 234517,
    234904, 236049, 236086, 236137, 236281, 237704, 238078, 238781, 240003, 241137,
    242322, 244083, 244347, 248254, 249044, 250335, 252598, 252704, 252735, 252824,
    253268, 253719, 255013, 255657, 255695, 256041, 256507, 258718, 261000, 262522,
    262579, 263131, 265499, 266718, 267398, 267791, 268256, 268705, 269841, 270378,
    271177, 271344, 271670, 273929, 275219, 275322, 275381, 275749, 276928, 278609,
    279095, 281053, 281966, 282792, 283314, 284533, 285286, 287457, 289869, 290341,
    290358, 290543, 290905, 291477, 291913, 292933, 293215, 293303, 293452, 294060,
    296017, 297328, 301006, 301372, 303252, 304421, 304492, 305785, 306079, 306273,
    306456, 307437, 307726, 308031, 309818, 311613, 311796, 312149, 312408, 312929,
    313476, 313744, 314163, 314799, 316839, 319336, 321520, 323489, 323601, 324633,
    325301, 325779, 327223, 328786, 330416, 330856, 331607, 334376, 334481, 335676,
    336555, 337366, 337453, 337920, 338040, 338069, 338829, 338918, 339057, 339266,
    339995, 340690, 342989, 343122, 344032, 345284, 345298, 345492, 346082, 346428,
    349636, 349933, 350045, 352135, 353221, 355096, 355202, 356102, 357053, 357333,
    359107, 360415, 361346, 361754, 362156, 364528, 365007, 371026, 371838, 371944,
    374316, 375204, 377241, 377344, 378559, 379087, 380025, 380229, 380361, 380914,
    382508, 383396, 384818, 385711, 387117, 388811, 389025, 393558, 394365, 394485,
    396935, 397807, 398676, 403913, 404170, 404550, 405845, 407256, 408034, 409193,
    409856, 410201, 410672, 411560, 412697, 414248, 414549, 415286, 415510, 415691,
    416141, 418131, 419345, 421041, 421068, 421286, 421538, 423556, 426946, 428390,
    430052, 431433, 431880, 432086, 432749, 433548, 435779, 436412, 436594, 436707,
    437068, 437337, 438466, 440283, 440290, 440658, 442068, 442642, 445708, 446543,
    446983, 449432, 451598, 453620, 456226, 456230, 456240, 457188, 457425, 457682,
    458708, 462842, 463034, 463382, 465330, 466380, 467709, 468203, 468294, 469636,
    470821, 471498, 471970, 474193, 474589, 474805, 475067, 477743, 477892, 477928,
    479504, 481520, 483249, 484590, 485662, 486459, 486697, 491116, 492835, 494709,
    497508, 498357, 499129, 499857]
  prime: 9999999967
- ksize: 22
  md5sum: b9b69723eb17f3c1280ea87242d4a500
  mins: [0, 1897, 2314, 2516, 2789, 6123, 7925, 9485, 10330, 10816, 11255, 11849,
    13685, 14097, 14563, 14924, 15482, 15799, 15943, 17788, 18217, 19523, 20354, 20803,
    21838, 22326, 24241, 24827, 25802, 25999, 28870, 30138, 30290, 30404, 33281, 34041,
    35221, 35474, 36185, 39354, 40076, 43497, 43653, 43930, 44080, 45144, 47445, 50760,
    50966, 50981, 53853, 54645, 56600, 57174, 59092, 60326, 60872, 63273, 63629, 63747,
    65774, 66258, 67305, 67524, 67608, 68552, 69784, 71268, 72360, 73371, 73830, 76432,
    78997, 79807, 80104, 80521, 81634, 82046, 82584, 84339, 84594, 85912, 86454, 87386,
    87884, 87996, 88224, 91109, 91449, 92129, 92772, 93640, 94477, 95900, 100246,
    100937, 102546, 103583, 104337, 104677, 107571, 107719, 107726, 109541, 112105,
    112475, 114100, 114175, 114270, 115000, 115961, 116145, 117658, 117729, 119351,
    119505, 119541, 119919, 121574, 122268, 122531, 124185, 124822, 125589, 126568,
    127221, 130252, 130896, 131663, 132983, 134694, 134817, 135803, 136536, 136678,
    139386, 140094, 141783, 142220, 142546, 143507, 145231, 145944, 146070, 147550,
    148229, 149124, 150088, 150219, 151465, 151634, 151906, 152002, 152839, 156524,
    156895, 157409, 157430, 157990, 160329, 160628, 161671, 162408, 163593, 165870,
    167131, 168042, 169414, 172161, 174413, 174649, 176029, 177096, 177952, 178125,
    181355, 182411, 182874, 183495, 183555, 186818, 188003, 189414, 189486, 190472,
    190626, 193951, 194117, 194745, 196413, 196939, 197241, 197359, 197522, 197874,
    198084, 199266, 200028, 201378, 201948, 202848, 203335, 203848, 205493, 206155,
    207078, 207341, 207485, 207534, 210328, 210496, 210767, 211523, 211708, 211772,
    214378, 215071, 216960, 217297, 217763, 218227, 218537, 219617, 221684, 222246,
    222716, 223987, 224771, 225557, 226278, 227477, 229543, 230550, 231710, 231906,
    233250, 235142, 236309, 237337, 237575, 237754, 238578, 239570, 240596, 240959,
    241081, 241137, 241924, 244358, 244922, 245175, 245347, 245604, 246192, 246194,
    247350, 247979, 248032, 249240, 250051, 250588, 251366, 251610, 251770, 252108,
    253601, 255643, 256390, 257098, 258512, 258532, 259020, 259077, 259422, 260198,
    261325, 261741, 264454, 264619, 267564, 268044, 268537, 269298, 269331, 271065,
    271216, 273306, 274216, 274328, 276365, 276644, 276943, 278082, 278428, 278463,
    281242, 282083, 284171, 287133, 287848, 288778, 289939, 290027, 290144, 290738,
    291211, 291973, 293642, 293917, 294357, 294747, 294786, 294806, 296897, 297845,
    298039, 298998, 300431, 300473, 300484, 301877, 302948, 302987, 304099, 304457,
    304970, 305112, 306807, 307691, 308545, 308902, 309465, 309708, 310644, 311928,
    312346, 312949, 313094, 313188, 314078, 315510, 315768, 316385, 317139, 317325,
    317369, 318689, 318819, 319481, 319707, 321051, 323384, 323747, 324227, 324705,
    325342, 326029, 326862, 327183, 327736, 328153, 328670, 330159, 331284, 331774,
    331884, 332343, 332395, 332507, 332995, 333401, 334839, 338495, 338723, 340284,
    342645, 346420, 347693, 349658, 349804, 354733, 356354, 359013, 360721, 361747,
    363315, 363759, 364365, 364386, 364853, 365489, 367191, 368298, 368356, 369712,
    370858, 371615, 374633, 376428, 376710, 376956, 377441, 378956, 379444, 379525,
    380560, 381421, 382746, 383028, 383246, 386033, 386499, 386506, 387823, 388024,
    388228, 390649, 391630, 392279, 392603, 392969, 393266, 394776, 395668, 395701,
    397060, 397981, 398110, 399460, 399489, 400281, 400998, 402939, 404632, 404775,
    404807, 404840, 405513, 405877, 407395, 411737, 412627, 412940, 413813, 415224,
    416813, 417913, 419077, 422581, 424214, 424810, 425081, 426264, 426755, 427978,
    431816, 433369, 433486, 434945, 436035, 436170, 437471, 438589, 438593, 442125,
    443647, 443767, 445122, 446140, 448640, 451955, 452285, 452684, 453394, 453629,
    453974, 455570, 455705, 456125, 456646, 456716, 457832, 458050, 459204, 460730,
    461066, 461555, 464277, 465462, 467538, 467720, 467985, 468736, 469140, 470780,
    471582, 473284, 474609, 474771, 475625]
  prime: 9999999967
- ksize: 31
  md5sum: c0a6e023e67bd3a3b937d627c3be30c1
  mins: [580, 823, 2085, 2980, 5675, 6431, 8055, 9155, 9280, 10319, 10522, 11057,
    12938, 15087, 17436, 17473, 18377, 19652, 19867, 20848, 21185, 22702, 24427, 24452,
    25703, 25927, 26066, 29473, 29506, 31366, 31511, 31933, 32111, 32524, 33307, 34796,
    36605, 39462, 41005, 41587, 42051, 43884, 45590, 45887, 46584, 47731, 48417, 49785,
    50786, 53699, 54037, 54220, 56008, 59860, 59940, 60727, 60788, 61685, 62172, 62258,
    62413, 63571, 64196, 66611, 69003, 69795, 70227, 70569, 71052, 71918, 74066, 74221,
    76297, 79797, 81609, 82491, 83266, 83471, 84247, 85547, 85925, 86195, 86559, 87101,
    88444, 89035, 89799, 92516, 92550, 92713, 93335, 94878, 97871, 98130, 99522, 100022,
    102125, 103304, 103792, 103888, 104077, 105754, 106267, 108869, 109805, 110188,
    110229, 111052, 113014, 113293, 113534, 113901, 114552, 115372, 115787, 116230,
    116499, 117969, 118130, 118688, 119242, 119380, 119862, 120561, 120797, 121116,
    121468, 122320, 122492, 122974, 124888, 126092, 126771, 126803, 127962, 131947,
    133064, 133859, 133906, 134819, 135232, 135591, 135831, 137074, 138071, 138247,
    138883, 139371, 139768, 140312, 140441, 142495, 143356, 146138, 146696, 148102,
    148585, 149589, 150092, 151426, 152809, 152826, 153547, 154265, 155504, 155875,
    155914, 159068, 162164, 163165, 163453, 163511, 164508, 165362, 165988, 166083,
    167093, 167827, 169912, 170632, 171318, 175651, 176309, 178114, 178450, 178615,
    178806, 178954, 182602, 183942, 184259, 184434, 186978, 187736, 188196, 188308,
    190081, 193316, 194606, 195280, 195285, 195647, 196748, 199049, 199595, 202330,
    204366, 205431, 210333, 213376, 217040, 218502, 218812, 219820, 220299, 226424,
    226624, 227047, 227170, 227888, 228364, 228507, 229563, 229705, 229976, 231337,
    231838, 233218, 236276, 238000, 239603, 239914, 240411, 241534, 241590, 241775,
    242827, 243091, 244540, 244883, 245445, 246119, 246531, 247013, 247543, 248491,
    248532, 251751, 252572, 253578, 254412, 256462, 257171, 257772, 258822, 259420,
    261119, 261711, 261741, 261874, 263112, 263749, 264695, 268364, 268564, 269026,
    269723, 270880, 272999, 273034, 273886, 274738, 274886, 275099, 278247, 278429,
    284316, 284759, 285115, 287645, 288237, 290186, 291425, 291493, 291732, 293219,
    294589, 295648, 296311, 296364, 297537, 297698, 299162, 302808, 303732, 306253,
    307281, 307620, 308218, 308528, 309768, 312158, 312210, 314192, 314598, 316548,
    317128, 317604, 319840, 320006, 321777, 322222, 322990, 323645, 325321, 330114,
    331086, 331299, 333907, 335145, 335518, 337794, 339126, 339186, 340174, 340433,
    340505, 341868, 343308, 344628, 344696, 346202, 346849, 355159, 355200, 356804,
    357164, 357321, 358360, 358555, 360083, 360129, 360888, 361425, 362012, 362739,
    363389, 364836, 367037, 367199, 367205, 367613, 368013, 369836, 370288, 370365,
    374773, 375128, 375172, 376789, 376833, 379567, 382087, 384020, 384495, 384598,
    386218, 387627, 388676, 389558, 391113, 391635, 391935, 393734, 394232, 394533,
    394869, 395311, 395342, 396693, 397232, 397506, 397654, 398785, 400306, 400844,
    403385, 403471, 403533, 405368, 406618, 408724, 409110, 411451, 412093, 412830,
    413043, 414112, 415437, 416800, 417492, 417879, 418030, 418168, 418970, 419993,
    420928, 421686, 424597, 425461, 426057, 428023, 428716, 432442, 432556, 432670,
    433545, 434055, 435135, 435844, 436169, 437185, 438037, 439134, 441292, 442299,
    444134, 444810, 446810, 449587, 449607, 450240, 451571, 452819, 453412, 454247,
    454544, 455281, 455408, 455415, 456892, 458931, 459158, 459323, 459893, 460664,
    460775, 461364, 462964, 463092, 464366, 467933, 468627, 470848, 473274, 473728,
    473776, 473821, 473993, 474080, 475091, 475787, 476393, 477308, 478016, 478063,
    478628, 479643, 480050, 481024, 482372, 483835, 483899, 484633, 485371, 486976,
    489991, 490330, 490928, 491034, 491603, 493944, 495547, 497818, 498752, 500101,
    500279, 501911, 501970, 502952, 503672, 503679, 506558, 507317, 507688, 509067,
    509179, 509596, 511072, 511364]
  prime: 9999999967
- ksize: 32
  md5sum: 27b55328638fed6a733e6ed329ef05fa
  mins: [0, 219, 294, 493, 1114, 2231, 3488, 4562, 10315, 12927, 13967, 14196, 17699,
    18704, 18716, 20333, 21377, 22065, 22569, 23550, 24651, 24890, 28075, 28187, 28986,
    29703, 29789, 31264, 32186, 32621, 32658, 32795, 33205, 34433, 35694, 36472, 37425,
    38216, 40596, 42075, 42268, 44060, 44192, 45473, 46435, 46795, 46932, 49685, 49837,
    52478, 52737, 53619, 53720, 54674, 57979, 59430, 59451, 60468, 61421, 62195, 62525,
    63803, 64007, 64175, 65297, 67838, 70607, 72501, 72539, 73568, 73702, 74170, 75960,
    76043, 76289, 77153, 77428, 77825, 78077, 78331, 78604, 80274, 80494, 84094, 85668,
    85900, 87425, 92710, 93556, 94552, 95302, 96020, 96941, 97844, 98012, 98095, 99780,
    99959, 100169, 101240, 101897, 102984, 103027, 103630, 104727, 105187, 105316,
    106452, 107435, 107817, 109303, 109664, 113165, 114509, 115743, 115758, 116896,
    118181, 118758, 119136, 121242, 122231, 122382, 123133, 123377, 123461, 124405,
    126244, 126248, 126720, 126742, 126844, 127362, 130170, 130302, 131576, 131845,
    132151, 133046, 133515, 133557, 134407, 134534, 135794, 136346, 136870, 137568,
    140666, 141629, 142143, 142621, 143143, 143696, 144508, 144711, 145692, 146372,
    149722, 150173, 150316, 150554, 150908, 153802, 155456, 155551, 158962, 158965,
    159164, 159299, 160031, 160458, 160855, 162466, 162563, 162571, 163427, 165163,
    165503, 165681, 166704, 167302, 167398, 169198, 170498, 170564, 170827, 171695,
    172343, 174402, 175395, 176755, 179274, 182209, 185344, 187932, 188365, 191001,
    191113, 192381, 192447, 194374, 195173, 196346, 196628, 197976, 201906, 202080,
    202084, 202579, 202728, 203243, 204380, 205877, 206670, 207257, 207839, 209741,
    212878, 214878, 215524, 215628, 215768, 216678, 217013, 218352, 218882, 220968,
    221024, 221197, 221306, 222587, 222982, 223161, 224722, 224918, 225856, 227900,
    228262, 228865, 230681, 231906, 233413, 233835, 235305, 235941, 236866, 237576,
    238488, 239869, 241168, 241612, 242329, 243350, 243355, 243358, 243625, 246746,
    249040, 249248, 250841, 254057, 254448, 254639, 257375, 259549, 260595, 261075,
    261321, 261839, 261991, 264129, 265496, 266122, 267097, 267214, 267456, 271109,
    271776, 271810, 272257, 272441, 272586, 273264, 273507, 273930, 274323, 275200,
    275540, 277612, 278675, 279079, 280165, 281338, 283330, 284414, 285018, 285641,
    287043, 288503, 290171, 290187, 291920, 293484, 293778, 293974, 294253, 294834,
    299831, 301224, 301434, 301999, 305691, 308293, 310130, 311089, 312902, 313947,
    314975, 317016, 318518, 319037, 320364, 320974, 321558, 322072, 322452, 322875,
    324919, 325977, 326507, 328621, 329191, 331624, 333144, 333303, 334532, 334660,
    334972, 335014, 335046, 335216, 335317, 336037, 336649, 336946, 337996, 338470,
    340165, 340529, 343943, 344117, 345722, 345928, 346854, 348199, 349845, 351845,
    354407, 354421, 355667, 357907, 358379, 358507, 359050, 360231, 361169, 364800,
    365117, 365785, 366566, 367234, 368597, 368717, 369472, 371738, 371860, 372242,
    372541, 372895, 373513, 375309, 375447, 379636, 380398, 380837, 382095, 383295,
    383981, 386555, 390931, 391085, 391102, 391251, 391270, 391413, 393771, 393916,
    394069, 395225, 395478, 396092, 396291, 396973, 398003, 399379, 399427, 399471,
    399608, 401052, 401750, 402352, 406073, 406256, 406810, 407398, 408635, 412602,
    413480, 414744, 415363, 415450, 416490, 418093, 419954, 420922, 421145, 423617,
    423737, 425013, 425217, 425714, 426055, 431050, 431191, 431904, 438396, 438876,
    439987, 440487, 440888, 441897, 442219, 443927, 443998, 446524, 446848, 447091,
    449207, 449262, 449855, 450223, 450415, 451116, 452705, 453181, 453454, 455896,
    456969, 456987, 457206, 458300, 458309, 459170, 460698, 462990, 463215, 464718,
    465783, 466122, 467073, 467496, 470218, 470455, 471219, 471494, 475629, 475943,
    476321, 476899, 480520, 482517, 483022, 483053, 483481, 483810, 483980, 483999,
    485059, 487581, 489525, 490088, 491092, 492998, 493109, 493401, 493876, 494693,
    495540, 495593, 501233]
  prime: 9999999967
type: mrnaseq
version: '0.2'
