class: sourmash_signature
email: titus@idyll.org
filename: SRR2060939_1.fastq.gz.trimnoV.fq.gz
name: house mouse
signatures:
- ksize: 16
  md5sum: 85829b2c8e93bcd3a9717b8e217a27ea
  mins: [0, 69, 123, 147, 4119, 11374, 29864, 33265, 34058, 37256, 42947, 48101, 50128,
    50228, 53069, 54167, 54970, 56676, 63214, 64758, 67875, 69347, 73454, 75346, 76329,
    78478, 79008, 80593, 80829, 81720, 83813, 85981, 90756, 90784, 91968, 97747, 98630,
    102236, 103580, 112213, 116204, 116688, 121487, 130165, 132927, 135280, 136230,
    138331, 144170, 151515, 151959, 154765, 164695, 165378, 169559, 172906, 177597,
    178128, 182701, 183268, 185837, 189472, 189616, 190326, 193363, 202392, 205237,
    212139, 215731, 216018, 221373, 223983, 228351, 237704, 242322, 243659, 248254,
    249044, 251555, 254143, 255657, 261240, 263804, 265592, 267398, 268705, 269912,
    273929, 276928, 283209, 291913, 299670, 304565, 306584, 307359, 307583, 307726,
    308245, 310411, 314610, 314995, 317076, 319712, 320381, 321513, 322118, 326128,
    329802, 334020, 334121, 334297, 335676, 337366, 339266, 340098, 346894, 348535,
    353221, 355067, 359218, 361754, 364078, 366452, 367458, 369570, 369875, 375554,
    376314, 376573, 377556, 381885, 386694, 387117, 394628, 395394, 404776, 407401,
    409266, 412697, 418131, 421068, 421538, 425317, 426381, 427147, 427402, 431433,
    432574, 433548, 434783, 437068, 437337, 440290, 441272, 446983, 453166, 453620,
    455735, 456226, 456230, 456240, 456860, 460389, 463382, 463631, 468294, 472140,
    473922, 475067, 477743, 485504, 485662, 485934, 489380, 494861, 500048, 500410,
    502866, 503796, 504500, 510362, 511262, 512263, 516803, 520284, 521877, 522299,
    523576, 523771, 524115, 526369, 526516, 527059, 527996, 528828, 538117, 541300,
    545716, 545951, 547018, 549589, 551411, 555643, 556408, 557667, 561260, 566937,
    567307, 568509, 569020, 573366, 575516, 580289, 581839, 583589, 584134, 592340,
    596449, 597652, 599133, 600350, 602281, 602759, 605201, 606869, 615401, 618763,
    621811, 621910, 623348, 629707, 632847, 636795, 641049, 641122, 651362, 651377,
    651882, 659286, 661992, 663749, 663950, 670775, 672335, 672363, 674948, 678700,
    679958, 684226, 692726, 700376, 705216, 705710, 706810, 707181, 710591, 716074,
    719703, 732772, 738899, 744648, 746103, 746671, 756612, 758278, 758434, 758796,
    759667, 761869, 775121, 778141, 778474, 779049, 781061, 781836, 788478, 789957,
    790160, 791337, 796968, 798787, 799240, 803642, 803762, 812865, 815293, 815664,
    817830, 821328, 825235, 831131, 835983, 836101, 844859, 845389, 851689, 854262,
    857136, 859445, 861693, 864844, 868867, 870506, 871934, 874648, 877414, 882112,
    883554, 891257, 895443, 896922, 898053, 899049, 900305, 903563, 906118, 906580,
    911660, 913552, 916759, 919633, 925819, 928572, 934562, 939880, 948994, 952720,
    954239, 955458, 955653, 955962, 957640, 957710, 961420, 976548, 983015, 989057,
    989545, 991376, 992760, 996534, 998262, 999488, 1000916, 1004986, 1011735, 1011844,
    1012735, 1018390, 1019543, 1022564, 1025709, 1025865, 1031868, 1035177, 1035251,
    1036017, 1040883, 1041223, 1042522, 1042800, 1045526, 1046345, 1047865, 1048491,
    1057407, 1058096, 1058209, 1062927, 1065361, 1067771, 1067777, 1070389, 1071124,
    1072840, 1073850, 1074469, 1078918, 1079062, 1079724, 1081677, 1082548, 1084566,
    1099029, 1100612, 1104391, 1114174, 1118683, 1121243, 1122846, 1124199, 1128894,
    1130978, 1134290, 1140857, 1142916, 1143263, 1146119, 1148041, 1153380, 1153862,
    1154965, 1155252, 1157351, 1157637, 1159176, 1159587, 1159982, 1162761, 1162934,
    1165233, 1173508, 1177043, 1179863, 1188876, 1191098, 1195684, 1201464, 1206308,
    1208344, 1210982, 1211139, 1213452, 1214295, 1214396, 1221137, 1224383, 1227969,
    1229282, 1230981, 1232953, 1235205, 1238742, 1239307, 1242563, 1243639, 1247916,
    1248627, 1250911, 1255148, 1257478, 1259072, 1269278, 1270260, 1275862, 1276090,
    1278714, 1280583, 1283471, 1283814, 1289892, 1293043, 1293618, 1294380, 1296188,
    1302936, 1304914, 1309327, 1313556, 1315065, 1315897, 1319580, 1323538, 1324050,
    1327974, 1328993, 1330480, 1331510, 1332155, 1333227, 1333858, 1335816, 1339193,
    1342925, 1343942, 1345256, 1353790, 1355888, 1357506, 1357822, 1358442, 1372985,
    1378562, 1380429, 1384757, 1386500, 1387581, 1387924, 1390445, 1391129, 1392734,
    1393619, 1393975, 1396442, 1396512, 1397903, 1398535, 1401959, 1402587, 1412035]
  prime: 9999999967
- ksize: 22
  md5sum: a061b54a6a073072319d408e661eedf4
  mins: [0, 359, 1897, 2485, 7050, 7523, 11688, 14097, 15943, 20354, 31584, 32284,
    43653, 55140, 63747, 64121, 67524, 71840, 72286, 72492, 76448, 76571, 80521, 82584,
    85159, 90030, 91014, 92772, 96495, 98997, 100051, 100937, 105816, 106556, 107726,
    111364, 111401, 115666, 119541, 119919, 130252, 130337, 131663, 132249, 135318,
    135780, 136678, 141762, 141813, 142760, 144752, 145231, 147550, 150219, 151676,
    153481, 156160, 157745, 159214, 165559, 165870, 170292, 173607, 174805, 177408,
    178298, 182874, 186818, 187577, 189585, 190102, 190386, 190626, 194117, 194321,
    196413, 198084, 199266, 200028, 200743, 202848, 204979, 205697, 212746, 214378,
    215960, 216960, 217733, 224214, 227547, 234637, 234976, 237180, 241137, 242035,
    246614, 249569, 251610, 259077, 261325, 261736, 264854, 268288, 269752, 271065,
    275954, 278394, 278675, 280309, 280926, 283466, 290933, 291973, 292347, 292862,
    294041, 298039, 302948, 303665, 308545, 312346, 315092, 318689, 318819, 321454,
    329738, 332395, 332822, 332995, 338174, 338495, 341164, 341765, 347693, 350177,
    357737, 359013, 360721, 362971, 368282, 369945, 377441, 377632, 378897, 379144,
    383641, 385862, 386033, 392969, 394444, 399345, 400281, 400998, 401708, 402939,
    408702, 422584, 425789, 431816, 433896, 435122, 436035, 442593, 443647, 448640,
    451955, 452308, 455373, 456125, 456418, 464156, 464746, 466167, 467985, 468736,
    470331, 472223, 475984, 476966, 477099, 488501, 488617, 490899, 492711, 497040,
    502588, 503904, 504214, 505565, 509038, 512540, 520326, 520517, 522220, 522927,
    524224, 524845, 525634, 534493, 534564, 537805, 539789, 541449, 546236, 547757,
    548161, 548334, 548832, 557775, 557839, 562045, 568778, 569599, 574046, 577963,
    583755, 584572, 586705, 590135, 595263, 597293, 599753, 602474, 606603, 611666,
    614596, 614853, 615757, 620963, 635898, 637392, 638072, 638264, 638675, 639699,
    639822, 648578, 653040, 654204, 667703, 673307, 673802, 678247, 682966, 689624,
    691383, 694603, 695373, 700709, 709906, 720414, 720771, 721279, 722893, 726615,
    733571, 734544, 736207, 738488, 743364, 743852, 746396, 748008, 748757, 754745,
    758256, 766975, 769884, 780063, 786039, 786803, 790196, 790285, 798602, 798885,
    799272, 803252, 806315, 806765, 807067, 807414, 809421, 810706, 813893, 814705,
    815290, 816066, 822091, 826185, 841016, 842255, 843371, 851379, 854448, 857306,
    859439, 863813, 866110, 868234, 870260, 875348, 876587, 878603, 884421, 884479,
    884959, 886053, 887192, 887315, 889747, 895985, 898569, 899579, 904572, 910117,
    912435, 916048, 920529, 920557, 923064, 923346, 923438, 924167, 926278, 928579,
    930226, 931873, 934004, 934682, 937367, 937680, 941657, 941817, 943028, 945413,
    946551, 947034, 948129, 950538, 950681, 953911, 956132, 962559, 966009, 969111,
    970903, 974820, 974994, 976134, 978102, 978229, 980384, 984491, 986321, 986417,
    991067, 992238, 995131, 1006767, 1010425, 1012624, 1015248, 1017320, 1020618,
    1023460, 1025006, 1027548, 1028297, 1031621, 1032634, 1033876, 1034104, 1035420,
    1041651, 1043478, 1043541, 1044497, 1045706, 1049600, 1050111, 1051355, 1053053,
    1053887, 1060190, 1062667, 1062840, 1063662, 1064870, 1068841, 1073614, 1074712,
    1081268, 1087219, 1094641, 1097184, 1097646, 1098019, 1099886, 1102724, 1105577,
    1106170, 1106366, 1108094, 1108176, 1108629, 1108841, 1118707, 1121326, 1122093,
    1123235, 1129766, 1137166, 1138616, 1148095, 1148113, 1148269, 1149997, 1150033,
    1150988, 1151577, 1153693, 1156526, 1158461, 1160098, 1160612, 1161549, 1162727,
    1166338, 1168551, 1169658, 1170025, 1177386, 1177963, 1178533, 1178874, 1180281,
    1181308, 1181558, 1181848, 1187164, 1189616, 1191857, 1192332, 1195233, 1197333,
    1197926, 1200530, 1201479, 1202299, 1204558, 1207858, 1209874, 1211623, 1219064,
    1220217, 1221255, 1221974, 1225043, 1231921, 1232148, 1233393, 1233811, 1239022,
    1241005, 1244019, 1244665, 1246553, 1254416, 1255209, 1258566, 1260249, 1265800,
    1266074, 1274920, 1277662, 1285985, 1287275, 1292351, 1298322, 1306655, 1314446,
    1317754, 1319638, 1320509, 1321912, 1322870, 1323034, 1325404, 1329271, 1334576,
    1340501, 1343899, 1345692, 1347829, 1348030, 1356205, 1356469, 1356476, 1359180,
    1361131]
  prime: 9999999967
- ksize: 31
  md5sum: 04eb55f58203f169c91929b7d9311ee0
  mins: [2085, 2894, 6431, 8662, 10709, 12938, 13217, 13523, 15374, 25703, 26066,
    28296, 30911, 32524, 33202, 35195, 35577, 41810, 45887, 48627, 50786, 56498, 59860,
    62258, 70569, 74721, 76806, 79797, 81974, 82491, 82532, 87101, 93335, 94878, 100621,
    103272, 103304, 109634, 109805, 112069, 112198, 113293, 113901, 116709, 119094,
    119241, 119862, 120797, 122016, 122492, 123185, 125075, 126092, 126407, 127826,
    130811, 133728, 137074, 139371, 143027, 143654, 146138, 148102, 148842, 150092,
    151290, 156562, 162730, 168297, 172687, 177062, 178450, 179208, 194960, 195647,
    200589, 203587, 209494, 211898, 212573, 215764, 218938, 224717, 224852, 227170,
    229705, 236276, 240734, 243613, 245888, 247411, 258754, 259420, 263316, 267318,
    270986, 274233, 275099, 284788, 290231, 290275, 291512, 296851, 302548, 312158,
    314019, 315267, 326927, 329378, 329907, 330980, 337756, 339186, 340174, 343022,
    343487, 346475, 350456, 354705, 358360, 358550, 362573, 363437, 365698, 367630,
    370803, 375916, 376754, 376789, 377092, 379323, 379859, 382420, 382604, 385690,
    386409, 394275, 397232, 397654, 398515, 400820, 401572, 403879, 404071, 406237,
    412093, 413043, 415837, 417492, 419946, 425883, 429141, 430333, 432670, 437605,
    444862, 449055, 449567, 452819, 454961, 462964, 464224, 465172, 466448, 468816,
    473821, 478628, 479643, 481078, 482372, 488398, 489328, 501911, 515186, 516805,
    520748, 522972, 523400, 524274, 524275, 526496, 536501, 538758, 540566, 544386,
    545921, 549236, 552141, 552762, 561314, 562125, 568283, 570466, 572378, 581244,
    581501, 582032, 583041, 584376, 588255, 589861, 589884, 590957, 591297, 591407,
    592180, 595766, 595930, 599519, 604400, 607757, 608252, 609786, 609806, 617101,
    617859, 617984, 622615, 628682, 629793, 636011, 637960, 640276, 641891, 642927,
    647238, 650232, 651148, 652082, 658903, 666423, 669474, 669956, 670071, 672935,
    673493, 674024, 675916, 675962, 683087, 683149, 683431, 684759, 684886, 687122,
    689289, 693603, 700942, 703737, 707775, 709343, 714833, 717543, 718741, 723442,
    723580, 725794, 726409, 729665, 731497, 732009, 739743, 742448, 742665, 743145,
    744008, 745450, 747975, 755658, 756480, 756938, 757541, 767068, 768742, 771691,
    772052, 774849, 775082, 775187, 776677, 779823, 780626, 781697, 785962, 788683,
    791934, 793322, 793554, 793679, 795586, 795842, 795876, 797267, 797935, 798783,
    809203, 809630, 821299, 821469, 826188, 827187, 828672, 833029, 836725, 838912,
    839699, 845878, 846465, 848092, 849746, 852173, 852561, 854560, 857020, 859623,
    863415, 878600, 879316, 881902, 883911, 889042, 890144, 892625, 892700, 900264,
    902642, 904952, 912260, 913635, 916251, 918228, 918674, 919099, 928344, 930119,
    933186, 934397, 934940, 935261, 935359, 935727, 940253, 944561, 945357, 948255,
    949024, 950677, 951022, 952624, 954646, 958620, 960216, 962071, 964453, 965809,
    970442, 970877, 973410, 977338, 977596, 977720, 978422, 982218, 988451, 989961,
    990028, 992758, 993427, 994323, 1000557, 1000612, 1000805, 1002155, 1002774, 1006563,
    1007239, 1007960, 1012171, 1012775, 1015196, 1017556, 1019009, 1020154, 1021302,
    1025305, 1029189, 1029881, 1032326, 1033263, 1033387, 1038355, 1041152, 1043952,
    1044122, 1045746, 1048083, 1049349, 1052649, 1053081, 1056569, 1057130, 1057471,
    1059534, 1060728, 1065367, 1069837, 1072167, 1077542, 1079811, 1084350, 1085924,
    1086105, 1086670, 1088727, 1089174, 1089469, 1095941, 1096861, 1097015, 1100438,
    1109234, 1109288, 1110028, 1111372, 1114654, 1116685, 1118971, 1119380, 1119558,
    1121726, 1127209, 1131903, 1133218, 1133590, 1136396, 1137658, 1138120, 1140878,
    1141631, 1144895, 1145697, 1145924, 1147342, 1148565, 1148780, 1155182, 1155232,
    1157561, 1160239, 1164276, 1164837, 1168125, 1171143, 1175677, 1182168, 1188383,
    1188516, 1190538, 1194360, 1197827, 1199655, 1202268, 1202946, 1204115, 1205803,
    1209046, 1212275, 1213809, 1218095, 1218559, 1222789, 1226023, 1226155, 1226209,
    1243327, 1245448, 1250232, 1251889, 1252476, 1255320, 1255330, 1255888, 1257192,
    1260273, 1261109, 1261657, 1262826, 1271358, 1272363, 1273309, 1273508, 1276581,
    1279355, 1281689, 1282912, 1285815, 1288003, 1290381, 1290444, 1291406]
  prime: 9999999967
- ksize: 32
  md5sum: 58fc4c7ca2c4e78cd3a706bc398bb860
  mins: [219, 6047, 11224, 12550, 17699, 18149, 19722, 21126, 22972, 24922, 25417,
    26018, 32795, 36472, 38916, 40635, 46620, 47560, 48336, 59573, 59727, 61421, 69405,
    70982, 74703, 76492, 80353, 84317, 93146, 95277, 96941, 99627, 99707, 103630,
    106779, 107817, 121233, 126244, 127362, 131845, 133515, 138130, 140666, 145711,
    146064, 150554, 151808, 152231, 161135, 166704, 166911, 167398, 174922, 178782,
    179576, 182489, 191113, 191872, 193254, 194407, 197098, 206380, 207220, 209421,
    210916, 220287, 220969, 222296, 222587, 223161, 227813, 228262, 235488, 238488,
    239393, 243625, 243657, 244256, 244555, 245874, 247884, 250344, 258601, 260479,
    266077, 266221, 267214, 269275, 277974, 278772, 280113, 285018, 290754, 291682,
    293389, 294236, 295437, 301224, 305691, 306231, 313947, 314652, 314758, 318801,
    320974, 322092, 322599, 322875, 326507, 331624, 336649, 337835, 339222, 339952,
    342081, 347389, 351845, 356760, 366658, 367442, 368395, 371244, 376826, 379544,
    387313, 390931, 393577, 393916, 395478, 398049, 405182, 406136, 409295, 409340,
    413480, 415363, 419473, 424102, 426153, 435732, 437794, 442219, 457692, 458300,
    458309, 466786, 468714, 469189, 470136, 476321, 480980, 483954, 486205, 486644,
    487581, 491294, 494051, 498021, 501522, 505712, 506879, 506935, 511532, 516171,
    516526, 517064, 519092, 522630, 526357, 527333, 529830, 532742, 539211, 543745,
    549180, 549183, 549305, 552126, 555844, 561496, 561725, 563401, 564895, 567532,
    568178, 568870, 571910, 575527, 581898, 583113, 586675, 588096, 591825, 601095,
    608117, 608154, 613729, 614755, 622469, 624750, 626935, 627690, 628062, 628366,
    632930, 635741, 636498, 639405, 642477, 643535, 644895, 645258, 650086, 653030,
    655021, 657328, 663022, 666411, 667017, 667445, 671656, 671958, 672408, 673762,
    676585, 678572, 686456, 689383, 690979, 692855, 695136, 697236, 698432, 699718,
    703093, 710504, 710958, 717910, 718147, 718252, 718570, 720093, 720470, 720555,
    722353, 725548, 727153, 737567, 742642, 745294, 750921, 750983, 753370, 753504,
    754083, 754741, 759599, 762461, 762699, 771192, 771250, 771518, 771981, 774999,
    775476, 786270, 786667, 787732, 795280, 797533, 798094, 799801, 803455, 809173,
    819538, 823375, 823472, 823649, 828286, 828395, 830187, 841317, 842178, 843038,
    849525, 849840, 850477, 851045, 851161, 853401, 853904, 865016, 870359, 875940,
    876109, 876507, 876720, 877911, 878862, 880565, 894338, 894637, 895914, 897499,
    900291, 900801, 908155, 910225, 914773, 925415, 925968, 926594, 929063, 929586,
    931593, 937293, 938246, 948315, 949742, 950643, 952690, 958033, 958400, 958817,
    965827, 967288, 968111, 968749, 970138, 971354, 975231, 977858, 985601, 989514,
    989872, 994110, 1002233, 1003452, 1003725, 1007434, 1016822, 1017025, 1021329,
    1021662, 1022667, 1023425, 1024972, 1026135, 1028246, 1028406, 1031522, 1037225,
    1038829, 1043541, 1046745, 1049916, 1051294, 1052732, 1060677, 1066746, 1076248,
    1082327, 1082443, 1085801, 1086092, 1089856, 1090424, 1090434, 1091287, 1102727,
    1106114, 1109472, 1114549, 1117731, 1120232, 1121948, 1124466, 1125535, 1126659,
    1130174, 1130205, 1134967, 1136732, 1138817, 1138858, 1139011, 1140818, 1143016,
    1152165, 1155665, 1158180, 1158954, 1160799, 1172612, 1173333, 1175757, 1176397,
    1178150, 1180063, 1185905, 1196388, 1199289, 1199448, 1205077, 1207343, 1211910,
    1215577, 1220846, 1225737, 1228386, 1233937, 1236373, 1240131, 1244716, 1247495,
    1248280, 1248959, 1249402, 1249767, 1249958, 1251490, 1252769, 1258807, 1260550,
    1261179, 1261420, 1263521, 1263744, 1266216, 1267832, 1271897, 1275233, 1286062,
    1287188, 1287509, 1292417, 1293945, 1301908, 1303356, 1304610, 1315947, 1320213,
    1320747, 1321464, 1321608, 1323592, 1329835, 1330380, 1338387, 1340446, 1341848,
    1342204, 1342459, 1342983, 1355159, 1356409, 1357425, 1359905, 1363018, 1363799,
    1364197, 1365370, 1367524, 1369781, 1375712, 1377303, 1379384, 1380215, 1382028,
    1382452, 1383807, 1384606, 1386957, 1389728, 1389967, 1391426, 1393227, 1396204,
    1397590, 1405662, 1406522, 1406954, 1407332, 1412008, 1414052, 1421289, 1425549,
    1426161, 1436829, 1439097, 1442010, 1442339, 1448259, 1451627, 1454457, 1455127,
    1459328, 1459367, 1466444, 1469098]
  prime: 9999999967
type: mrnaseq
version: '0.2'
