class: sourmash_signature
email: titus@idyll.org
filename: SRR2060939_1.fastq.gz.trimnoV.fq.gz
name: house mouse
signatures:
- ksize: 16
  md5sum: 4f5c759228ac681a563941c58f305907
  mins: [0, 9, 69, 123, 147, 576, 1114, 2416, 3615, 3788, 4119, 4406, 4545, 5139,
    6310, 7125, 7128, 7222, 8560, 8777, 9330, 10730, 10842, 11374, 11696, 13074, 14688,
    15176, 17714, 17903, 18461, 19070, 19263, 19501, 19738, 20544, 20633, 21062, 21469,
    21493, 21947, 22181, 22444, 24720, 25844, 28444, 29864, 30652, 32166, 33079, 33265,
    33448, 34058, 34261, 35096, 35511, 37256, 38018, 41500, 42947, 43101, 44931, 45736,
    46003, 46772, 47206, 47808, 48101, 49271, 50128, 50228, 50731, 51314, 51901, 53069,
    53793, 53891, 54167, 54504, 54777, 54970, 55633, 55783, 56526, 56676, 57075, 57148,
    58173, 58284, 61591, 62581, 63214, 63798, 64134, 64458, 64758, 65082, 65846, 66074,
    66205, 67205, 67875, 68170, 68427, 68673, 68801, 69347, 69872, 71326, 71851, 73454,
    74129, 74479, 75223, 75346, 76329, 76460, 76730, 77075, 77637, 77784, 78478, 79008,
    79044, 80593, 80829, 81720, 83813, 84471, 85230, 85981, 86683, 87563, 87813, 90121,
    90576, 90756, 90784, 91968, 92551, 93512, 93792, 93895, 94660, 94872, 95269, 95825,
    95931, 96045, 96313, 97747, 98630, 100770, 101047, 102236, 102297, 103183, 103362,
    103580, 103588, 103998, 104415, 104709, 104982, 105103, 105196, 105327, 105706,
    106797, 107387, 108109, 108642, 110252, 110372, 110648, 112213, 113340, 114190,
    114569, 114904, 115224, 115764, 115864, 115969, 116204, 116343, 116469, 116688,
    118316, 118479, 118621, 118894, 119265, 119348, 119602, 119871, 121487, 121772,
    122215, 122393, 122964, 123402, 123629, 123841, 124869, 125376, 125592, 126744,
    128136, 128378, 130165, 132927, 133435, 133754, 134291, 134568, 135027, 135091,
    135280, 136189, 136230, 136484, 136669, 137752, 138331, 138708, 139432, 140035,
    140271, 140283, 140692, 140969, 141509, 141746, 142701, 143216, 143316, 144170,
    146788, 146863, 147261, 148438, 148455, 149799, 150455, 151212, 151515, 151623,
    151886, 151959, 153582, 154765, 155602, 155667, 156775, 157131, 157952, 158240,
    159210, 160023, 160547, 162316, 162323, 162811, 164695, 165378, 165560, 166197,
    166769, 167669, 169559, 170057, 170412, 171321, 172779, 172906, 173863, 176058,
    176307, 177048, 177575, 177597, 177733, 177963, 178128, 178660, 180633, 181666,
    182701, 182723, 183268, 183596, 185011, 185267, 185837, 188202, 189231, 189238,
    189472, 189616, 190188, 190326, 191189, 191429, 192023, 192289, 192363, 193363,
    194155, 194764, 195071, 195733, 196754, 197643, 199292, 199806, 199807, 200872,
    202392, 202483, 204305, 205237, 207209, 207554, 208523, 208722, 210788, 210792,
    211556, 212139, 212862, 213052, 214401, 215385, 215731, 216018, 217008, 217615,
    221373, 221602, 221751, 222037, 222140, 222503, 222624, 223280, 223983, 224387,
    224510, 225193, 225206, 225324, 225480, 225652, 225660, 226481, 227054, 227430,
    228082, 228351, 229493, 229554, 230281, 231484, 232070, 232470, 233190, 235006,
    235247, 235795, 236281, 237704, 237751, 238748, 238781, 238871, 239044, 239344,
    240003, 240421, 241137, 241196, 242322, 242476, 243307, 243659, 244083, 245118,
    245221, 246726, 248254, 249044, 249140, 250656, 251194, 251421, 251555, 252276,
    252598, 252735, 252824, 253728, 254143, 254258, 254701, 255135, 255363, 255657,
    256041, 256709, 256714, 257234, 258164, 258663, 261240, 261439, 261707, 261922,
    262522, 262823, 262906, 263131, 263317, 263804, 265499, 265592, 265605, 266718,
    266947, 267392, 267398, 268256, 268313, 268705, 269570, 269912, 270378, 270810,
    271344, 271670, 271852, 273617, 273929, 274180, 275322, 275381, 275763, 276806,
    276928, 277112, 277127, 278609, 278843, 279264, 279529, 281265, 281277, 281547,
    281966, 282009, 282304, 283209, 283213, 283928, 284083, 285286, 285667, 286080,
    287085, 287457, 288856, 289869, 290528, 291477, 291510, 291913, 292933, 293181,
    293215, 294060, 294668, 294943, 295577, 296017, 296631, 297657, 299670, 299752,
    301372, 302921, 303252, 304055, 304257, 304421, 304428, 304565, 304634, 305785,
    306079, 306273]
  prime: 9999999967
- ksize: 22
  md5sum: 78875245dedc0d4ee619be656eb3c933
  mins: [0, 102, 108, 359, 1062, 1108, 1114, 1897, 2485, 3257, 3884, 4914, 6123, 6249,
    6355, 6571, 7050, 7481, 7523, 8415, 9485, 9557, 10660, 10666, 11177, 11688, 12880,
    13267, 13295, 13678, 13685, 14097, 14169, 15692, 15799, 15943, 16354, 17315, 17820,
    18178, 18217, 18486, 19523, 20016, 20354, 20680, 20803, 21344, 23776, 23944, 24827,
    25073, 25768, 25999, 26205, 26289, 27178, 28870, 28950, 29265, 29950, 31380, 31584,
    32284, 33281, 35221, 35474, 36011, 36185, 36191, 36287, 36944, 37190, 39842, 41075,
    41184, 41237, 41479, 43653, 43930, 44323, 45144, 47431, 48719, 50760, 50832, 51211,
    51393, 51936, 52430, 53353, 53853, 55140, 55175, 55399, 55593, 56717, 57767, 58685,
    60058, 60087, 60326, 60560, 60800, 60872, 62932, 63629, 63747, 64121, 65233, 65313,
    66167, 66747, 67305, 67524, 69397, 71070, 71268, 71840, 71911, 72286, 72360, 72492,
    72840, 73205, 73371, 75883, 76448, 76571, 77359, 77370, 78035, 78995, 79379, 80521,
    81047, 81321, 81634, 82584, 82940, 83225, 84539, 84594, 85159, 85857, 86454, 86609,
    86679, 88224, 88947, 89577, 90030, 90549, 90571, 91014, 91211, 91238, 91449, 92772,
    93701, 95620, 96495, 96748, 97540, 97578, 98997, 99427, 100051, 100246, 100655,
    100893, 100937, 101132, 102076, 102999, 104337, 104677, 104924, 105426, 105816,
    106556, 107726, 108915, 109213, 111364, 111401, 111685, 113678, 114175, 114506,
    115589, 115666, 116896, 118749, 119351, 119541, 119618, 119919, 120950, 121230,
    121453, 122203, 122357, 122647, 122926, 123338, 124185, 124270, 124579, 125010,
    126002, 126527, 127748, 128260, 130252, 130337, 130561, 131663, 132249, 132983,
    134817, 135318, 135780, 135812, 135817, 136255, 136678, 137116, 138130, 140094,
    141762, 141813, 142202, 142220, 142261, 142508, 142760, 143507, 144446, 144752,
    145231, 145803, 145961, 146070, 146642, 147502, 147550, 147902, 148459, 150088,
    150219, 151676, 152839, 153481, 154952, 155479, 155840, 156160, 157409, 157745,
    157990, 158073, 158272, 158430, 158604, 159214, 159272, 159611, 160372, 162523,
    162869, 162895, 163367, 163593, 165559, 165870, 166685, 167131, 167911, 167923,
    169414, 169637, 169950, 170141, 170292, 170443, 171830, 172044, 172062, 172878,
    173607, 174056, 174649, 174711, 174805, 175164, 177096, 177408, 178298, 179022,
    179717, 180758, 181355, 181368, 181487, 182401, 182867, 182874, 183495, 183555,
    185248, 186458, 186610, 186818, 187125, 187577, 187757, 189414, 189585, 190102,
    190386, 190472, 190626, 190963, 191132, 192469, 194117, 194321, 196413, 196525,
    197522, 197874, 198084, 199266, 199291, 199346, 199933, 200028, 200743, 201378,
    201608, 201656, 202848, 204979, 205633, 205697, 205722, 205919, 206016, 207341,
    207384, 207485, 207534, 208381, 209520, 210328, 211523, 211772, 211807, 212746,
    214107, 214378, 215579, 215960, 216960, 217733, 217763, 217802, 218227, 219619,
    220898, 221684, 221876, 222045, 222071, 222716, 222842, 223009, 224214, 224547,
    225357, 226278, 226591, 226606, 227477, 227547, 228955, 230550, 230867, 231442,
    232932, 233250, 234454, 234637, 234976, 235142, 236094, 236309, 236897, 237180,
    237406, 237658, 237818, 239288, 240239, 240768, 241137, 241762, 241924, 241947,
    242035, 242576, 244860, 245567, 245571, 245604, 246192, 246195, 246243, 246614,
    247222, 247979, 248822, 249117, 249240, 249298, 249350, 249569, 250393, 251236,
    251533, 251582, 251610, 252013, 252820, 253838, 258532, 259077, 260219, 261325,
    261736, 262824, 264619, 264854, 264927, 266672, 268060, 268244, 268288, 268879,
    269331, 269752, 271065, 271242, 273306, 274026, 274070, 274075, 275115, 275954,
    276216, 278394, 278428, 278463, 278675, 278932, 279375, 280251, 280309, 280926,
    281242, 282083, 282696, 283421, 283466, 286493, 288239, 288433, 288587, 289699,
    290129, 290144, 290933, 291354, 291973, 292002, 292116, 292347, 292599, 292862,
    292933, 293917, 294041, 294516, 295903, 297821, 298039, 299462, 299783, 300274]
  prime: 9999999967
- ksize: 31
  md5sum: 9e289bb5feb11d060a54d268f98c822d
  mins: [134, 580, 1765, 2085, 2291, 2548, 2894, 2980, 6305, 6431, 7481, 8662, 9192,
    9489, 9694, 10319, 10638, 10709, 11057, 11504, 12012, 12938, 12963, 13217, 13523,
    14654, 15028, 15374, 17085, 17371, 17473, 18156, 18377, 19686, 20141, 20548, 20848,
    21185, 21760, 21913, 22367, 22415, 22646, 22733, 22782, 23810, 24427, 24452, 24849,
    25419, 25465, 25703, 26066, 26873, 28116, 28296, 29506, 30104, 30911, 32111, 32524,
    33202, 33318, 34566, 35195, 35577, 37512, 37798, 37858, 38606, 41005, 41810, 42051,
    42295, 42498, 42777, 42925, 44210, 45424, 45590, 45887, 46634, 48627, 49253, 49731,
    50286, 50786, 52172, 52212, 52717, 52843, 53699, 56008, 56229, 56498, 57712, 58194,
    59860, 59940, 60715, 60727, 61587, 62258, 63265, 63571, 64098, 66611, 67012, 68145,
    68412, 68504, 69003, 69795, 70029, 70569, 71010, 71569, 72079, 72138, 72210, 72397,
    74221, 74721, 76806, 76975, 77055, 77216, 77230, 77442, 77822, 78739, 79318, 79797,
    80069, 80210, 80299, 80571, 81974, 82262, 82284, 82491, 82532, 83993, 84395, 84955,
    85925, 86195, 86559, 86968, 87101, 87850, 88175, 88528, 88569, 88795, 89010, 89799,
    89865, 90963, 91120, 91166, 91238, 91381, 91443, 91814, 92500, 93076, 93335, 94835,
    94878, 95148, 96186, 97871, 100022, 100621, 100751, 101318, 101355, 102415, 102539,
    103272, 103304, 103698, 104396, 106059, 108043, 108523, 108869, 109537, 109634,
    109805, 109851, 109969, 110229, 111164, 112069, 112198, 113293, 113501, 113534,
    113707, 113901, 114552, 114723, 115687, 116709, 117949, 119094, 119163, 119241,
    119380, 119546, 119587, 119862, 120399, 120568, 120797, 122016, 122345, 122492,
    123140, 123185, 123513, 123770, 125075, 125576, 125978, 126092, 126345, 126407,
    126510, 127103, 127826, 127962, 128527, 130811, 133728, 133859, 133906, 133964,
    134297, 134323, 135232, 135828, 136762, 137074, 137750, 137778, 138057, 138247,
    139371, 140357, 142495, 142534, 143027, 143654, 143676, 143713, 143720, 145009,
    146138, 146696, 146861, 147847, 148102, 148500, 148585, 148842, 148883, 150092,
    151290, 151426, 152231, 152826, 153528, 153888, 154251, 154772, 155084, 155504,
    156562, 156821, 157505, 157535, 158366, 158470, 159068, 159199, 160689, 160754,
    162730, 163453, 164946, 166083, 166207, 167093, 167827, 168254, 168297, 169913,
    170839, 171338, 172687, 174258, 175651, 175707, 176807, 177062, 178114, 178421,
    178450, 178806, 178870, 179208, 180826, 182416, 182864, 183136, 184404, 186405,
    186978, 188196, 188308, 188335, 188485, 190266, 191622, 192128, 192518, 194960,
    195285, 195647, 198073, 199049, 199313, 200589, 200696, 201058, 201361, 203587,
    205431, 206022, 207217, 207387, 207714, 207816, 209048, 209304, 209494, 210266,
    210595, 210742, 211898, 212260, 212573, 212629, 212773, 213621, 214298, 215683,
    215764, 216570, 218812, 218938, 218958, 218961, 219485, 220017, 221486, 222004,
    222140, 224717, 224852, 225019, 225791, 226088, 226497, 227170, 228294, 228407,
    228507, 228614, 229563, 229705, 229741, 229976, 230545, 230585, 231337, 232188,
    233218, 233738, 235375, 235474, 235864, 236276, 237233, 237755, 238557, 238788,
    239904, 240411, 240528, 240583, 240734, 241531, 241534, 241590, 243091, 243613,
    244162, 244540, 244883, 245327, 245445, 245888, 246119, 247411, 247607, 248019,
    248980, 252572, 253807, 254395, 254412, 254941, 255963, 256033, 256462, 256889,
    257630, 258154, 258754, 258791, 259219, 259420, 259568, 260703, 262291, 263316,
    264006, 264695, 265936, 266344, 267318, 268364, 269026, 269284, 269469, 269723,
    270444, 270947, 270986, 274233, 275099, 276240, 276384, 276665, 276982, 278459,
    278731, 279316, 280907, 281414, 282340, 284759, 284788, 285312, 285797, 285943,
    286262, 286394, 286684, 287645, 288198, 288237, 288864, 290033, 290231, 290275,
    291512, 292110, 293680, 294512, 295981, 296431, 296851, 297182, 299322, 299966,
    300568, 301634, 302548, 303422, 303732, 305219, 305438, 306253, 306881, 308745]
  prime: 9999999967
- ksize: 32
  md5sum: ce1afbb6cb3bcb374d51e48f9cf9a28f
  mins: [0, 219, 285, 1114, 1195, 2743, 3029, 3370, 3426, 4562, 4758, 6022, 6047,
    7942, 9308, 10011, 10186, 10315, 11016, 11224, 11411, 12550, 12927, 14196, 14780,
    14812, 15617, 16615, 17699, 17734, 18149, 18560, 18704, 19003, 19721, 19722, 21126,
    21446, 21467, 22121, 22972, 24922, 25417, 25634, 25696, 26018, 26083, 27226, 27281,
    27437, 27543, 27686, 28075, 28986, 30016, 30402, 30554, 30768, 31729, 32186, 32317,
    32621, 32658, 32795, 34459, 34504, 35544, 36080, 36472, 36523, 36899, 38216, 38916,
    39283, 39635, 39924, 40596, 40635, 41960, 42389, 43105, 44192, 45103, 45799, 46435,
    46620, 47560, 47783, 48336, 48614, 49278, 50551, 51040, 51660, 52235, 52278, 53491,
    53619, 53840, 54030, 54264, 56295, 57855, 58444, 59430, 59573, 59727, 60468, 60858,
    61232, 61421, 62013, 62611, 64007, 64106, 64107, 65347, 65673, 65696, 67279, 67558,
    69405, 70607, 70982, 71039, 71546, 73924, 74703, 75386, 75663, 76289, 76492, 77153,
    78133, 78331, 78799, 79990, 80353, 80572, 81251, 81624, 82840, 83434, 84007, 84317,
    85668, 86676, 87425, 88722, 89005, 90795, 93146, 93238, 94524, 95277, 95302, 96436,
    96941, 97844, 98012, 98918, 99401, 99627, 99707, 99780, 100169, 101240, 101953,
    102137, 102382, 102984, 103027, 103630, 103647, 103954, 104302, 106779, 107138,
    107657, 107817, 107857, 108836, 109664, 110361, 111866, 112287, 114609, 114907,
    115225, 115379, 115407, 115743, 118691, 120221, 120738, 121233, 121571, 122090,
    122231, 122589, 123143, 124405, 125884, 126244, 126844, 127362, 127616, 127771,
    128272, 130170, 131088, 131845, 132696, 133515, 133557, 134534, 135794, 136870,
    137033, 138130, 139124, 139770, 140239, 140666, 140704, 141075, 141629, 142621,
    144668, 145692, 145711, 146064, 146224, 146372, 146376, 146589, 146795, 148024,
    148579, 148641, 149265, 149722, 150554, 150900, 151017, 151120, 151392, 151808,
    152109, 152231, 153020, 153394, 155427, 155728, 156067, 157076, 157494, 157835,
    158543, 159164, 159529, 160031, 161135, 161170, 161604, 163038, 163146, 163427,
    166704, 166911, 167302, 167398, 167903, 168201, 168815, 169198, 169285, 169735,
    171349, 171371, 171465, 172227, 172343, 172405, 172618, 173644, 174922, 175395,
    178782, 179576, 180763, 182110, 182117, 182209, 182489, 182526, 182763, 184214,
    184679, 184730, 185344, 187932, 188028, 189266, 189347, 190745, 191113, 191360,
    191872, 192272, 192900, 192921, 193254, 194395, 194407, 196182, 197012, 197098,
    197677, 197976, 198602, 199886, 201906, 202043, 202084, 202302, 202579, 205412,
    206380, 207220, 207822, 208904, 209053, 209421, 210442, 210916, 211466, 212277,
    212878, 213544, 214579, 214878, 215760, 215768, 216707, 216990, 217013, 218942,
    219268, 219621, 220287, 220969, 221230, 222258, 222296, 222587, 222982, 223161,
    223203, 224722, 225394, 225856, 227190, 227813, 228249, 228262, 229157, 231528,
    232901, 233413, 233760, 234645, 235305, 235488, 236156, 236805, 236866, 238488,
    238518, 238871, 238963, 239393, 240454, 242329, 243350, 243625, 243657, 244028,
    244256, 244555, 244970, 245874, 246275, 246746, 246805, 246924, 247455, 247884,
    248154, 248205, 249248, 250344, 250430, 250602, 251528, 251874, 252079, 252102,
    253368, 254438, 254448, 254850, 254969, 256126, 257375, 257411, 258016, 258601,
    260479, 261321, 261613, 261839, 261991, 262468, 263385, 263780, 264129, 264292,
    265453, 265470, 265496, 265650, 266077, 266122, 266221, 267097, 267214, 267288,
    267456, 268676, 268846, 269275, 269712, 271810, 272195, 272241, 273034, 273042,
    273583, 276741, 277148, 277612, 277974, 278675, 278772, 279101, 280113, 280649,
    281338, 281730, 282939, 284392, 284414, 285018, 285698, 286543, 287950, 288503,
    289041, 289119, 290171, 290386, 290754, 291682, 292516, 293389, 294236, 294397,
    295265, 295437, 296875, 298141, 300802, 301224, 301535, 302857, 302963, 303805,
    304372, 305167, 305382, 305691, 306231, 307316, 308221, 311089, 311210, 312893,
    312902, 312998]
  prime: 9999999967
type: mrnaseq
version: '0.2'
