class: sourmash_signature
email: titus@idyll.org
filename: SRR2255622_1.fastq.gz.trimnoV.fq.gz
name: disease mouse
signatures:
- ksize: 16
  md5sum: f25a4bf1293aaf28eed621db686c78b8
  mins: [0, 123, 147, 576, 1114, 1206, 1208, 2963, 3021, 3188, 3284, 3397, 3788, 4049,
    4119, 4267, 4406, 4724, 4830, 6251, 7125, 7128, 8777, 9199, 10730, 11374, 11696,
    11735, 11742, 17452, 17783, 17828, 17903, 18461, 19070, 19942, 20544, 20633, 20750,
    20945, 21257, 22181, 24045, 24720, 25557, 25844, 26306, 27194, 28444, 29180, 32626,
    33265, 33714, 34261, 35096, 35511, 37256, 38018, 38151, 39081, 41500, 41805, 42787,
    43710, 44747, 45736, 46003, 46772, 46779, 49483, 50091, 50239, 51289, 52187, 52227,
    53013, 53891, 54167, 54777, 54868, 54911, 54970, 55258, 55633, 55954, 56526, 57075,
    57148, 57485, 58173, 58828, 58971, 60952, 61380, 61591, 61612, 62537, 62621, 63214,
    64134, 65082, 65846, 66074, 66300, 67875, 68739, 68853, 69347, 70082, 71689, 72393,
    72791, 73454, 76460, 77784, 78478, 79930, 80699, 80829, 82254, 82411, 82510, 83813,
    84671, 85981, 88075, 88916, 90756, 91031, 91894, 91968, 92551, 94022, 96234, 96313,
    98686, 99437, 99814, 101207, 102236, 103362, 103588, 104415, 104709, 104967, 105196,
    106797, 107760, 107820, 108384, 108642, 109392, 110648, 111858, 112038, 114904,
    115086, 116469, 118894, 119265, 119602, 122393, 122964, 124219, 124710, 124869,
    125376, 125592, 126591, 126744, 128036, 128414, 129532, 129876, 130165, 130325,
    131852, 133211, 133228, 133961, 134291, 135091, 135594, 135663, 135930, 136230,
    136484, 137356, 137752, 139241, 140136, 140271, 140692, 140969, 141746, 143370,
    143998, 146788, 147721, 148438, 149490, 150949, 151000, 151515, 151534, 152351,
    153124, 153488, 155485, 155614, 156464, 157131, 157952, 158184, 158240, 158713,
    160483, 160547, 162323, 164448, 165284, 165378, 165410, 165744, 166322, 168053,
    168145, 169484, 170057, 174094, 174699, 176058, 177252, 177575, 177637, 177733,
    177963, 178308, 178660, 180326, 181552, 182082, 182723, 182810, 183238, 183596,
    183914, 185011, 185267, 186150, 186282, 188335, 189238, 189472, 189863, 191826,
    192023, 192297, 192363, 193222, 193663, 194155, 195514, 195678, 196754, 197467,
    198051, 200502, 200787, 201716, 202299, 202307, 202392, 202821, 204305, 204338,
    204619, 205689, 208523, 208897, 209273, 210636, 210792, 211651, 211673, 211873,
    212127, 212507, 212862, 213052, 213115, 213492, 213795, 214401, 214545, 215312,
    215351, 215609, 215731, 217008, 217356, 217615, 218727, 219805, 220949, 221751,
    221969, 223280, 223476, 223485, 224387, 225193, 225209, 225551, 225652, 226481,
    227054, 227556, 228211, 228810, 230749, 231406, 231484, 232070, 232470, 233358,
    233804, 234517, 234904, 235517, 236049, 236086, 236137, 236281, 237671, 237704,
    238078, 238781, 240003, 241137, 242322, 243659, 244083, 244347, 245118, 248254,
    249044, 249887, 250335, 252598, 252704, 252711, 252735, 252824, 253268, 253719,
    255013, 255657, 255695, 256041, 256507, 256709, 257234, 257873, 258061, 258718,
    261000, 261707, 262522, 262579, 262823, 263131, 265499, 266718, 267392, 267398,
    267791, 268256, 268705, 269841, 270378, 271177, 271344, 271670, 273929, 274481,
    275219, 275322, 275381, 275749, 276928, 278004, 278609, 279095, 281053, 281415,
    281966, 282792, 283314, 284533, 285286, 287457, 289306, 289869, 290341, 290358,
    290543, 290905, 291477, 291913, 292933, 293215, 293303, 293452, 294060, 294348,
    296017, 297328, 301006, 301372, 303252, 304421, 304492, 305785, 305901, 306079,
    306273, 306367, 306456, 306584, 307437, 307726, 308031, 308245, 309785, 309818,
    310861, 311613, 311796, 312149, 312408, 312929, 313476, 313615, 313744, 314163,
    314799, 316839, 317134, 319336, 319970, 321520, 323489, 323601, 323610, 324633,
    325301, 325779, 326028, 327223, 328786, 330416, 330856, 331607, 334376, 334481,
    335089, 335619, 335676, 336555, 337366, 337453, 337920, 338040, 338069, 338829,
    338918, 339057, 339266, 339995, 340537, 340690, 342329, 342989, 343122, 343991,
    344032, 345284, 345298, 345492, 346082, 346428, 347430, 349636, 349773, 349933,
    350045, 350955, 352135, 353221]
  prime: 9999999967
- ksize: 22
  md5sum: f2f0c3f7f4a50d02e0b0537af5b1b324
  mins: [0, 846, 1897, 2314, 2516, 2789, 3113, 4947, 6123, 7925, 9485, 10330, 10558,
    10816, 11255, 11506, 11849, 11889, 12391, 13685, 13917, 14097, 14396, 14563, 14924,
    15482, 15760, 15799, 15943, 17788, 18071, 18178, 18217, 19523, 20354, 20803, 21838,
    22326, 23776, 23779, 24241, 24827, 25802, 25999, 28143, 28870, 30138, 30290, 30404,
    31764, 33281, 34041, 35221, 35474, 36185, 38769, 39354, 40076, 41380, 42323, 43497,
    43653, 43930, 44080, 44482, 45008, 45144, 45146, 46154, 47421, 47445, 47630, 50760,
    50966, 50981, 51819, 53809, 53853, 54645, 55140, 56600, 57174, 57613, 58904, 59092,
    60204, 60326, 60872, 62389, 63273, 63629, 63747, 64596, 64780, 65233, 65774, 66258,
    67305, 67524, 67608, 68552, 69784, 69841, 71268, 72065, 72360, 73371, 73830, 76432,
    78285, 78997, 79807, 80104, 80232, 80521, 81634, 82046, 82584, 83494, 84339, 84594,
    84874, 85595, 85912, 86042, 86454, 87386, 87884, 87996, 88224, 91109, 91449, 92129,
    92772, 93597, 93640, 94477, 95900, 98997, 100246, 100655, 100893, 100937, 102176,
    102546, 102753, 103583, 104337, 104677, 107571, 107719, 107726, 109541, 111270,
    112105, 112475, 114100, 114175, 114270, 115000, 115045, 115961, 116145, 117658,
    117729, 119351, 119505, 119541, 119678, 119919, 121574, 122268, 122531, 124185,
    124822, 125589, 126002, 126568, 127221, 130252, 130896, 131663, 131783, 132249,
    132983, 133075, 133531, 134694, 134817, 135803, 136536, 136602, 136678, 139386,
    140094, 141783, 142008, 142220, 142546, 143150, 143507, 145231, 145944, 146070,
    147550, 147845, 148229, 149124, 149565, 150088, 150219, 151465, 151634, 151906,
    152002, 152839, 154952, 156318, 156524, 156895, 157376, 157409, 157430, 157635,
    157990, 158916, 160329, 160628, 161671, 162408, 162523, 163593, 165870, 166525,
    167131, 167911, 168042, 169414, 169950, 170415, 172161, 173684, 174413, 174649,
    175609, 176029, 177096, 177952, 178125, 178688, 181355, 181368, 182347, 182411,
    182874, 183495, 183555, 186818, 188003, 189414, 189486, 190472, 190626, 192882,
    193452, 193951, 194117, 194745, 194845, 196413, 196939, 197241, 197359, 197522,
    197874, 198084, 198372, 199266, 199291, 200028, 201378, 201948, 202848, 203335,
    203848, 204795, 205493, 206155, 206257, 206379, 207078, 207341, 207485, 207534,
    208381, 210328, 210496, 210767, 211523, 211708, 211772, 214378, 214782, 214876,
    215071, 216960, 217297, 217529, 217763, 217802, 218227, 218537, 219617, 221684,
    222246, 222716, 223987, 224535, 224771, 225557, 226278, 227477, 228482, 229543,
    230290, 230550, 231111, 231710, 231906, 233250, 233810, 233837, 235142, 236309,
    237337, 237575, 237658, 237754, 238578, 239104, 239570, 239992, 240596, 240959,
    241081, 241137, 241924, 243611, 244358, 244860, 244922, 245175, 245347, 245604,
    246192, 246194, 246992, 247350, 247755, 247979, 248032, 249240, 250051, 250588,
    251366, 251610, 251770, 252108, 253601, 255643, 256390, 257098, 258512, 258532,
    259020, 259077, 259422, 260198, 261325, 261741, 262168, 263952, 264215, 264454,
    264619, 266340, 266383, 267564, 268044, 268537, 269298, 269331, 271065, 271216,
    271242, 273306, 274216, 274328, 276365, 276644, 276943, 278082, 278394, 278428,
    278463, 279375, 279393, 281242, 281875, 282083, 284171, 286783, 287133, 287848,
    288778, 289939, 290027, 290144, 290738, 291211, 291973, 292638, 293642, 293917,
    294036, 294357, 294747, 294786, 294806, 296897, 297845, 298039, 298998, 300431,
    300473, 300484, 301877, 302948, 302987, 303906, 304079, 304099, 304398, 304457,
    304500, 304970, 305112, 305681, 306807, 307190, 307691, 308545, 308902, 309465,
    309677, 309708, 310644, 311928, 312346, 312949, 313094, 313188, 314078, 314900,
    315510, 315553, 315768, 316385, 317139, 317325, 317369, 318689, 318798, 318819,
    319481, 319707, 321051, 323119, 323384, 323647, 323747, 324227, 324705, 325085,
    325342, 326029, 326862, 327183, 327736, 328153, 328670, 330159, 331284, 331774,
    331884, 332343, 332395, 332507, 332995, 333401]
  prime: 9999999967
- ksize: 31
  md5sum: a85a5f0f4cb328895aec9321ba6b7a35
  mins: [472, 580, 823, 873, 2085, 2933, 2980, 5675, 6431, 8055, 9155, 9280, 9489,
    9883, 10319, 10522, 11057, 11083, 12938, 12963, 13116, 15087, 15796, 17436, 17473,
    17710, 18377, 18621, 19007, 19652, 19867, 20848, 21185, 21913, 22702, 22739, 23550,
    24427, 24452, 24742, 25703, 25927, 26066, 27429, 29221, 29473, 29506, 31366, 31511,
    31933, 32111, 32524, 33307, 34796, 36605, 37512, 37858, 39462, 41005, 41587, 42051,
    43884, 45590, 45887, 46584, 47731, 48070, 48417, 49785, 50786, 51952, 52172, 53699,
    54037, 54220, 54464, 56008, 56498, 58418, 59860, 59940, 60727, 60788, 61685, 62058,
    62172, 62258, 62413, 62518, 63265, 63484, 63571, 64196, 66611, 69003, 69228, 69795,
    70227, 70569, 71010, 71052, 71918, 74066, 74221, 76297, 79797, 80032, 81609, 82207,
    82491, 82710, 83266, 83471, 84247, 85547, 85925, 86195, 86442, 86559, 87101, 88089,
    88444, 89035, 89799, 90506, 92516, 92550, 92713, 93335, 93853, 94709, 94878, 95945,
    97724, 97871, 98130, 99522, 100022, 100279, 100731, 102125, 102539, 103304, 103792,
    103888, 104077, 105519, 105754, 106267, 108715, 108869, 109463, 109805, 110188,
    110229, 110721, 111052, 111790, 113014, 113293, 113534, 113901, 114083, 114552,
    115009, 115372, 115787, 116230, 116499, 116547, 116714, 117969, 118130, 118688,
    119094, 119242, 119380, 119587, 119862, 120561, 120797, 121116, 121468, 122320,
    122492, 122974, 124888, 125671, 126092, 126771, 126803, 127962, 131410, 131757,
    131947, 133064, 133102, 133859, 133906, 134207, 134819, 135232, 135591, 135831,
    137074, 138071, 138212, 138247, 138883, 139371, 139768, 140312, 140441, 142495,
    142771, 143356, 146138, 146696, 148102, 148585, 149589, 150092, 151156, 151268,
    151426, 152485, 152645, 152809, 152826, 153547, 154251, 154265, 155084, 155504,
    155875, 155914, 159068, 161065, 162164, 163165, 163453, 163511, 163998, 164153,
    164508, 165362, 165988, 166083, 167093, 167827, 168882, 169912, 170632, 171318,
    171912, 175588, 175651, 176309, 177062, 178114, 178325, 178450, 178615, 178806,
    178954, 181228, 182416, 182602, 182754, 183942, 183997, 184259, 184434, 186270,
    186978, 187736, 188068, 188196, 188308, 190081, 190413, 192128, 193316, 194350,
    194606, 195280, 195285, 195647, 196748, 199049, 199595, 201499, 202330, 203031,
    204366, 205431, 206988, 207330, 208190, 210333, 213376, 217040, 218502, 218812,
    219820, 220299, 223532, 226424, 226624, 227047, 227170, 227888, 228113, 228364,
    228507, 229563, 229705, 229976, 230818, 231337, 231615, 231838, 232079, 233218,
    236276, 238000, 239577, 239603, 239914, 240411, 240583, 240782, 241534, 241590,
    241645, 241775, 242827, 243091, 244540, 244789, 244883, 245445, 246119, 246531,
    247013, 247543, 248019, 248185, 248491, 248532, 248674, 249387, 251418, 251751,
    252149, 252343, 252572, 253578, 254395, 254412, 254644, 256462, 257171, 257253,
    257772, 258259, 258822, 259420, 261119, 261711, 261741, 261874, 263112, 263749,
    264695, 268364, 268564, 269026, 269723, 270550, 270880, 270899, 272890, 272999,
    273034, 273886, 274738, 274886, 275099, 276240, 276384, 277622, 278205, 278247,
    278429, 279712, 280585, 281316, 281414, 284316, 284653, 284759, 285115, 286394,
    287645, 288237, 290186, 291425, 291493, 291732, 292110, 293219, 293422, 294589,
    295648, 296311, 296364, 297537, 297698, 299162, 299241, 301634, 302808, 303732,
    306253, 307281, 307620, 308218, 308528, 309768, 312158, 312210, 312794, 313999,
    314192, 314598, 315902, 316439, 316548, 317128, 317604, 319840, 320006, 320073,
    320618, 321777, 322222, 322853, 322990, 323645, 325321, 327785, 330114, 330289,
    331086, 331299, 331941, 332508, 332939, 333907, 334190, 335145, 335518, 337794,
    337925, 339126, 339186, 339860, 340174, 340276, 340433, 340505, 341868, 343022,
    343308, 344628, 344696, 345339, 346202, 346849, 348735, 349350, 350120, 353853,
    355159, 355200, 356804, 357164, 357321, 358360, 358555, 360083, 360129, 360793,
    360888, 361425, 362012, 362739, 363389, 364836]
  prime: 9999999967
- ksize: 32
  md5sum: 0a1b9d6eece271fdf14eed7ac0ae80d2
  mins: [0, 219, 294, 493, 710, 1114, 2231, 2418, 2897, 3488, 4562, 6022, 9045, 10315,
    11411, 12927, 13253, 13967, 14196, 14780, 17699, 18560, 18704, 18716, 19722, 20333,
    21377, 22065, 22121, 22569, 23550, 23660, 24651, 24890, 25594, 28075, 28187, 28986,
    29703, 29789, 31264, 32186, 32621, 32658, 32795, 33205, 34190, 34433, 35261, 35544,
    35694, 36472, 36523, 37425, 38216, 40164, 40596, 42075, 42268, 42724, 43233, 44060,
    44192, 45473, 46435, 46795, 46932, 49685, 49837, 51218, 52478, 52737, 53619, 53720,
    53840, 54674, 55778, 57563, 57757, 57979, 59430, 59451, 60468, 60944, 61421, 62195,
    62525, 63803, 64007, 64175, 65297, 66223, 67838, 70526, 70607, 71039, 72501, 72539,
    73568, 73702, 74170, 74750, 75960, 76043, 76289, 76539, 76822, 77153, 77428, 77825,
    78077, 78331, 78479, 78604, 80107, 80274, 80494, 81185, 83329, 84094, 85407, 85668,
    85739, 85900, 87425, 88099, 92710, 92749, 93382, 93556, 94552, 95302, 96020, 96941,
    97844, 98012, 98095, 99780, 99959, 100169, 101240, 101897, 101953, 102382, 102984,
    103027, 103630, 104727, 104944, 105187, 105316, 105751, 106452, 107085, 107435,
    107817, 108875, 109303, 109664, 112287, 113165, 114509, 114969, 115743, 115758,
    116896, 117699, 118181, 118691, 118758, 119136, 121242, 122231, 122382, 123133,
    123377, 123461, 123603, 124263, 124405, 126244, 126248, 126720, 126742, 126844,
    127362, 127810, 129636, 130170, 130302, 131576, 131845, 132151, 133046, 133050,
    133515, 133557, 134407, 134534, 135794, 136346, 136870, 137568, 137803, 137907,
    140666, 141488, 141629, 142143, 142621, 143143, 143696, 144508, 144711, 144959,
    145309, 145313, 145692, 146352, 146372, 147525, 149358, 149722, 150173, 150316,
    150554, 150908, 151392, 152445, 153802, 155456, 155483, 155551, 158002, 158962,
    158965, 159164, 159299, 160031, 160458, 160855, 162466, 162563, 162571, 163427,
    165163, 165503, 165681, 166704, 167302, 167398, 167939, 169198, 170498, 170564,
    170827, 171695, 172343, 172405, 174402, 175395, 176755, 178781, 179274, 180792,
    182117, 182209, 182763, 182890, 183042, 184019, 185344, 186495, 187932, 188028,
    188365, 189687, 190745, 190757, 191001, 191113, 191774, 192381, 192447, 194374,
    195173, 196346, 196628, 197976, 199511, 201906, 202080, 202084, 202302, 202579,
    202728, 203243, 204380, 205877, 206670, 207257, 207822, 207839, 208904, 209741,
    212878, 214579, 214878, 215091, 215524, 215628, 215768, 216678, 217013, 217767,
    218352, 218882, 220595, 220968, 221024, 221197, 221306, 222587, 222982, 223161,
    224722, 224918, 225570, 225856, 227900, 228262, 228865, 230681, 231906, 232176,
    232738, 232901, 233413, 233835, 235305, 235941, 236866, 237576, 237926, 238488,
    238864, 239869, 241168, 241612, 242329, 242689, 243350, 243355, 243358, 243625,
    244555, 246275, 246746, 249040, 249248, 250602, 250841, 251232, 251528, 251874,
    252266, 253831, 254057, 254448, 254639, 257375, 257437, 258529, 259549, 260595,
    261075, 261321, 261839, 261991, 263526, 264129, 265496, 265704, 265877, 266122,
    266221, 267097, 267214, 267456, 270802, 271109, 271776, 271810, 272257, 272441,
    272586, 273264, 273507, 273930, 274323, 275200, 275540, 277612, 278675, 279079,
    280165, 281338, 281357, 283330, 284414, 285018, 285641, 287043, 288503, 290171,
    290187, 291920, 293484, 293778, 293974, 294253, 294834, 299831, 301224, 301434,
    301739, 301999, 302963, 304117, 305667, 305691, 308293, 310130, 311089, 311210,
    311969, 312902, 313947, 314313, 314975, 317016, 318518, 318593, 319037, 320364,
    320974, 321558, 322072, 322452, 322599, 322875, 324919, 325313, 325940, 325977,
    326402, 326507, 328621, 329191, 329737, 331624, 332976, 333144, 333303, 334532,
    334660, 334972, 335014, 335046, 335216, 335317, 336037, 336649, 336946, 337996,
    338470, 340165, 340529, 340732, 343943, 344117, 345722, 345928, 346854, 348199,
    349845, 351845, 354407, 354421, 355667, 357907, 358379, 358507, 359050, 360231,
    361169, 362365, 364800, 365117, 365785]
  prime: 9999999967
type: mrnaseq
version: '0.2'
