class: sourmash_signature
email: titus@idyll.org
filename: SRR2060939_2.fastq.gz.trimnoV.fq.gz
name: house mouse
signatures:
- ksize: 16
  md5sum: e9f74000253981ad6109d82a5d8bdd4c
  mins: [0, 9, 69, 123, 147, 576, 1114, 2416, 3060, 3615, 3788, 4049, 4119, 4267,
    4406, 4545, 4570, 5139, 5362, 6251, 6288, 6310, 7052, 7104, 7125, 7128, 7204,
    7222, 8560, 8777, 8879, 8924, 9330, 10221, 10730, 10842, 11374, 11696, 12332,
    12461, 12793, 13074, 14688, 15176, 15211, 15506, 16092, 16258, 16367, 17004, 17452,
    17714, 17828, 17903, 17922, 18079, 18461, 18520, 19070, 19243, 19263, 19501, 19738,
    19942, 20544, 20633, 20952, 21062, 21257, 21469, 21493, 21947, 22181, 22444, 24010,
    24570, 24585, 24720, 25711, 25844, 26445, 26952, 27565, 28444, 29104, 29180, 29340,
    29864, 29900, 30652, 30693, 31259, 31292, 31895, 32166, 32674, 33036, 33079, 33265,
    33352, 33402, 33448, 33858, 34058, 34234, 34261, 35096, 35511, 37256, 37686, 38018,
    38019, 38875, 39479, 39797, 40485, 40855, 41500, 42347, 42687, 42947, 43101, 43669,
    44195, 44931, 45736, 46003, 46378, 46772, 47206, 47808, 47989, 48088, 48101, 49271,
    49831, 50128, 50228, 50731, 51289, 51314, 51901, 52227, 53069, 53257, 53272, 53793,
    53891, 54167, 54504, 54777, 54799, 54911, 54970, 55295, 55504, 55633, 55783, 56526,
    56676, 57075, 57148, 57750, 58173, 58284, 58381, 60033, 60177, 60366, 60691, 61493,
    61591, 62581, 63214, 63541, 63692, 63798, 64134, 64164, 64458, 64758, 65082, 65749,
    65846, 66074, 66205, 67063, 67205, 67875, 68170, 68427, 68673, 68801, 68853, 69347,
    69872, 70082, 70343, 71326, 71851, 72167, 72934, 72946, 73454, 73898, 74129, 74479,
    75223, 75346, 75595, 75928, 76329, 76460, 76560, 76730, 76823, 77075, 77101, 77784,
    77938, 78478, 79008, 79044, 79181, 79930, 80593, 80829, 80842, 81720, 82170, 83813,
    83963, 84471, 85230, 85245, 85396, 85813, 85981, 86534, 86683, 87150, 87493, 87563,
    87950, 88717, 90121, 90576, 90756, 90784, 90952, 91130, 91428, 91894, 91956, 91968,
    91982, 92090, 92453, 92551, 92752, 93512, 93548, 93792, 93823, 93895, 94660, 94872,
    94948, 94950, 95269, 95825, 95931, 96045, 96313, 96418, 97747, 98333, 98630, 98686,
    99447, 99617, 99963, 100770, 101047, 101146, 102236, 102297, 103183, 103362, 103526,
    103580, 103588, 103656, 103998, 104415, 104709, 104967, 104982, 105103, 105196,
    105327, 105533, 105706, 105784, 106612, 106797, 107134, 107387, 107760, 107787,
    108109, 108384, 108642, 109392, 110252, 110648, 111260, 111858, 112213, 112605,
    113304, 113340, 114190, 114439, 114569, 114904, 115086, 115224, 115764, 115864,
    115969, 116204, 116343, 116469, 116569, 116688, 116936, 118157, 118316, 118479,
    118621, 118894, 119265, 119348, 119602, 119871, 121487, 121772, 122215, 122393,
    122860, 122964, 123402, 123629, 123751, 123841, 124710, 124869, 124962, 125376,
    125592, 126744, 127394, 127556, 127610, 127966, 128036, 128136, 128378, 128414,
    128493, 128734, 130165, 130282, 131213, 131776, 131852, 132803, 132927, 133228,
    133435, 133492, 133754, 134291, 134568, 135027, 135091, 135280, 135594, 135769,
    136189, 136230, 136484, 136669, 137752, 138331, 138708, 139432, 139475, 140035,
    140271, 140283, 140471, 140692, 140969, 141501, 141509, 141746, 141822, 142271,
    142542, 142701, 143216, 143316, 143998, 144170, 146017, 146081, 146221, 146788,
    146863, 147168, 147243, 147261, 147909, 148438, 148455, 148803, 149385, 149799,
    150455, 151000, 151212, 151515, 151623, 151886, 151959, 153582, 153830, 154000,
    154765, 155485, 155602, 155614, 155667, 156629, 156707, 156775, 156927, 157131,
    157352, 157373, 157952, 158168, 158184, 158240, 159210, 160023, 160483, 160547,
    161348, 161881, 162304, 162316, 162323, 162722, 162811, 164448, 164565, 164695,
    165378, 165560, 165744, 166197, 166769, 167669, 167959, 169559, 170057, 170412,
    171321, 172339, 172779, 172831, 172906, 173505, 173762, 173863, 175516, 176058,
    176307, 176620, 177048, 177252, 177575, 177597, 177637, 177734, 177963, 178128]
  prime: 9999999967
- ksize: 22
  md5sum: d257340c2f45be18817b8006f5cba7b4
  mins: [0, 102, 108, 359, 776, 846, 1062, 1082, 1108, 1114, 1125, 1272, 1897, 2485,
    3005, 3033, 3257, 3706, 3884, 4851, 4914, 5041, 6123, 6153, 6249, 6355, 6571,
    7050, 7481, 7523, 8415, 9129, 9485, 9557, 10660, 10666, 11177, 11587, 11688, 11771,
    12391, 12532, 12880, 13090, 13267, 13295, 13678, 13685, 14097, 14169, 15666, 15692,
    15760, 15799, 15943, 16354, 16818, 17315, 17820, 18178, 18217, 18219, 18486, 18941,
    19523, 19529, 20016, 20051, 20354, 20554, 20680, 20803, 20978, 21344, 22326, 22461,
    23145, 23776, 23944, 24827, 25073, 25657, 25768, 25999, 26205, 26289, 27178, 27802,
    28015, 28870, 28950, 29265, 29950, 30304, 30404, 31380, 31584, 31921, 32258, 32284,
    33281, 33309, 34354, 35221, 35474, 36011, 36185, 36191, 36287, 36944, 37190, 38685,
    38748, 38769, 38882, 39122, 39842, 40151, 40908, 40955, 40958, 41075, 41184, 41237,
    41380, 41479, 42107, 42344, 42882, 43133, 43431, 43653, 43930, 44080, 44122, 44323,
    44482, 45086, 45144, 46036, 46154, 46692, 47431, 47630, 48719, 50043, 50619, 50760,
    50832, 51132, 51211, 51393, 51796, 51936, 52297, 52430, 52800, 53353, 53853, 55140,
    55175, 55226, 55399, 55593, 55728, 56717, 57369, 57542, 57767, 57777, 58648, 58685,
    58904, 59116, 59555, 60058, 60087, 60204, 60326, 60560, 60800, 60872, 61269, 62601,
    62932, 63629, 63747, 64121, 64501, 64596, 64620, 65233, 65313, 65774, 65872, 65990,
    66021, 66091, 66167, 66222, 66258, 66747, 67305, 67524, 68060, 68552, 69125, 69397,
    69660, 69714, 69841, 71070, 71268, 71363, 71840, 71911, 72286, 72360, 72440, 72492,
    72840, 73174, 73205, 73311, 73371, 74196, 75797, 75883, 76448, 76571, 77359, 77370,
    77979, 78035, 78285, 78995, 79271, 79379, 80022, 80264, 80521, 80961, 81047, 81321,
    81634, 81653, 82420, 82584, 82940, 83225, 83880, 84507, 84539, 84594, 84929, 85065,
    85159, 85530, 85562, 85595, 85857, 85873, 85912, 86042, 86445, 86454, 86469, 86609,
    86679, 87386, 87563, 87619, 87785, 87883, 87996, 88039, 88132, 88224, 88947, 89097,
    89577, 90030, 90087, 90549, 90571, 91014, 91211, 91238, 91370, 91449, 92129, 92772,
    93701, 94399, 95620, 95929, 96495, 96748, 96842, 97374, 97458, 97540, 97578, 98394,
    98787, 98877, 98997, 99427, 100051, 100134, 100246, 100655, 100893, 100908, 100937,
    101132, 102068, 102076, 102120, 102629, 102999, 104337, 104677, 104769, 104924,
    105426, 105816, 106556, 106705, 106711, 107726, 108915, 109213, 109991, 110162,
    110895, 111364, 111401, 111568, 111685, 112097, 112105, 113620, 113678, 114506,
    115000, 115223, 115499, 115550, 115589, 115666, 116665, 116896, 117625, 117729,
    118137, 118749, 118758, 119351, 119541, 119618, 119919, 120950, 121230, 121453,
    122203, 122357, 122608, 122647, 122926, 123161, 123338, 124185, 124270, 124579,
    125973, 126002, 126527, 126616, 127221, 127748, 128260, 130059, 130252, 130337,
    130561, 130896, 131663, 131783, 132249, 132983, 133259, 134428, 134817, 135318,
    135780, 135812, 135817, 136255, 136394, 136455, 136536, 136678, 136693, 137091,
    137116, 137387, 137574, 138130, 138825, 139582, 139989, 140094, 141157, 141240,
    141259, 141299, 141762, 141783, 141813, 141999, 142008, 142202, 142220, 142261,
    142401, 142508, 142760, 143220, 143474, 143507, 144446, 144752, 145136, 145231,
    145803, 145944, 145961, 145975, 146070, 146642, 147502, 147550, 147845, 147863,
    147902, 148459, 148514, 148932, 149565, 149730, 150088, 150219, 151634, 151676,
    151906, 152839, 153088, 153383, 153481, 154053, 154952, 155185, 155479, 155733,
    155840, 155988, 156160, 156274, 156524, 156949, 157159, 157376, 157409, 157745,
    157990, 158073, 158272, 158430, 158604, 159214, 159272, 159611, 159777, 159934,
    160251, 160372, 160776, 162523, 162834, 162869, 162895, 163367, 163593, 163910,
    164379, 164586, 164751, 165460, 165559]
  prime: 9999999967
- ksize: 31
  md5sum: 3b06eec4e21db68a4732d5260644dfb8
  mins: [134, 580, 823, 1765, 2085, 2291, 2548, 2894, 2980, 3167, 3334, 5142, 5464,
    6305, 6431, 7481, 7622, 8102, 8662, 9043, 9155, 9192, 9489, 9694, 9860, 10169,
    10319, 10709, 10806, 10932, 11057, 11295, 11504, 11569, 12012, 12065, 12759, 12938,
    12963, 13217, 13523, 14273, 14654, 14684, 14703, 15028, 15374, 17076, 17085, 17371,
    17473, 17540, 17805, 18156, 18377, 18621, 18850, 19254, 19354, 19652, 19686, 19760,
    19867, 20032, 20141, 20548, 20848, 21032, 21185, 21760, 21913, 22415, 22646, 22733,
    22739, 22782, 23543, 23810, 24427, 24452, 24849, 25419, 25420, 25465, 25651, 25703,
    26066, 26873, 26960, 27890, 28116, 28296, 29506, 30104, 30611, 30911, 31780, 32059,
    32111, 32358, 32458, 32524, 33202, 33318, 34262, 34566, 34635, 35195, 35577, 36182,
    37010, 37052, 37512, 37798, 37858, 37981, 38404, 38606, 39169, 41005, 41112, 41494,
    41563, 41810, 42051, 42295, 42498, 42777, 42925, 43884, 44210, 45424, 45590, 45887,
    46626, 46634, 47262, 48627, 48678, 49253, 49349, 49731, 49819, 50286, 50786, 52150,
    52172, 52212, 52717, 52843, 53571, 53699, 53791, 53839, 53933, 54037, 54464, 55344,
    55386, 56008, 56229, 56498, 56503, 56937, 57036, 57712, 58187, 58194, 59860, 59940,
    60250, 60715, 60727, 60865, 61587, 61685, 62258, 63023, 63265, 63571, 64030, 64098,
    66611, 67023, 68145, 68412, 69003, 69284, 69795, 70012, 70029, 70108, 70227, 70569,
    70965, 71010, 71569, 72079, 72138, 72210, 72397, 73978, 74048, 74221, 74721, 75121,
    76297, 76806, 76975, 77055, 77216, 77230, 77238, 77442, 77822, 78739, 79019, 79318,
    79797, 79965, 80069, 80210, 80299, 80571, 81260, 81892, 81974, 82037, 82207, 82262,
    82284, 82491, 82532, 82958, 83326, 83540, 83993, 84176, 84247, 84395, 84953, 84955,
    85547, 85720, 85925, 86102, 86195, 86559, 86968, 87101, 87174, 87782, 87850, 88175,
    88528, 88569, 88795, 89010, 89035, 89799, 89865, 89916, 90844, 90963, 91120, 91166,
    91238, 91381, 91443, 91675, 91814, 92432, 92500, 92713, 93076, 93335, 94234, 94267,
    94520, 94835, 94878, 95148, 95966, 96186, 96823, 97724, 97871, 98007, 99170, 99522,
    99948, 100022, 100211, 100448, 100621, 100751, 101191, 101318, 101355, 101549,
    101772, 101985, 102415, 102539, 102668, 102976, 103272, 103304, 103698, 103792,
    104357, 104396, 104444, 104798, 105111, 106059, 106308, 107604, 107662, 107710,
    108043, 108360, 108453, 108523, 108715, 108777, 108869, 109537, 109634, 109805,
    109851, 109969, 110188, 110229, 111052, 111089, 111164, 111435, 111671, 112069,
    112198, 113293, 113501, 113534, 113707, 113901, 114552, 114723, 115009, 115687,
    115747, 116230, 116524, 116644, 116709, 116746, 117315, 117520, 117803, 117949,
    118756, 119094, 119163, 119241, 119380, 119546, 119587, 119862, 119884, 120399,
    120530, 120543, 120568, 120797, 121122, 121235, 121409, 122016, 122345, 122454,
    122492, 122974, 123140, 123185, 123513, 123770, 124414, 124842, 124888, 125075,
    125576, 125671, 125978, 126060, 126092, 126272, 126345, 126407, 126510, 127103,
    127260, 127826, 127962, 128235, 128527, 129169, 129730, 130764, 130811, 132471,
    132952, 133102, 133626, 133728, 133859, 133906, 133964, 134202, 134297, 134323,
    134416, 135165, 135232, 135288, 135594, 135828, 135831, 136762, 137074, 137149,
    137750, 137778, 138057, 138071, 138247, 138883, 139371, 139376, 140133, 140357,
    140441, 142269, 142488, 142495, 142534, 143027, 143654, 143676, 143713, 143720,
    143977, 144856, 145009, 145481, 145915, 146138, 146696, 146861, 147297, 147847,
    148102, 148500, 148583, 148585, 148842, 148883, 149072, 149589, 149671, 150092,
    150662, 150777, 150860, 150894, 151156, 151290, 151426, 152231, 152809, 152826,
    153528, 153888, 154251, 154772, 155084, 155504, 155704, 155875, 155979, 156562,
    156821, 157230, 157505, 157535, 157867, 158366, 158470, 159068, 159199, 159326]
  prime: 9999999967
- ksize: 32
  md5sum: acdfe6e3869a7b3b0e6e142cdf6cdbb9
  mins: [0, 142, 219, 285, 291, 1114, 1195, 2590, 2743, 3029, 3370, 3426, 4171, 4217,
    4562, 4758, 6022, 6047, 6130, 6186, 6908, 7942, 8882, 9053, 9308, 10011, 10315,
    10563, 11016, 11224, 11411, 11810, 12430, 12537, 12550, 12733, 12910, 12927, 13293,
    14196, 14374, 14780, 14812, 16615, 17699, 17734, 17757, 18149, 18260, 18560, 18704,
    18716, 19003, 19721, 19722, 20267, 20741, 20771, 21126, 21236, 21387, 21446, 21467,
    21882, 22121, 22278, 22972, 23660, 24843, 24922, 25417, 25634, 25696, 25978, 26018,
    26083, 26471, 26716, 27226, 27281, 27430, 27437, 27543, 27686, 27819, 28075, 28352,
    28861, 28986, 29703, 29795, 30016, 30402, 30554, 30652, 30768, 31081, 31729, 32186,
    32317, 32621, 32658, 32722, 32795, 32796, 34433, 34459, 34504, 34636, 35544, 35694,
    36080, 36472, 36523, 36899, 38216, 38660, 38916, 38978, 39283, 39635, 39924, 40596,
    40635, 41318, 41331, 41699, 41960, 41988, 42248, 42268, 42389, 43105, 44192, 44645,
    45103, 45799, 46435, 46620, 46932, 47256, 47560, 47783, 48336, 48614, 49278, 50551,
    51040, 51159, 51381, 51660, 51819, 52162, 52235, 52278, 53491, 53840, 54030, 54264,
    55527, 55780, 56295, 56948, 57855, 58444, 58755, 59430, 59573, 59727, 60468, 60858,
    61232, 61361, 61421, 62013, 62611, 62619, 62620, 63791, 64007, 64106, 64107, 65347,
    65673, 65696, 67272, 67279, 67427, 67558, 67838, 68256, 69074, 69405, 70607, 70982,
    71039, 71546, 72501, 72539, 73111, 73702, 73924, 74611, 74703, 75386, 75663, 75960,
    76289, 76492, 77153, 77498, 77825, 77858, 78133, 78331, 78604, 78799, 78819, 79990,
    80353, 80572, 81139, 81251, 81624, 82840, 83182, 83434, 84007, 84115, 84317, 85224,
    85553, 85668, 86676, 86893, 87425, 88546, 88722, 89005, 89205, 90002, 90795, 92723,
    93146, 93238, 93909, 94524, 95277, 95302, 95533, 96436, 96660, 96941, 97295, 97817,
    97844, 98012, 98148, 98838, 98918, 99401, 99492, 99627, 99707, 99780, 100169,
    101240, 101333, 101785, 101897, 101953, 102382, 102984, 103027, 103172, 103230,
    103630, 103647, 103921, 103954, 104263, 104302, 104727, 105751, 105913, 106779,
    106795, 107138, 107409, 107657, 107817, 107857, 108061, 108836, 109664, 109953,
    110361, 111866, 112287, 113071, 114609, 114907, 115225, 115379, 115407, 115743,
    115758, 115761, 116896, 118691, 119136, 119754, 120221, 120669, 120738, 121233,
    121242, 121571, 121784, 122090, 122231, 122589, 122926, 123133, 123143, 123480,
    124156, 124405, 124698, 125129, 125884, 126244, 126720, 126766, 126844, 126927,
    127362, 127616, 127771, 128272, 129636, 130170, 130313, 131088, 131845, 131891,
    132435, 132696, 133136, 133515, 133557, 133686, 133722, 134090, 134534, 135794,
    136870, 137033, 137496, 138130, 138394, 139124, 139770, 139840, 140239, 140666,
    140704, 141040, 141075, 141629, 142621, 143361, 143571, 144204, 144644, 144668,
    144715, 144771, 145105, 145692, 145711, 146064, 146224, 146372, 146376, 146390,
    146422, 146589, 146795, 147476, 147809, 147996, 148024, 148395, 148579, 148641,
    149265, 149528, 149722, 150173, 150280, 150554, 150900, 151017, 151120, 151123,
    151392, 151535, 151808, 152109, 152231, 152445, 152984, 153020, 153394, 153569,
    155427, 155551, 155728, 156067, 157017, 157076, 157193, 157420, 157494, 157835,
    158962, 159164, 159299, 159529, 159723, 160031, 161135, 161170, 161604, 162573,
    162773, 163038, 163090, 163146, 163255, 163427, 166513, 166704, 166911, 167302,
    167321, 167398, 167903, 168064, 168201, 168815, 169058, 169198, 169285, 169735,
    170498, 170595, 170827, 171349, 171371, 171465, 171565, 172227, 172343, 172405,
    172446, 172618, 172741, 173644, 173766, 174898, 174922, 175216, 175395, 175498,
    176157, 176291, 176891, 176974, 177388, 178027, 178782, 179576, 179778, 180763,
    181034, 182110, 182117, 182195, 182209, 182489, 182526, 182763, 182960, 184040,
    184118, 184163, 184174, 184214]
  prime: 9999999967
type: mrnaseq
version: '0.2'
