class: sourmash_signature
email: titus@idyll.org
filename: SRR2060939_2.fastq.gz.trimnoV.fq.gz
name: house mouse
signatures:
- ksize: 16
  md5sum: 11e9f25cc5eb8c702143d412af0240b2
  mins: [0, 69, 123, 147, 2416, 4119, 4406, 4545, 5139, 7125, 7128, 11374, 11696,
    15176, 19070, 20633, 29864, 33265, 34058, 37256, 42947, 43101, 47206, 48101, 50128,
    50228, 53069, 53793, 53891, 54167, 54970, 56676, 57148, 63214, 64134, 64758, 67205,
    67875, 68170, 69347, 69872, 73454, 75223, 75346, 76329, 78478, 79008, 80593, 80829,
    81720, 83813, 84471, 85981, 87563, 90576, 90756, 90784, 91968, 93548, 93792, 94872,
    97747, 98630, 102236, 103580, 103588, 104709, 105327, 108642, 110648, 112213,
    113340, 115224, 115764, 116204, 116688, 118479, 118621, 119348, 121487, 121772,
    123629, 125376, 130165, 132927, 133435, 135091, 135280, 136189, 136230, 138331,
    140035, 140271, 140969, 144170, 150455, 151515, 151959, 154765, 160023, 160547,
    162323, 164695, 165378, 166769, 169559, 170412, 172906, 177597, 178128, 178660,
    181666, 182701, 183268, 183596, 185837, 188202, 189472, 189616, 190326, 193363,
    202392, 205237, 208523, 212139, 215731, 216018, 221373, 223280, 223983, 224387,
    225652, 225660, 227430, 228082, 228351, 237704, 237751, 242322, 243659, 246726,
    248254, 249044, 251421, 251555, 254143, 254258, 255363, 255657, 256041, 256709,
    258164, 258663, 261240, 261707, 261922, 262522, 263317, 263804, 265592, 267392,
    267398, 268705, 269912, 273929, 275322, 276928, 278609, 278843, 283209, 291510,
    291913, 293215, 294668, 299670, 303252, 304565, 305785, 306273, 306456, 306584,
    307359, 307583, 307726, 308245, 310411, 311492, 314610, 314995, 317076, 318331,
    319712, 320381, 321513, 322118, 322885, 324633, 325972, 326128, 329802, 334020,
    334121, 334297, 335676, 337366, 337453, 339266, 340098, 340690, 345492, 346894,
    348535, 350045, 353221, 355067, 359107, 359218, 359434, 361754, 364078, 366452,
    367458, 369570, 369790, 369875, 371017, 373225, 375554, 376314, 376573, 377556,
    377967, 381885, 386694, 387117, 389025, 390967, 391334, 392367, 394628, 395394,
    397221, 403681, 404776, 404900, 407401, 408640, 409266, 410201, 412697, 412907,
    415286, 418131, 421068, 421538, 423556, 425317, 426381, 427147, 427402, 431433,
    431880, 432574, 433548, 434783, 435779, 436412, 437068, 437337, 440290, 441272,
    446983, 453166, 453620, 454388, 455735, 456226, 456230, 456240, 456860, 459434,
    460389, 463382, 463631, 468294, 472140, 473922, 475067, 476241, 477743, 480901,
    481158, 484659, 484993, 485504, 485662, 485934, 487903, 489380, 494861, 495182,
    499588, 500048, 500410, 502866, 503796, 504500, 508170, 510362, 511262, 512263,
    514351, 516803, 518497, 520284, 521877, 522299, 523576, 523771, 524115, 525801,
    525922, 526369, 526516, 527059, 527996, 528828, 534274, 535631, 538117, 541300,
    544551, 544751, 545716, 545875, 545951, 547018, 549589, 550506, 551411, 555643,
    555794, 556408, 557240, 557242, 557667, 561260, 562113, 565353, 566206, 566937,
    567307, 568509, 569020, 569167, 571028, 573366, 575516, 579580, 580289, 581194,
    581839, 583589, 584010, 584134, 585305, 588058, 589012, 591978, 592340, 592970,
    593785, 595349, 596449, 597652, 599133, 600350, 600412, 602281, 602759, 605201,
    606349, 606869, 608744, 610210, 611027, 615401, 615423, 617591, 618224, 618763,
    621609, 621811, 621910, 623348, 629707, 632847, 636795, 637491, 640331, 641049,
    641122, 651362, 651377, 651882, 659286, 661992, 663749, 663950, 665109, 670775,
    670856, 671405, 672335, 672363, 672867, 672908, 674357, 674948, 676974, 678700,
    679958, 682914, 684226, 687901, 692726, 695037, 700376, 700447, 705216, 705710,
    706810, 707181, 710526, 710591, 716074, 716972, 717076, 718615, 719703, 721562,
    724889, 725843, 726006, 732772, 732917, 734174, 737510, 738899, 742711, 744432,
    744648, 745531, 746103, 746671, 747790, 752866, 756612, 758278, 758434, 758796,
    759667, 761869, 766565, 775121, 777457, 777612, 778141, 778474, 779049, 781061,
    781836, 782891, 783855, 788478, 789957, 790160, 790511, 791337, 796968, 798787,
    799240, 803642, 803762, 803923, 804498, 808599, 811396, 812865, 812964, 815293,
    815344, 815664, 816662, 817830, 821328, 822208, 825235, 829349, 831131]
  prime: 9999999967
- ksize: 22
  md5sum: 5492deff7e9a4d68092e90d9cc60d226
  mins: [0, 359, 1108, 1114, 1897, 2485, 3257, 6355, 7050, 7523, 11177, 11688, 12880,
    14097, 15692, 15943, 18178, 18217, 20016, 20354, 20680, 23944, 25073, 25768, 31380,
    31584, 32284, 36191, 39842, 41479, 43653, 43930, 50832, 51132, 55140, 55593, 60560,
    60800, 60872, 62932, 63747, 64121, 67524, 71268, 71840, 71911, 72286, 72492, 73371,
    76448, 76571, 79379, 80521, 81634, 82584, 85159, 88224, 90030, 91014, 92772, 93701,
    96495, 96748, 98997, 100051, 100937, 102999, 104337, 105816, 106556, 107726, 109213,
    111364, 111401, 115666, 116896, 118749, 119541, 119919, 122357, 127748, 130252,
    130337, 131663, 132249, 135318, 135780, 135817, 136678, 141762, 141813, 142508,
    142760, 144752, 145231, 147502, 147550, 150219, 151676, 152839, 153481, 156160,
    157745, 159214, 162895, 165559, 165870, 169414, 169637, 173607, 174649, 174805,
    177408, 178298, 182874, 183555, 186818, 187577, 189585, 190386, 190626, 191132,
    194117, 194321, 196413, 198084, 199266, 199291, 199933, 200028, 200743, 201378,
    202848, 204979, 205697, 207534, 212746, 214378, 215960, 216960, 217733, 221684,
    224214, 225357, 227547, 230550, 234637, 234976, 236897, 237180, 237658, 240768,
    241137, 241924, 242035, 246192, 246614, 249117, 249569, 251610, 253838, 259077,
    261325, 261736, 264854, 264927, 268288, 269752, 271065, 274070, 274075, 275115,
    275954, 278394, 278675, 280309, 280926, 283466, 286493, 288587, 290933, 291973,
    292002, 292347, 292862, 293917, 294041, 298039, 300473, 301877, 302768, 302898,
    302948, 303665, 308545, 308902, 312346, 313673, 315092, 318689, 318819, 321454,
    323384, 327183, 329738, 330566, 332395, 332599, 332822, 332995, 333179, 338174,
    338495, 341164, 341765, 347693, 349232, 350177, 357737, 360721, 362527, 362971,
    368282, 369945, 377441, 377632, 378897, 379144, 380090, 383641, 385049, 385862,
    386033, 390655, 392969, 394444, 395668, 395701, 399345, 400281, 400998, 401068,
    401708, 402939, 404840, 408702, 415809, 416813, 422584, 423105, 425789, 431816,
    433486, 433896, 435122, 436035, 438054, 438589, 442593, 443647, 444335, 444483,
    446140, 448640, 451955, 452006, 452308, 453797, 455373, 456125, 456418, 456716,
    464156, 464746, 465462, 466167, 467985, 468531, 468736, 470331, 470387, 472223,
    473284, 475984, 476966, 477099, 485389, 488501, 488617, 489956, 490876, 490899,
    492711, 497040, 497172, 500329, 501830, 502588, 503904, 504214, 505565, 507929,
    509038, 512540, 512956, 520326, 520517, 522220, 522927, 524224, 524845, 525634,
    529240, 530232, 534493, 534564, 536360, 537392, 537805, 539789, 541449, 546236,
    547748, 547757, 548334, 548832, 550162, 551132, 551813, 552018, 552998, 557084,
    557775, 557839, 562045, 564005, 567892, 568778, 569599, 569638, 574046, 577963,
    580415, 582063, 583037, 583755, 584572, 586705, 588128, 590135, 594928, 595263,
    597293, 599607, 599753, 602474, 606603, 611666, 614596, 614853, 615757, 618137,
    618314, 620963, 623783, 635898, 637271, 637392, 638072, 638264, 638675, 639699,
    639822, 640040, 642464, 644491, 645861, 646477, 648287, 648578, 650048, 652459,
    653040, 654204, 655503, 658493, 662416, 665979, 666982, 667703, 673307, 673802,
    676120, 678247, 678401, 678875, 679843, 680381, 685358, 686939, 687859, 688766,
    689624, 691383, 692326, 694603, 695373, 696344, 700561, 700709, 703963, 705826,
    706204, 709128, 709906, 720086, 720414, 720771, 721279, 722893, 726615, 733571,
    733735, 734544, 736207, 736366, 737338, 738488, 740625, 742080, 743364, 743852,
    745501, 746396, 747911, 748008, 748757, 750714, 754745, 758256, 760401, 760430,
    763129, 763255, 764451, 766975, 769884, 770511, 772752, 774320, 774949, 776861,
    777331, 780063, 782927, 786039, 786620, 786803, 790196, 790285, 793295, 794688,
    795540, 798602, 798885, 799272, 802125, 803252, 803594, 803892, 805365, 806315,
    806765, 807067, 807414, 809421, 810706, 813893, 814491, 814705, 815290, 816066,
    820312, 822091, 822599, 823726, 826185, 832815, 836512, 840727, 841016, 842255,
    843371, 844342, 848558, 851379, 852902, 853426, 854448, 857306]
  prime: 9999999967
- ksize: 31
  md5sum: 9a306d354d36c4d8cfb03ce3b04eb60c
  mins: [580, 2085, 2894, 6305, 6431, 8662, 9694, 12938, 13217, 13523, 15374, 17085,
    17371, 18156, 22646, 22782, 24452, 25703, 26066, 28296, 29506, 30911, 32111, 32524,
    33202, 35195, 35577, 41810, 42295, 45887, 46634, 48627, 50786, 52843, 56498, 59860,
    62258, 69003, 70029, 70569, 74721, 76806, 77055, 77216, 79797, 80299, 81974, 82491,
    82532, 84955, 87101, 88795, 93335, 94835, 94878, 96186, 100621, 101191, 103272,
    103304, 108777, 109634, 109805, 111164, 112069, 112198, 113293, 113901, 116709,
    119094, 119241, 119862, 120568, 120797, 122016, 122492, 123185, 125075, 126092,
    126407, 127826, 130811, 133728, 135232, 137074, 137750, 139371, 140357, 143027,
    143654, 145009, 146138, 148102, 148585, 148842, 150092, 151290, 152826, 156562,
    157505, 162730, 168297, 171338, 172687, 177062, 178421, 178450, 179208, 187980,
    188196, 190266, 192128, 194960, 195285, 195647, 199313, 200589, 200696, 201058,
    201361, 203587, 209048, 209304, 209494, 210266, 210742, 211898, 212573, 215683,
    215764, 218812, 218938, 218958, 224717, 224852, 227170, 228294, 228507, 229705,
    229976, 231337, 233218, 233738, 235375, 236276, 237233, 240734, 243091, 243613,
    245445, 245888, 247411, 247607, 252572, 254412, 256462, 258754, 258791, 259420,
    260703, 263316, 267318, 268364, 270986, 274233, 275099, 276384, 276982, 284788,
    285943, 286394, 287645, 290033, 290231, 290275, 291512, 293680, 296851, 302548,
    310074, 312158, 314019, 315267, 316581, 323645, 324725, 326256, 326314, 326927,
    327382, 329378, 329907, 330114, 330980, 331086, 333907, 337756, 339186, 340174,
    340702, 342823, 343022, 343487, 346475, 350456, 352582, 354705, 357042, 358360,
    358550, 361413, 362573, 363437, 365698, 367630, 370803, 375916, 376754, 376789,
    377092, 379323, 379567, 379859, 382420, 382604, 385690, 386409, 387899, 388311,
    389576, 393604, 394275, 396694, 397232, 397654, 398515, 400820, 401572, 403879,
    404071, 406237, 412093, 413043, 415540, 415837, 417492, 419946, 421325, 424441,
    425883, 426014, 426996, 429141, 430333, 432670, 434055, 437605, 440572, 442299,
    444429, 444862, 449055, 449567, 452819, 454961, 455994, 456137, 458455, 458913,
    462964, 464224, 465172, 466448, 468816, 473776, 473821, 474320, 476128, 478628,
    479643, 481078, 482372, 482689, 482754, 483481, 488398, 489328, 495400, 495547,
    498378, 498752, 498769, 501911, 505323, 508757, 509067, 512618, 515186, 516805,
    517299, 520748, 521637, 522795, 522972, 523400, 523402, 524274, 524275, 526496,
    536393, 536501, 538758, 538848, 540566, 544386, 545921, 548340, 549236, 552141,
    552762, 555335, 559405, 561314, 562125, 566654, 568283, 570466, 571657, 572378,
    581244, 581501, 581643, 582032, 583041, 584376, 588255, 589861, 589884, 590957,
    591297, 591407, 592180, 593716, 595766, 595930, 598618, 599519, 604400, 606484,
    607757, 608252, 609786, 609806, 617101, 617859, 617984, 618862, 622615, 626153,
    626251, 627188, 628682, 629621, 629793, 635518, 636011, 637960, 638649, 640276,
    641891, 642927, 645713, 647238, 649550, 651135, 651148, 651542, 652082, 658903,
    665284, 666423, 668084, 669474, 669956, 670071, 672935, 673268, 673493, 673983,
    674024, 674349, 675916, 675962, 680259, 680305, 681094, 682421, 683087, 683149,
    683431, 683586, 684759, 684886, 687122, 689289, 691479, 693603, 695222, 695475,
    700942, 701004, 702906, 703737, 703981, 707672, 707775, 709343, 714833, 717543,
    718741, 718889, 723442, 723580, 724258, 725794, 726003, 726409, 728714, 729206,
    729665, 731159, 731497, 732009, 735926, 738965, 739743, 742448, 742665, 743145,
    744008, 745450, 747975, 749373, 755658, 756435, 756480, 756938, 757541, 765509,
    767068, 768742, 771691, 772052, 773117, 774849, 775082, 775187, 776677, 779823,
    780626, 781697, 784005, 785962, 786469, 788683, 791934, 793322, 793554, 793679,
    794027, 794447, 795586, 795842, 795876, 797267, 797935, 798783, 802777, 809203,
    809630, 819787, 821299, 821469, 826188, 827187, 828672, 833029, 836725, 838912,
    839699, 845878, 846465, 848092, 849746, 850166, 852173, 852561, 854560, 857020,
    859623]
  prime: 9999999967
- ksize: 32
  md5sum: a11b151f2765fdee3e142e449ad75778
  mins: [0, 219, 285, 1195, 4562, 6047, 9308, 10315, 11016, 11224, 12550, 14196, 17699,
    17734, 18149, 18704, 19722, 21126, 21467, 22121, 22278, 22972, 24922, 25417, 26018,
    30768, 32317, 32658, 32795, 34459, 34504, 36472, 36899, 38916, 40635, 44192, 45799,
    46620, 47560, 47783, 48336, 50551, 59573, 59727, 61421, 62013, 64107, 69405, 70607,
    70982, 74703, 76289, 76492, 77153, 78133, 78331, 80353, 81251, 83434, 84317, 85668,
    87425, 89005, 93146, 94524, 95277, 96941, 97844, 98012, 99401, 99627, 99707, 99780,
    102382, 103630, 106779, 107817, 120738, 121233, 122589, 126244, 127362, 130170,
    131845, 132696, 133515, 133557, 138130, 140666, 142621, 145711, 146064, 146224,
    148641, 149722, 150554, 150900, 151808, 152231, 153020, 157494, 161135, 163146,
    163427, 166704, 166911, 167398, 169198, 169285, 171371, 172227, 174922, 175395,
    178782, 179576, 182489, 185344, 187932, 191113, 191872, 193254, 194395, 194407,
    197012, 197098, 198602, 205412, 206380, 207220, 209421, 210916, 220287, 220969,
    222296, 222587, 223161, 223203, 224722, 227813, 228262, 229157, 234645, 236156,
    238488, 238518, 242329, 243625, 243657, 244256, 244555, 244970, 245874, 247884,
    250344, 252102, 257411, 258016, 258601, 260479, 261991, 264292, 265470, 266077,
    266221, 267214, 269275, 269712, 273042, 273583, 277612, 277974, 278772, 280113,
    281730, 282939, 284414, 285018, 287950, 290754, 291682, 292605, 293389, 294236,
    295437, 301224, 304372, 305691, 306231, 308221, 313947, 314313, 314652, 314758,
    318801, 320974, 322092, 322599, 322875, 326507, 331624, 331786, 336649, 337835,
    339222, 339952, 341942, 342081, 345722, 347389, 351800, 351845, 356760, 362752,
    364864, 366658, 367442, 368395, 368873, 371244, 376826, 376870, 378180, 379544,
    387170, 387313, 390931, 393577, 393916, 394991, 395478, 398049, 404922, 405140,
    405182, 406136, 409295, 409340, 410679, 412837, 413480, 415363, 415450, 419473,
    421305, 422020, 424102, 426153, 435058, 435732, 436524, 437794, 441443, 442219,
    442572, 447054, 447153, 448938, 457669, 457692, 458300, 458309, 460229, 466786,
    468714, 469189, 470136, 473559, 476321, 477474, 478545, 479754, 480980, 483954,
    486205, 486644, 486785, 487581, 491294, 494051, 496142, 498021, 501522, 501719,
    504158, 505712, 506647, 506879, 506935, 511532, 513687, 516171, 516526, 517064,
    519092, 522630, 523553, 526357, 527333, 529830, 532742, 534824, 535528, 538631,
    539211, 542917, 543745, 548637, 549180, 549183, 549305, 550488, 552126, 555844,
    556109, 561496, 561725, 562804, 563401, 563531, 564895, 567532, 568178, 568277,
    568870, 569938, 571910, 575527, 581898, 583113, 586675, 587365, 588096, 591276,
    591825, 592511, 592716, 592755, 594081, 597201, 598742, 600422, 601095, 602790,
    605795, 606989, 607707, 608117, 608154, 613729, 614755, 618607, 619675, 620320,
    620806, 622469, 623445, 624254, 624750, 626231, 626935, 627690, 628062, 628366,
    632930, 633911, 635741, 636498, 636778, 639405, 641864, 642477, 643256, 643535,
    645258, 648091, 650086, 650607, 652403, 652603, 653030, 655021, 655630, 656682,
    657328, 658686, 660973, 663022, 663986, 665030, 666411, 667017, 667319, 667445,
    670640, 670898, 671656, 671871, 671958, 672408, 673451, 673762, 676585, 678572,
    681486, 686456, 689383, 690979, 692855, 695136, 695950, 697236, 698432, 698634,
    699718, 703093, 710493, 710504, 710575, 710958, 714528, 716318, 717910, 718147,
    718252, 718570, 719258, 719830, 720093, 720470, 720555, 722353, 725548, 727139,
    727153, 734748, 734867, 737567, 739568, 739823, 742642, 742946, 745294, 746128,
    750921, 750983, 752891, 753370, 753504, 754083, 754741, 755273, 759599, 759921,
    762461, 762699, 767037, 769793, 771192, 771250, 771518, 771981, 774999, 775476,
    778085, 786270, 786290, 786667, 787732, 788194, 791639, 793143, 795280, 797533,
    798094, 799801, 801604, 803455, 805487, 806648, 807058, 809173, 819538, 823375,
    823472, 823649, 826087, 828286, 828395, 829926, 830187, 830529, 837149, 837200,
    837830, 838018, 841317, 842178, 843038, 843464, 844216]
  prime: 9999999967
type: mrnaseq
version: '0.2'
