class: sourmash_signature
email: titus@idyll.org
filename: SRR2241509_1.fastq.gz.trimnoV.fq.gz
name: disease mouse
signatures:
- ksize: 16
  md5sum: a26c3d205f89264d10e0ab062bb0d838
  mins: [0, 3021, 4119, 6498, 10842, 12332, 21459, 25844, 34261, 46003, 50731, 55578,
    57148, 61451, 62621, 62851, 65084, 68170, 68675, 68801, 69347, 83813, 92551, 94900,
    94948, 96327, 96478, 102236, 103588, 108642, 114990, 115764, 116936, 121772, 123629,
    123901, 124869, 129190, 133326, 140271, 140692, 143370, 155557, 158767, 162484,
    163291, 163562, 164448, 165378, 170254, 176994, 179288, 185011, 189472, 192023,
    193001, 198525, 204338, 205237, 208523, 211673, 215731, 217008, 220751, 221926,
    223280, 226481, 228211, 231484, 232070, 232470, 236281, 237671, 238781, 240003,
    245516, 248744, 251421, 252462, 254202, 261707, 263061, 267973, 270400, 278609,
    295439, 296017, 297657, 300162, 311104, 311451, 315962, 334343, 337366, 339139,
    352135, 355067, 357333, 358193, 358501, 359107, 359951, 361579, 365007, 366208,
    369420, 371950, 373059, 380025, 382850, 394365, 398181, 398522, 403681, 413995,
    419723, 423556, 427253, 428188, 430420, 433379, 433548, 436295, 436412, 437068,
    438104, 438466, 453620, 454388, 457425, 459444, 463034, 463382, 464814, 468497,
    469636, 477743, 477871, 477892, 484718, 485934, 486459, 491577, 501468, 503199,
    505626, 508148, 509050, 512612, 514007, 514351, 515616, 516151, 518121, 527346,
    542123, 542773, 544551, 545150, 546894, 548484, 557383, 560452, 561260, 561880,
    564510, 565353, 566206, 566937, 568509, 569133, 572081, 577511, 578811, 580632,
    583589, 583850, 585455, 599133, 604212, 605201, 606093, 608770, 615401, 624760,
    641049, 641122, 642393, 644293, 644879, 650863, 655634, 669432, 670775, 675850,
    675906, 677685, 687684, 701622, 705250, 716383, 719703, 721713, 723411, 725027,
    726552, 727566, 732093, 732772, 733850, 736573, 738922, 739118, 740663, 751545,
    753255, 760235, 767584, 769510, 771202, 775121, 782891, 796968, 801544, 808599,
    819109, 823799, 831131, 832050, 837384, 840186, 857463, 857818, 864763, 866368,
    866536, 870391, 873447, 874840, 882112, 883554, 883880, 885052, 891116, 891346,
    891701, 895111, 895206, 906118, 906728, 911660, 917831, 919633, 923587, 926618,
    928572, 931704, 933294, 934562, 938269, 940376, 945785, 952618, 955962, 956410,
    956633, 957299, 966839, 972148, 977610, 978391, 983015, 984711, 987136, 988604,
    988970, 990213, 999488, 1000223, 1000916, 1005263, 1011844, 1012608, 1017007,
    1018390, 1018489, 1019634, 1027796, 1028084, 1047245, 1047881, 1049823, 1050770,
    1051943, 1055091, 1056404, 1056634, 1061007, 1068129, 1080909, 1081161, 1096788,
    1101039, 1102685, 1103570, 1114878, 1116908, 1116911, 1121243, 1121787, 1126449,
    1127830, 1128894, 1130440, 1133161, 1138075, 1140109, 1143263, 1148205, 1149805,
    1152276, 1157932, 1160329, 1161478, 1165445, 1168509, 1168696, 1171491, 1171605,
    1177043, 1183399, 1188028, 1188876, 1189938, 1191308, 1211139, 1213843, 1216829,
    1224383, 1226441, 1241025, 1242563, 1245747, 1249247, 1253691, 1255441, 1256979,
    1269278, 1269279, 1270138, 1272654, 1273316, 1273377, 1276632, 1277366, 1280210,
    1290992, 1293036, 1294380, 1299128, 1302591, 1302825, 1303872, 1313556, 1316080,
    1323646, 1324050, 1326378, 1331712, 1332041, 1334340, 1335047, 1343942, 1346732,
    1348903, 1350825, 1357506, 1357807, 1361066, 1367013, 1372797, 1374043, 1376868,
    1378573, 1379968, 1380429, 1380805, 1384313, 1386697, 1390445, 1392990, 1393220,
    1393737, 1396442, 1396681, 1397903, 1404034, 1404784, 1406352, 1407208, 1407523,
    1414576, 1418796, 1419037, 1419089, 1420965, 1422025, 1425040, 1432550, 1443628,
    1446108, 1446921, 1448504, 1451564, 1452762, 1458140, 1461490, 1463638, 1477631,
    1478146, 1484203, 1484826, 1485908, 1485922, 1489275, 1491127, 1492211, 1492663,
    1504917, 1517881, 1521082, 1538433, 1538530, 1538820, 1539359, 1542075, 1543385,
    1563722, 1565325, 1570154, 1586028, 1594810, 1600997, 1602640, 1603904, 1604324,
    1604375, 1605552, 1607936, 1614959, 1618777, 1619085, 1619534, 1622122, 1627294,
    1633260, 1639664, 1645272, 1645614, 1646210, 1647703, 1651178, 1651334, 1652045,
    1660496, 1661421, 1675027, 1676784, 1679881, 1680242, 1690804, 1693818, 1705507,
    1705886, 1705919, 1709974, 1717456, 1721479, 1728851, 1730385, 1732446, 1735062,
    1738289, 1738363, 1739740, 1741984, 1746748, 1747083, 1759838, 1768243, 1777129,
    1777469, 1780077, 1780162, 1784079, 1785079, 1795081, 1802545, 1804371, 1816963]
  prime: 9999999967
- ksize: 22
  md5sum: 9dfded25755e2c99f41d2a4e6fdf8fe9
  mins: [0, 1062, 1813, 4914, 10816, 11446, 12867, 12880, 14097, 15295, 15943, 17820,
    18217, 18941, 19523, 28870, 29265, 33940, 36185, 39327, 40573, 43330, 45144, 52800,
    55140, 57777, 59092, 63603, 63747, 66611, 67524, 68228, 70871, 72630, 73830, 82584,
    83339, 88224, 92129, 93330, 99371, 100246, 100937, 102629, 108915, 119255, 119541,
    122926, 124534, 125314, 132983, 136678, 139386, 141157, 141259, 143661, 147094,
    147550, 150088, 151676, 155269, 157990, 161543, 162976, 166968, 175951, 177520,
    180410, 185842, 186506, 187791, 189414, 190619, 190626, 192950, 201378, 202365,
    203805, 207078, 207534, 214378, 222246, 233332, 239346, 240904, 244358, 245262,
    248222, 251980, 257098, 259077, 264619, 270153, 274572, 283252, 291973, 298039,
    300431, 300473, 301541, 301877, 302987, 305005, 308359, 310644, 314610, 315092,
    315960, 321695, 326862, 327412, 330159, 332995, 347058, 347693, 350007, 351718,
    353295, 354148, 354149, 355533, 358888, 359013, 360721, 361192, 368298, 383940,
    386499, 386506, 386728, 393131, 399774, 400281, 400998, 402939, 404355, 404807,
    414719, 416513, 419077, 419181, 421684, 424875, 426264, 427306, 429670, 430990,
    436170, 436904, 437760, 438843, 449052, 449972, 453112, 454664, 457832, 461482,
    465462, 467954, 467985, 471582, 475984, 488501, 489685, 489995, 492711, 502494,
    508616, 519027, 520326, 524844, 526617, 527950, 528461, 531163, 535073, 535887,
    535933, 536122, 546236, 548334, 548832, 554739, 576978, 577692, 591011, 593159,
    594928, 599299, 606259, 609192, 612740, 613508, 616048, 618357, 618932, 621827,
    624365, 626579, 630196, 631270, 635449, 638675, 638737, 646477, 652141, 660592,
    664028, 664687, 666515, 672668, 676647, 678401, 680046, 683666, 695617, 696344,
    697762, 701586, 702566, 702583, 716073, 721279, 724330, 726434, 738488, 743450,
    743852, 745318, 750061, 758562, 761466, 762838, 764151, 766975, 770329, 771194,
    777790, 783369, 786622, 786803, 787196, 790285, 790748, 794442, 794998, 798275,
    800208, 801666, 803818, 815661, 816084, 817965, 830436, 835580, 836698, 848071,
    848538, 851750, 854448, 856995, 857389, 857504, 857769, 859439, 884479, 886053,
    886790, 887501, 890586, 893250, 904572, 904716, 907184, 910117, 911739, 924386,
    927238, 929657, 936201, 937680, 938046, 939578, 941817, 943964, 949712, 949787,
    951488, 952226, 952334, 953839, 956447, 962205, 962575, 967013, 968961, 971202,
    979726, 980477, 981058, 981802, 982502, 984299, 984491, 987817, 1010647, 1015458,
    1018453, 1025006, 1028297, 1029489, 1032325, 1037692, 1039308, 1039540, 1042810,
    1057567, 1062203, 1062667, 1066637, 1071214, 1073488, 1081268, 1093795, 1093811,
    1099926, 1103624, 1105057, 1105104, 1106388, 1108176, 1118707, 1118747, 1122636,
    1128151, 1131089, 1135053, 1136381, 1137166, 1138320, 1148113, 1150166, 1150486,
    1151577, 1160098, 1164369, 1166612, 1174971, 1175406, 1177253, 1177386, 1177853,
    1181834, 1183874, 1201479, 1201916, 1203960, 1209377, 1218279, 1222863, 1225043,
    1227369, 1228326, 1229845, 1239022, 1240315, 1249060, 1249947, 1258865, 1259698,
    1262769, 1265359, 1265545, 1266074, 1266808, 1266945, 1267560, 1272078, 1277415,
    1284450, 1285471, 1295825, 1297436, 1298208, 1298322, 1301524, 1306894, 1310183,
    1319638, 1333211, 1334344, 1338118, 1350946, 1356476, 1357718, 1357761, 1377460,
    1386696, 1388539, 1389067, 1396353, 1404174, 1405077, 1405438, 1409256, 1414234,
    1421387, 1424076, 1428769, 1430425, 1431250, 1431580, 1431603, 1441370, 1441870,
    1446917, 1447554, 1450766, 1451725, 1453977, 1454805, 1455743, 1461462, 1463883,
    1469996, 1481656, 1483431, 1484170, 1490062, 1490170, 1491010, 1491640, 1492570,
    1492644, 1492984, 1496530, 1501190, 1503603, 1503883, 1512485, 1513973, 1518306,
    1524380, 1529649, 1531565, 1534075, 1534125, 1539544, 1541967, 1541987, 1546113,
    1547221, 1547926, 1550505, 1553448, 1553940, 1554495, 1560388, 1563610, 1564467,
    1565565, 1574083, 1581012, 1581430, 1583953, 1584515, 1586645, 1588375, 1594554,
    1595330, 1597750, 1599352, 1603114, 1608195, 1608968, 1614527, 1614586, 1615467,
    1620688, 1621192, 1622130, 1638001, 1639437, 1639504, 1646176, 1649881, 1653501,
    1656118, 1658611, 1671613, 1671963, 1673717, 1675003, 1676443, 1681545, 1690988,
    1692379, 1698089, 1701279, 1701727]
  prime: 9999999967
- ksize: 31
  md5sum: 481ab0562749a6cef9a088c3f8a5e8b9
  mins: [5015, 8933, 20141, 22310, 22383, 24427, 24711, 26066, 26960, 30611, 36558,
    42599, 47143, 48449, 54598, 57712, 62258, 64182, 66811, 68412, 69003, 71010, 86195,
    87101, 93335, 94109, 94878, 99658, 100225, 100621, 104057, 106267, 110103, 113501,
    116822, 119380, 120456, 122492, 124363, 126739, 130848, 133404, 134819, 141665,
    145695, 146138, 146696, 148102, 148168, 152826, 155504, 156425, 159719, 169456,
    171318, 175395, 178114, 178325, 178450, 178806, 179089, 179835, 179964, 188308,
    193898, 194463, 195647, 200543, 204991, 214816, 217040, 220299, 220620, 223257,
    224797, 227170, 229563, 229976, 231838, 234542, 236276, 245670, 246225, 247543,
    256462, 258822, 260340, 264963, 269341, 273167, 286394, 291785, 294430, 296027,
    296851, 303877, 304211, 306881, 312158, 319497, 320006, 332741, 335558, 340505,
    343308, 353637, 355159, 355522, 356804, 358360, 362036, 365008, 365857, 367037,
    374256, 374754, 383237, 397654, 400668, 406364, 413043, 414025, 421686, 421913,
    434055, 438657, 442630, 446083, 446394, 447150, 452819, 458931, 459893, 460775,
    470432, 476368, 479643, 483820, 496852, 500279, 504897, 508260, 508446, 515186,
    518354, 519055, 522795, 523768, 526496, 528385, 528533, 532028, 544210, 545962,
    545965, 547665, 562779, 563229, 570209, 571044, 584376, 590771, 609786, 616170,
    618100, 629689, 633236, 634357, 635518, 639496, 641176, 641891, 647038, 649121,
    653977, 656472, 657425, 658312, 658692, 673268, 674024, 674471, 675962, 682421,
    683149, 683432, 689303, 693614, 695222, 695475, 697616, 703737, 709453, 711129,
    711358, 712140, 714833, 718077, 718741, 720771, 722094, 724258, 726409, 736325,
    736890, 743840, 748338, 755658, 755828, 757541, 765079, 766693, 768742, 771085,
    772052, 776810, 781168, 789855, 792483, 793322, 795586, 795876, 801209, 805667,
    806619, 809203, 813313, 814401, 817806, 819787, 823841, 825417, 827914, 830574,
    830887, 831392, 833436, 841694, 842499, 846465, 848596, 853179, 854560, 855299,
    857020, 857426, 863620, 867235, 870625, 878851, 879651, 888235, 889042, 890371,
    891718, 892613, 893102, 895149, 901370, 901850, 901920, 903324, 905300, 912260,
    913023, 916251, 917455, 920509, 923249, 925158, 930674, 931973, 934397, 935727,
    944452, 945357, 950061, 951948, 959987, 960216, 961549, 961566, 961747, 965809,
    976282, 989017, 993389, 996373, 999288, 1001159, 1002774, 1003705, 1005468, 1007996,
    1013458, 1017556, 1020566, 1024775, 1026513, 1026791, 1029525, 1029881, 1031057,
    1031887, 1032190, 1033263, 1044886, 1048529, 1052742, 1060808, 1066647, 1076062,
    1076178, 1078759, 1083791, 1085503, 1085856, 1089469, 1089541, 1093729, 1099085,
    1102433, 1106016, 1107262, 1109288, 1115999, 1116788, 1118598, 1119061, 1124823,
    1126922, 1130672, 1140357, 1140878, 1157857, 1162816, 1163625, 1166693, 1167002,
    1169029, 1171449, 1171900, 1172293, 1181412, 1183895, 1186097, 1187277, 1188383,
    1188516, 1193390, 1199534, 1202946, 1215205, 1218799, 1220007, 1220119, 1222789,
    1228248, 1230062, 1232879, 1243327, 1245914, 1253097, 1261657, 1263486, 1266801,
    1267082, 1267235, 1270829, 1271425, 1272723, 1281689, 1284133, 1285846, 1289701,
    1296304, 1300454, 1311143, 1311268, 1311932, 1314475, 1316087, 1317981, 1325107,
    1328605, 1331857, 1335694, 1349676, 1353276, 1356431, 1358537, 1358564, 1363687,
    1365671, 1367214, 1368013, 1378779, 1379563, 1382711, 1383898, 1390737, 1395404,
    1398392, 1398646, 1401002, 1410756, 1414106, 1415846, 1417356, 1417827, 1418738,
    1421038, 1421099, 1421492, 1426026, 1426367, 1428540, 1433283, 1445545, 1457405,
    1458774, 1458897, 1462308, 1465701, 1468434, 1470779, 1474586, 1476534, 1483478,
    1483728, 1484367, 1485784, 1489667, 1489968, 1498893, 1504828, 1509608, 1516289,
    1517103, 1518199, 1533684, 1538364, 1549296, 1551300, 1558385, 1559045, 1563588,
    1566535, 1567153, 1567635, 1574038, 1574434, 1576734, 1578932, 1583197, 1583211,
    1585831, 1593707, 1596335, 1597041, 1599113, 1608870, 1610599, 1611943, 1613167,
    1614096, 1616237, 1618442, 1620025, 1625727, 1627140, 1628436, 1629874, 1635418,
    1637159, 1637938, 1638692, 1641317, 1642171, 1642693, 1648014, 1649887, 1651545,
    1653972, 1653989, 1656070, 1656466, 1657664, 1664942, 1666587, 1673427, 1678302,
    1682467, 1687620, 1689611, 1691389, 1700260, 1703793, 1705781, 1706552]
  prime: 9999999967
- ksize: 32
  md5sum: 9dc89708bbb3839e949dbbcde57d04b4
  mins: [0, 16398, 16615, 19989, 21387, 21446, 24651, 26627, 28986, 32795, 36472,
    37425, 40596, 53491, 53840, 58351, 60468, 61421, 67838, 70607, 73156, 76289, 78331,
    78848, 80095, 85407, 87106, 90795, 96941, 97786, 98012, 99393, 101240, 113740,
    119159, 124917, 127362, 130768, 131845, 132151, 137473, 141629, 143696, 143921,
    146301, 150554, 156067, 158543, 159164, 159889, 161667, 167361, 167398, 173015,
    176687, 180890, 188248, 191113, 196897, 199338, 200447, 205877, 207257, 215243,
    230649, 234983, 235488, 238488, 243350, 249928, 261839, 264800, 267214, 267288,
    272454, 273052, 281338, 282939, 284414, 286814, 288976, 291920, 298128, 301224,
    301641, 303914, 311089, 311871, 315379, 315702, 316252, 316551, 325071, 326507,
    329173, 331998, 335014, 335046, 336037, 336386, 336481, 336649, 351908, 356440,
    356451, 361169, 366566, 371928, 372541, 375352, 386557, 387845, 391183, 393916,
    395150, 399471, 406520, 406793, 406810, 414744, 415363, 433108, 438396, 439471,
    442219, 442332, 444680, 444685, 447415, 448471, 456413, 457531, 459881, 472295,
    480469, 481397, 483999, 487581, 489576, 490223, 491515, 499522, 500192, 506935,
    506962, 509639, 512439, 528708, 529830, 543745, 543783, 546916, 550509, 551651,
    554550, 555844, 558416, 560925, 561352, 563062, 563401, 564088, 564895, 568778,
    570976, 572968, 574075, 585966, 586854, 589985, 591276, 592273, 594411, 594918,
    595506, 595648, 600887, 604044, 604775, 606989, 607696, 607723, 609899, 614755,
    619675, 620171, 620835, 624254, 626231, 628366, 628405, 635741, 636324, 639518,
    639931, 640536, 641864, 646752, 650086, 650540, 655979, 662137, 663022, 664620,
    666136, 667017, 667255, 671179, 673021, 674889, 675644, 675829, 676627, 676692,
    676920, 685099, 685425, 689036, 690419, 697910, 698432, 701924, 702615, 717910,
    718570, 721867, 722353, 724467, 727139, 739000, 742144, 742946, 744345, 744911,
    754083, 754741, 758734, 760349, 763064, 764950, 768066, 770750, 775476, 776642,
    778274, 786270, 790944, 793577, 798094, 813396, 823351, 824099, 831595, 834971,
    846904, 848931, 849109, 851161, 854202, 860108, 863264, 866684, 867216, 868022,
    870359, 876196, 876720, 879905, 893667, 907216, 914988, 924570, 927088, 930472,
    931593, 934065, 938447, 953554, 956299, 958033, 963139, 968111, 968749, 972146,
    972969, 974132, 976220, 976459, 977858, 980345, 981500, 981693, 984463, 986396,
    989872, 991851, 991986, 994110, 995177, 995192, 1002190, 1006494, 1007931, 1010549,
    1011867, 1016822, 1016924, 1018568, 1022636, 1022667, 1022894, 1028246, 1029950,
    1031522, 1033147, 1035769, 1041360, 1043359, 1052323, 1065136, 1066507, 1066629,
    1067161, 1069257, 1070024, 1070961, 1071330, 1071860, 1072228, 1078996, 1082327,
    1083533, 1084209, 1089856, 1093835, 1102727, 1106114, 1108643, 1112494, 1114804,
    1120232, 1128548, 1130812, 1138600, 1143016, 1147722, 1148575, 1154218, 1155937,
    1158251, 1165630, 1165942, 1169197, 1172785, 1173010, 1174552, 1178150, 1181511,
    1192070, 1196476, 1197713, 1197730, 1199937, 1202624, 1205583, 1211061, 1220846,
    1222069, 1228875, 1230707, 1231239, 1232563, 1237039, 1240805, 1244175, 1248012,
    1248302, 1254935, 1256528, 1264830, 1271564, 1279529, 1287767, 1290414, 1292417,
    1292654, 1296121, 1297072, 1297842, 1300691, 1301235, 1303356, 1306431, 1317550,
    1319789, 1320747, 1323304, 1324236, 1327438, 1330150, 1336977, 1340446, 1341916,
    1342204, 1343744, 1359905, 1368945, 1369391, 1380862, 1384606, 1387947, 1387949,
    1388830, 1389432, 1403436, 1416453, 1420922, 1421270, 1422404, 1425889, 1428657,
    1440821, 1443392, 1444480, 1450139, 1450923, 1454879, 1457712, 1458017, 1464790,
    1470396, 1474800, 1476082, 1481670, 1486761, 1487191, 1488121, 1497432, 1502086,
    1503715, 1506622, 1534915, 1538710, 1542890, 1544578, 1546864, 1553762, 1556911,
    1558257, 1563917, 1564092, 1565899, 1566774, 1569068, 1572651, 1572791, 1576578,
    1582857, 1590148, 1595033, 1597417, 1604471, 1605053, 1605454, 1605546, 1607512,
    1610468, 1612639, 1617337, 1617494, 1618899, 1621000, 1624960, 1625203, 1629255,
    1630019, 1631490, 1634656, 1641733, 1642491, 1643829, 1644106, 1645828, 1646146,
    1647782, 1648687, 1654595, 1656952, 1656958, 1657792, 1659060, 1661366, 1664795,
    1665179, 1669139, 1670052, 1674573, 1679221, 1679331, 1682148]
  prime: 9999999967
type: mrnaseq
version: '0.2'
