class: sourmash_signature
email: titus@idyll.org
filename: SRR2241509_1.fastq.gz.trimnoV.fq.gz
name: disease mouse
signatures:
- ksize: 16
  md5sum: 6bc4c6a7e0523044187a4d5669da9dc8
  mins: [0, 12332, 25844, 57148, 62851, 68675, 68801, 69347, 94900, 96327, 102236,
    108642, 155557, 158767, 189472, 204338, 215731, 238781, 240003, 261707, 263061,
    270400, 295439, 355067, 357333, 359951, 365007, 371950, 373059, 382850, 428188,
    436412, 438104, 454388, 477871, 491577, 505626, 514007, 518121, 546894, 557383,
    565353, 569133, 578811, 580632, 585455, 605201, 606093, 608770, 615401, 644293,
    650863, 669432, 677685, 716383, 719703, 732093, 732772, 733850, 767584, 801544,
    819109, 823799, 832050, 837384, 840186, 857818, 870391, 873447, 874840, 882112,
    883554, 891346, 895111, 895206, 906728, 931704, 945785, 952618, 972148, 977610,
    983015, 988604, 999488, 1012608, 1018390, 1018489, 1019634, 1047881, 1050770,
    1051943, 1055091, 1056634, 1081161, 1096788, 1116911, 1121243, 1121787, 1126449,
    1127830, 1128894, 1138075, 1143263, 1171491, 1183399, 1191308, 1224383, 1245747,
    1277366, 1280210, 1302825, 1303872, 1334340, 1346732, 1348903, 1367013, 1379968,
    1380429, 1380805, 1386697, 1392990, 1393737, 1396442, 1397903, 1406352, 1414576,
    1418796, 1425040, 1432550, 1443628, 1446921, 1451564, 1477631, 1485908, 1485922,
    1491127, 1492211, 1492663, 1504917, 1543385, 1586028, 1604324, 1604375, 1607936,
    1614959, 1627294, 1651178, 1679881, 1680242, 1690804, 1693818, 1717456, 1730385,
    1746748, 1777469, 1780162, 1784079, 1795081, 1802545, 1823935, 1831675, 1840214,
    1868198, 1878485, 1917984, 1925111, 1941559, 1949297, 1960674, 1965354, 1983944,
    1995533, 1999624, 2010481, 2022972, 2029587, 2046600, 2050585, 2059069, 2067153,
    2074206, 2082941, 2089869, 2096647, 2098854, 2109669, 2116547, 2130090, 2142047,
    2143403, 2177271, 2179221, 2194769, 2196996, 2205599, 2231718, 2240421, 2265989,
    2266542, 2275200, 2282551, 2328078, 2348932, 2350768, 2361933, 2365933, 2376689,
    2391839, 2403958, 2422292, 2430928, 2431348, 2448398, 2464766, 2468074, 2488766,
    2502328, 2505482, 2516427, 2521268, 2521785, 2526328, 2538187, 2546656, 2615483,
    2618162, 2673732, 2679700, 2699863, 2711270, 2724706, 2727711, 2767229, 2777032,
    2807460, 2819900, 2820391, 2823125, 2826125, 2835349, 2839995, 2849898, 2867709,
    2873649, 2888797, 2898697, 2904354, 2983227, 2984923, 2985726, 2993370, 3000060,
    3003432, 3018920, 3034801, 3042176, 3086729, 3088629, 3092917, 3094922, 3099242,
    3106351, 3144708, 3178436, 3186435, 3202692, 3211030, 3220524, 3240462, 3244524,
    3244527, 3252725, 3260853, 3262652, 3274976, 3287137, 3304712, 3320482, 3329134,
    3335828, 3350591, 3364256, 3369703, 3436350, 3457821, 3470433, 3472001, 3478537,
    3507931, 3536302, 3556809, 3577430, 3593848, 3602644, 3618557, 3621669, 3623814,
    3653170, 3654691, 3656343, 3656798, 3662895, 3665156, 3666587, 3670452, 3673348,
    3677989, 3689628, 3698922, 3718944, 3727543, 3737811, 3745336, 3748861, 3757661,
    3761787, 3786317, 3812683, 3814642, 3820564, 3830643, 3837141, 3888660, 3932413,
    3942124, 3949490, 3958367, 3966126, 3975479, 3978965, 3980122, 3984862, 4004146,
    4016856, 4018731, 4028138, 4031159, 4039801, 4043040, 4061038, 4068358, 4070705,
    4076408, 4076870, 4088421, 4103694, 4125616, 4140643, 4145708, 4155937, 4158353,
    4183894, 4221316, 4223653, 4224941, 4242159, 4277053, 4282503, 4283299, 4311973,
    4317137, 4322189, 4329539, 4341877, 4342674, 4346149, 4347311, 4349095, 4354133,
    4364255, 4368355, 4375973, 4392639, 4406729, 4407051, 4417810, 4435366, 4449809,
    4456579, 4476356, 4487976, 4494471, 4496546, 4501141, 4505351, 4506258, 4514350,
    4530102, 4544712, 4554127, 4555892, 4571240, 4604121, 4619064, 4631678, 4643122,
    4666923, 4667232, 4675817, 4690476, 4691652, 4692634, 4713301, 4719362, 4747807,
    4783398, 4784550, 4801419, 4814402, 4823479, 4827017, 4828791, 4832872, 4844742,
    4848714, 4849785, 4860392, 4878185, 4892038, 4908493, 4921321, 4926400, 4927524,
    4937721, 4966092, 4974486, 4994079, 4996930, 5010265, 5011113, 5028333, 5033661,
    5039681, 5059849, 5068835, 5080027, 5080270, 5086226, 5089411, 5093768, 5101561,
    5101754, 5113022, 5123348, 5128037, 5133058, 5134903, 5146275, 5152130, 5156636,
    5166515, 5173576, 5177430, 5207573, 5229311, 5259373, 5265971, 5268012, 5272896,
    5287597, 5290842, 5297721, 5309468, 5333721, 5334241, 5341717, 5342814, 5349587,
    5356924, 5364472, 5371049, 5384439, 5397736, 5406159, 5444419, 5445784, 5454921,
    5457142, 5484296, 5494792, 5500838, 5507339, 5512288, 5536768, 5549871, 5572035,
    5596416, 5605145, 5621000, 5624724, 5633610, 5661884, 5671275, 5693267, 5695719,
    5699373, 5717737, 5748551, 5758798, 5766147]
  prime: 9999999967
- ksize: 22
  md5sum: 81e8aa86e1970fb64d3101b295f540de
  mins: [0, 1062, 10816, 11446, 12880, 14097, 15943, 17820, 28870, 29265, 33940, 36185,
    39327, 43330, 52800, 63603, 66611, 67524, 72630, 82584, 99371, 100246, 102629,
    136678, 139386, 143661, 147094, 151676, 155269, 166968, 180410, 190626, 214378,
    248222, 259077, 274572, 300431, 310644, 314610, 315960, 321695, 327412, 347058,
    350007, 354149, 361192, 386499, 400281, 404355, 404807, 436170, 436904, 437760,
    438843, 461482, 467985, 488501, 508616, 531163, 535933, 536122, 548334, 548832,
    554739, 577692, 593159, 599299, 618357, 618932, 621827, 631270, 635449, 638675,
    660592, 676647, 683666, 696344, 716073, 724330, 738488, 761466, 762838, 764151,
    786622, 790285, 801666, 815661, 851750, 854448, 884479, 886790, 893250, 904572,
    911739, 937680, 939578, 962205, 971202, 981058, 984299, 984491, 1010647, 1018453,
    1029489, 1039540, 1057567, 1062203, 1062667, 1066637, 1093811, 1099926, 1105057,
    1108176, 1118707, 1135053, 1151577, 1160098, 1174971, 1181834, 1203960, 1229845,
    1239022, 1240315, 1259698, 1262769, 1265359, 1265545, 1266808, 1266945, 1285471,
    1297436, 1298208, 1298322, 1301524, 1306894, 1310183, 1319638, 1333211, 1338118,
    1350946, 1377460, 1389067, 1404174, 1421387, 1431250, 1441870, 1491010, 1492644,
    1501190, 1534075, 1539544, 1546113, 1553940, 1563610, 1595330, 1597750, 1608195,
    1608968, 1614527, 1638001, 1653501, 1658611, 1671963, 1673717, 1675003, 1698089,
    1702234, 1715678, 1718032, 1719333, 1749595, 1756286, 1770784, 1795407, 1798741,
    1804088, 1807615, 1824273, 1835227, 1839510, 1856761, 1861309, 1866774, 1870841,
    1870906, 1872791, 1879811, 1885164, 1904143, 1908852, 1950085, 1953538, 1958463,
    1989776, 1993196, 2009337, 2013505, 2015718, 2019026, 2034939, 2048040, 2049052,
    2084455, 2116842, 2118549, 2118554, 2125779, 2136622, 2146871, 2147486, 2169067,
    2170208, 2189799, 2197484, 2217448, 2226845, 2257965, 2258293, 2264378, 2264974,
    2291535, 2299609, 2311181, 2314461, 2316322, 2327376, 2332253, 2347146, 2374848,
    2388323, 2397019, 2399344, 2419545, 2457383, 2457679, 2482843, 2486518, 2506398,
    2506951, 2525140, 2525393, 2529127, 2545815, 2548305, 2555063, 2572866, 2574113,
    2579293, 2580646, 2604260, 2605995, 2609035, 2611314, 2631891, 2633812, 2634641,
    2644266, 2644602, 2650754, 2653462, 2653820, 2660821, 2670715, 2671487, 2690457,
    2694429, 2697557, 2717454, 2718719, 2724268, 2729747, 2730751, 2774905, 2775181,
    2802575, 2816158, 2821313, 2825491, 2850698, 2858482, 2876436, 2923271, 2934239,
    2952788, 2954591, 2962840, 2983777, 2992290, 2994115, 3019176, 3025592, 3046170,
    3064453, 3067270, 3091110, 3116532, 3133222, 3140796, 3142017, 3142518, 3155320,
    3166164, 3170204, 3171650, 3178082, 3181506, 3192144, 3200007, 3201756, 3217364,
    3221018, 3223841, 3231601, 3234252, 3275436, 3281873, 3283130, 3296711, 3320380,
    3343741, 3347833, 3361016, 3370888, 3392609, 3398371, 3398659, 3406396, 3407296,
    3409484, 3410491, 3445619, 3446120, 3465958, 3490195, 3491112, 3494983, 3495308,
    3497087, 3504115, 3511534, 3519031, 3520570, 3542794, 3548878, 3568810, 3583468,
    3592584, 3601779, 3614079, 3619571, 3621244, 3632697, 3664787, 3685614, 3698042,
    3698533, 3699596, 3704196, 3746176, 3748732, 3749312, 3752202, 3761971, 3771381,
    3785005, 3794257, 3806135, 3814420, 3815294, 3816132, 3824838, 3845919, 3866613,
    3867438, 3872493, 3884733, 3887709, 3901354, 3914764, 3918892, 3924753, 3924927,
    3934312, 3963416, 3967993, 3989093, 3990939, 4009009, 4017014, 4017665, 4031601,
    4033321, 4038962, 4039896, 4047683, 4086023, 4098730, 4118836, 4119514, 4152515,
    4161342, 4187506, 4188787, 4202771, 4205888, 4218291, 4220312, 4234516, 4264416,
    4286389, 4297141, 4299874, 4302263, 4316166, 4329149, 4332463, 4343006, 4355333,
    4378570, 4384152, 4419302, 4427026, 4428815, 4443545, 4444023, 4446947, 4459582,
    4466712, 4466757, 4467609, 4476303, 4478589, 4487028, 4487603, 4501470, 4530189,
    4557118, 4558668, 4558692, 4563604, 4570351, 4572057, 4572937, 4617904, 4620661,
    4624245, 4627169, 4638278, 4644438, 4646050, 4649418, 4657957, 4662892, 4689940,
    4713564, 4715505, 4728632, 4729143, 4744208, 4756185, 4766837, 4771363, 4800327,
    4817961, 4839989, 4847733, 4857940, 4861633, 4874865, 4875383, 4883295, 4905668,
    4911051, 4925694, 4944287, 4946407, 4946832, 4955473, 4995153, 5001597, 5004179,
    5005145, 5014091, 5018201, 5020546, 5022412, 5023071, 5023351, 5042962, 5056537,
    5064806, 5071703, 5075209, 5077851, 5081202, 5084895, 5092942, 5107056, 5120241,
    5122344]
  prime: 9999999967
- ksize: 31
  md5sum: 39c76b3ad3e7beb86160b034c948754e
  mins: [5015, 22383, 26066, 42599, 54598, 62258, 64182, 71010, 99658, 110103, 116822,
    133404, 148102, 155504, 156425, 169456, 171318, 179089, 179964, 193898, 200543,
    223257, 229976, 246225, 256462, 258822, 294430, 312158, 335558, 353637, 374256,
    374754, 400668, 406364, 421913, 438657, 446083, 447150, 458931, 479643, 483820,
    500279, 515186, 518354, 526496, 563229, 571044, 618100, 634357, 639496, 657425,
    673268, 675962, 683149, 693614, 703737, 711358, 720771, 736890, 757541, 765079,
    771085, 781168, 789855, 795586, 806619, 817806, 830887, 833436, 841694, 846465,
    848596, 857020, 879651, 888235, 889042, 890371, 895149, 901370, 901920, 925158,
    944452, 945357, 950061, 959987, 960216, 961549, 1001159, 1002774, 1003705, 1005468,
    1007996, 1013458, 1017556, 1020566, 1026513, 1026791, 1033263, 1052742, 1060808,
    1078759, 1085856, 1089469, 1093729, 1109288, 1115999, 1140357, 1157857, 1169029,
    1186097, 1188383, 1199534, 1215205, 1222789, 1243327, 1261657, 1267082, 1270829,
    1272723, 1284133, 1296304, 1328605, 1331857, 1335694, 1358537, 1358564, 1363687,
    1368013, 1383898, 1395404, 1410756, 1414106, 1415846, 1417827, 1421492, 1426367,
    1428540, 1458774, 1489667, 1509608, 1516289, 1551300, 1566535, 1567635, 1578932,
    1583197, 1599113, 1613167, 1614096, 1616237, 1625727, 1629874, 1635418, 1637938,
    1641317, 1642693, 1649887, 1651545, 1656070, 1656466, 1657664, 1666587, 1687620,
    1703793, 1705781, 1708003, 1724798, 1730126, 1733467, 1743689, 1768415, 1794798,
    1809051, 1845012, 1868979, 1869171, 1877757, 1877976, 1878172, 1909117, 1910945,
    1920432, 1939751, 1942123, 1945757, 1946531, 1950935, 1952916, 1979309, 2015175,
    2033628, 2050979, 2062174, 2108593, 2124479, 2136058, 2137106, 2143812, 2166581,
    2192896, 2201693, 2208509, 2228328, 2231553, 2233799, 2248921, 2258760, 2269979,
    2270315, 2276679, 2278283, 2287671, 2292099, 2299526, 2304898, 2308348, 2318847,
    2323689, 2327769, 2344467, 2383582, 2396646, 2439052, 2450430, 2450592, 2459198,
    2493098, 2507894, 2509329, 2517218, 2531754, 2536259, 2540239, 2558972, 2561463,
    2592894, 2594069, 2605288, 2619492, 2634392, 2658372, 2661572, 2681483, 2697009,
    2712273, 2712845, 2714861, 2725177, 2730007, 2731317, 2752630, 2767086, 2772553,
    2805735, 2818410, 2818569, 2819929, 2829285, 2838038, 2841368, 2847388, 2848864,
    2859897, 2869736, 2892956, 2899534, 2910599, 2919054, 2920450, 2927689, 2928716,
    2944580, 2956096, 2963392, 2979283, 2999345, 3005862, 3037646, 3037769, 3039724,
    3045204, 3056662, 3057933, 3059913, 3071219, 3085671, 3091604, 3093391, 3120025,
    3151041, 3156770, 3161822, 3170889, 3174159, 3214000, 3233457, 3258990, 3263846,
    3264802, 3277346, 3283133, 3299192, 3307779, 3314887, 3328010, 3341576, 3363746,
    3373219, 3381657, 3410563, 3413918, 3426584, 3427762, 3439236, 3446115, 3449535,
    3461895, 3462074, 3485205, 3505249, 3519409, 3519604, 3524829, 3526572, 3529379,
    3536141, 3548186, 3590570, 3610759, 3616816, 3623166, 3626399, 3650175, 3668714,
    3696576, 3707957, 3723268, 3727189, 3729080, 3731265, 3732866, 3750271, 3759256,
    3786614, 3790940, 3795924, 3825038, 3842170, 3842188, 3842625, 3851552, 3856595,
    3872814, 3875123, 3887362, 3888457, 3895293, 3910066, 3913641, 3930563, 3931434,
    3935951, 3940655, 3948676, 3953408, 3965346, 3967788, 3978579, 3993227, 3995096,
    4029773, 4040033, 4040527, 4048476, 4051175, 4069813, 4093436, 4102233, 4103862,
    4114342, 4121300, 4126464, 4138642, 4144429, 4145922, 4166100, 4178256, 4179072,
    4184898, 4185997, 4187791, 4196246, 4201388, 4204001, 4206494, 4213120, 4238177,
    4244428, 4254508, 4259095, 4265700, 4276101, 4291809, 4303369, 4307258, 4312884,
    4320584, 4339172, 4347458, 4361198, 4364647, 4368026, 4376989, 4382833, 4387200,
    4397167, 4409038, 4428573, 4428616, 4441644, 4457015, 4457170, 4464328, 4477516,
    4496623, 4500504, 4509298, 4519081, 4539844, 4561487, 4571856, 4596154, 4597384,
    4597637, 4597733, 4615273, 4634873, 4652015, 4657454, 4663787, 4666924, 4670956,
    4677244, 4700366, 4707513, 4709378, 4712777, 4721696, 4729439, 4733747, 4737222,
    4743465, 4747980, 4765748, 4779232, 4815523, 4825314, 4834917, 4854757, 4874646,
    4875695, 4883592, 4885644, 4913457, 4930439, 4932014, 4933005, 4936654, 4945178,
    4950509, 4973332, 4978943, 4997725, 4998661, 5002114, 5002539, 5017168, 5026740,
    5027207, 5042132, 5043200, 5053064, 5063438, 5065471, 5068120, 5078562, 5088837,
    5092844, 5108618, 5126466, 5126956, 5156708, 5163495, 5179760, 5183930, 5185093,
    5190657, 5211323, 5213371, 5237531]
  prime: 9999999967
- ksize: 32
  md5sum: af4ea60394369fe0a0bbc3c985df6b0c
  mins: [0, 16615, 21387, 24651, 26627, 28986, 32795, 37425, 60468, 70607, 73156,
    78331, 78848, 87106, 97786, 99393, 101240, 130768, 131845, 143696, 159164, 167361,
    188248, 191113, 200447, 234983, 235488, 261839, 311871, 316551, 326507, 329173,
    336386, 351908, 391183, 393916, 406520, 406810, 433108, 444680, 459881, 483999,
    487581, 490223, 491515, 506962, 561352, 568778, 574075, 586854, 589985, 594411,
    614755, 619675, 626231, 628366, 640536, 641864, 646752, 655979, 667255, 674889,
    675829, 676692, 718570, 724467, 739000, 744345, 764950, 775476, 778274, 790944,
    798094, 813396, 831595, 851161, 867216, 876720, 893667, 931593, 953554, 963139,
    968111, 968749, 976459, 977858, 984463, 991986, 994110, 995177, 1002190, 1018568,
    1035769, 1052323, 1069257, 1070961, 1078996, 1102727, 1108643, 1128548, 1165630,
    1178150, 1197730, 1230707, 1256528, 1271564, 1297072, 1297842, 1317550, 1324236,
    1327438, 1340446, 1341916, 1343744, 1359905, 1384606, 1389432, 1421270, 1425889,
    1443392, 1444480, 1450923, 1457712, 1464790, 1474800, 1487191, 1488121, 1497432,
    1502086, 1506622, 1565899, 1566774, 1590148, 1607512, 1617494, 1629255, 1634656,
    1641733, 1645828, 1646146, 1654595, 1656952, 1661366, 1664795, 1674573, 1679221,
    1682148, 1686529, 1687089, 1698268, 1704989, 1725964, 1740227, 1749451, 1751532,
    1760340, 1768892, 1770977, 1809596, 1828965, 1835302, 1837003, 1844068, 1846238,
    1849889, 1850508, 1897509, 1912678, 1914809, 1918994, 1923675, 1931825, 1939209,
    1940323, 1942471, 1952345, 1966674, 1971427, 1971953, 1985175, 1994054, 1997006,
    2022157, 2023781, 2035405, 2035934, 2040975, 2048107, 2057072, 2077916, 2107566,
    2115915, 2122341, 2123022, 2133857, 2141826, 2162566, 2171146, 2172062, 2183949,
    2187079, 2188473, 2199088, 2202162, 2211266, 2214406, 2227849, 2231071, 2239502,
    2250265, 2251545, 2253686, 2256058, 2278661, 2279644, 2298322, 2316358, 2319227,
    2329637, 2333104, 2345475, 2366133, 2375770, 2380459, 2380664, 2403759, 2427269,
    2440944, 2443757, 2449697, 2458502, 2460465, 2476201, 2492138, 2492891, 2497795,
    2501744, 2504366, 2519941, 2524338, 2541671, 2547574, 2562971, 2572995, 2587821,
    2600383, 2604250, 2613983, 2620731, 2621028, 2632271, 2642087, 2667985, 2670334,
    2684328, 2688696, 2696185, 2719136, 2724058, 2726480, 2726678, 2739477, 2744767,
    2753453, 2766165, 2770453, 2778463, 2788512, 2814671, 2829401, 2842247, 2853576,
    2854665, 2865562, 2882938, 2890326, 2907370, 2912345, 2956372, 2963666, 2969951,
    2971361, 2974964, 2999183, 2999776, 3058059, 3069285, 3069892, 3089063, 3104903,
    3115905, 3116271, 3119835, 3120727, 3126782, 3166374, 3172645, 3185372, 3186498,
    3199586, 3213281, 3220910, 3233026, 3238590, 3242442, 3244701, 3260592, 3269789,
    3271958, 3282210, 3292981, 3296490, 3301095, 3305808, 3335826, 3362915, 3370736,
    3376438, 3380046, 3385875, 3400934, 3429700, 3438941, 3447757, 3454022, 3465445,
    3467961, 3475332, 3476305, 3479671, 3488065, 3491292, 3502519, 3503850, 3507204,
    3513513, 3532086, 3533597, 3544566, 3572005, 3574673, 3578601, 3583359, 3585266,
    3586680, 3591231, 3596117, 3632686, 3638866, 3650214, 3653709, 3664393, 3665899,
    3669030, 3681301, 3684951, 3686783, 3691425, 3691918, 3697080, 3709201, 3734134,
    3734936, 3764599, 3769279, 3770250, 3774889, 3801073, 3803085, 3858054, 3866148,
    3893183, 3893669, 3910743, 3931656, 3936033, 3964340, 3999407, 4000547, 4041675,
    4052160, 4067894, 4075572, 4082272, 4091921, 4102292, 4107707, 4110156, 4113621,
    4121850, 4129989, 4150602, 4152943, 4154423, 4159269, 4160411, 4171284, 4185458,
    4209074, 4212067, 4229830, 4231462, 4236748, 4277259, 4282421, 4288089, 4307191,
    4309798, 4324224, 4359251, 4367063, 4388851, 4412811, 4420343, 4421652, 4437631,
    4446206, 4458807, 4465378, 4489164, 4502320, 4507555, 4515658, 4526409, 4539575,
    4579237, 4590636, 4601618, 4604756, 4612243, 4625808, 4642859, 4645919, 4646091,
    4647053, 4648298, 4653642, 4660134, 4679314, 4686124, 4689034, 4741371, 4766326,
    4769358, 4783424, 4784645, 4786635, 4787030, 4790436, 4793294, 4806352, 4808218,
    4824138, 4826970, 4829612, 4839809, 4849927, 4873757, 4880326, 4880427, 4890178,
    4893667, 4903440, 4936560, 4998406, 5004734, 5018285, 5044205, 5056059, 5078577,
    5091837, 5109066, 5110138, 5111781, 5115215, 5131038, 5131660, 5161887, 5181116,
    5196615, 5214168, 5218820, 5224245, 5231086, 5249591, 5260991, 5301552, 5311473,
    5314288, 5320376, 5323213, 5343334, 5345179, 5349410, 5373824, 5376401, 5381640,
    5387763, 5388554, 5389484]
  prime: 9999999967
type: mrnaseq
version: '0.2'
