class: sourmash_signature
email: titus@idyll.org
filename: SRR2060939_1.fastq.gz.trimnoV.fq.gz
name: house mouse
signatures:
- ksize: 16
  md5sum: 175f3d56d589f9cfbc02973bb8b4205f
  mins: [0, 9, 69, 123, 147, 576, 1114, 2416, 3615, 3788, 4119, 4267, 4406, 4545,
    4570, 5139, 6288, 6310, 6326, 7104, 7125, 7128, 7204, 7222, 8560, 8777, 8924,
    9330, 10406, 10730, 10842, 11374, 11696, 12793, 13074, 14688, 15176, 15506, 17714,
    17783, 17903, 17922, 18461, 18520, 19070, 19263, 19501, 19738, 19942, 20544, 20633,
    20952, 21062, 21257, 21469, 21493, 21947, 22181, 22444, 24570, 24720, 25844, 25909,
    26445, 26952, 28444, 29864, 30030, 30509, 30652, 30693, 31292, 31895, 32166, 32674,
    33079, 33265, 33402, 33448, 33858, 34058, 34145, 34234, 34261, 35096, 35511, 37256,
    37686, 38018, 40855, 41500, 42947, 43101, 44931, 45736, 46003, 46772, 47206, 47808,
    48101, 49271, 50128, 50228, 50731, 51289, 51314, 51901, 52432, 53069, 53257, 53272,
    53793, 53891, 54167, 54504, 54777, 54799, 54911, 54970, 55504, 55633, 55783, 56000,
    56526, 56676, 57075, 57148, 58173, 58284, 60366, 61493, 61591, 62542, 62581, 63214,
    63798, 64134, 64458, 64758, 64994, 65082, 65846, 66074, 66205, 67205, 67875, 68170,
    68427, 68673, 68801, 69347, 69872, 70082, 70159, 70343, 71326, 71689, 71851, 73454,
    73898, 74129, 74479, 75223, 75346, 75595, 75928, 76266, 76329, 76460, 76622, 76730,
    77075, 77637, 77784, 77938, 78478, 79008, 79044, 79930, 80593, 80829, 80842, 81720,
    83813, 84471, 85230, 85981, 86534, 86683, 87563, 87813, 88717, 89381, 89800, 90121,
    90576, 90756, 90784, 90952, 91130, 91894, 91956, 91968, 91982, 92090, 92551, 92752,
    93075, 93512, 93754, 93792, 93895, 94660, 94872, 95269, 95825, 95931, 96045, 96313,
    96418, 97747, 98333, 98630, 100770, 101047, 102236, 102297, 103183, 103362, 103580,
    103588, 103656, 103998, 104415, 104709, 104982, 105103, 105196, 105327, 105706,
    105784, 106612, 106797, 107387, 107787, 108109, 108384, 108642, 109392, 110252,
    110372, 110648, 112213, 112605, 113304, 113340, 114190, 114439, 114569, 114904,
    115224, 115764, 115864, 115969, 116204, 116343, 116469, 116688, 116936, 118157,
    118316, 118479, 118621, 118894, 119265, 119348, 119409, 119602, 119871, 120489,
    121487, 121772, 122215, 122393, 122964, 123402, 123629, 123841, 124869, 125376,
    125493, 125592, 126479, 126744, 127394, 127966, 128136, 128378, 128493, 129532,
    130165, 130367, 131213, 131776, 132803, 132927, 133435, 133492, 133754, 134291,
    134568, 135027, 135091, 135280, 135594, 136189, 136230, 136484, 136669, 137752,
    138331, 138708, 138894, 139432, 140035, 140271, 140283, 140471, 140692, 140969,
    141501, 141509, 141746, 142701, 143216, 143316, 143370, 143998, 144170, 145424,
    146017, 146081, 146788, 146863, 147168, 147243, 147261, 147507, 147909, 148438,
    148455, 149799, 150455, 151212, 151364, 151515, 151623, 151886, 151959, 152406,
    153582, 153830, 154000, 154765, 155602, 155614, 155667, 156775, 156927, 156936,
    156939, 157131, 157373, 157952, 158184, 158240, 159210, 160023, 160394, 160547,
    161348, 162304, 162316, 162323, 162811, 164565, 164695, 165378, 165560, 165744,
    166197, 166769, 167669, 169559, 170057, 170412, 171321, 172779, 172831, 172906,
    173762, 173784, 173863, 176058, 176307, 177048, 177252, 177575, 177597, 177637,
    177733, 177734, 177963, 178128, 178531, 178660, 178854, 180633, 181349, 181666,
    182074, 182082, 182442, 182701, 182723, 183268, 183596, 184081, 185011, 185231,
    185267, 185837, 188202, 188807, 189231, 189238, 189472, 189616, 190049, 190188,
    190326, 190670, 191114, 191189, 191429, 192013, 192023, 192289, 192363, 193222,
    193363, 193436, 193508, 193691, 194155, 194764, 195071, 195329, 195733, 196754,
    197467, 197643, 199292, 199783, 199806, 199807, 200183, 200470, 200872, 202392,
    202483, 203291, 203404, 204305, 205083, 205237, 207209, 207554, 208523, 208722,
    208897, 210788, 210792, 211360, 211556, 211673, 211873, 212040, 212139, 212862,
    213052, 214401, 215385, 215609, 215731, 216018, 217008, 217615, 219499, 220088]
  prime: 9999999967
- ksize: 22
  md5sum: f36bb2c00f2bb34d3b09aed73f479ad8
  mins: [0, 102, 108, 359, 1062, 1082, 1108, 1114, 1125, 1272, 1897, 2314, 2485, 3033,
    3257, 3884, 4851, 4914, 6123, 6249, 6355, 6571, 7050, 7481, 7523, 7782, 8415,
    9485, 9557, 10307, 10558, 10660, 10666, 11177, 11255, 11688, 11771, 11849, 12391,
    12532, 12880, 13090, 13267, 13295, 13678, 13685, 14097, 14169, 15692, 15799, 15943,
    16354, 16564, 16818, 17315, 17820, 18178, 18217, 18486, 19284, 19523, 20016, 20354,
    20554, 20680, 20803, 20978, 21344, 22326, 23145, 23776, 23944, 24827, 25073, 25768,
    25999, 26205, 26289, 27178, 27802, 28015, 28870, 28950, 29265, 29950, 30404, 31380,
    31584, 32284, 33281, 34354, 35221, 35474, 36011, 36185, 36191, 36287, 36944, 37040,
    37190, 38748, 38769, 39842, 39879, 41075, 41184, 41237, 41380, 41479, 42344, 42882,
    43431, 43653, 43930, 44323, 45086, 45144, 46692, 46737, 47431, 48719, 50043, 50760,
    50832, 51211, 51393, 51936, 52297, 52430, 52800, 53353, 53853, 54645, 54923, 55140,
    55175, 55226, 55399, 55593, 56717, 57369, 57767, 58648, 58685, 58904, 60058, 60087,
    60204, 60326, 60560, 60800, 60872, 62601, 62932, 63629, 63747, 64121, 64501, 64596,
    64620, 65233, 65313, 65774, 66167, 66222, 66258, 66747, 67305, 67524, 68552, 69069,
    69125, 69397, 69660, 70715, 71070, 71268, 71840, 71911, 72286, 72360, 72440, 72492,
    72840, 73205, 73371, 74196, 75883, 76448, 76571, 76674, 77359, 77370, 77979, 78035,
    78995, 79379, 80521, 80722, 81047, 81321, 81634, 81653, 81879, 82584, 82940, 83225,
    84507, 84539, 84594, 84929, 85159, 85530, 85595, 85857, 86445, 86454, 86469, 86609,
    86679, 87563, 87883, 88224, 88947, 89577, 90030, 90549, 90571, 90933, 91014, 91211,
    91238, 91449, 92129, 92772, 93701, 94399, 95620, 95900, 95929, 96495, 96748, 96761,
    97007, 97374, 97540, 97545, 97578, 98394, 98787, 98997, 99427, 100051, 100246,
    100655, 100893, 100937, 101132, 102076, 102120, 102999, 103686, 104337, 104677,
    104924, 105339, 105426, 105816, 106556, 106705, 106711, 107726, 108915, 109213,
    109991, 111364, 111401, 111685, 112097, 113678, 114175, 114506, 115589, 115666,
    116896, 118749, 119351, 119541, 119618, 119867, 119919, 120950, 121230, 121453,
    122203, 122357, 122608, 122647, 122926, 123338, 124185, 124270, 124579, 125010,
    125973, 126002, 126527, 126616, 127221, 127748, 128260, 128324, 130059, 130252,
    130337, 130561, 130896, 131663, 131783, 132249, 132983, 134694, 134817, 135318,
    135780, 135800, 135812, 135817, 136255, 136455, 136678, 137091, 137116, 137387,
    138130, 138201, 139989, 140094, 140605, 141259, 141762, 141813, 142008, 142202,
    142220, 142261, 142508, 142760, 143507, 144446, 144752, 145136, 145231, 145803,
    145961, 146070, 146642, 146678, 147502, 147550, 147845, 147902, 148459, 148932,
    149730, 150088, 150219, 151676, 152162, 152839, 153088, 153481, 154952, 155479,
    155840, 156160, 156733, 157159, 157376, 157409, 157745, 157990, 158073, 158272,
    158430, 158604, 158862, 159214, 159272, 159611, 159934, 160251, 160372, 162311,
    162523, 162869, 162895, 162976, 163367, 163593, 163910, 165559, 165870, 166121,
    166685, 167131, 167911, 167923, 169414, 169609, 169637, 169950, 170054, 170141,
    170292, 170443, 170551, 171830, 172044, 172062, 172878, 173398, 173607, 173646,
    174056, 174363, 174649, 174711, 174805, 175164, 175609, 177096, 177408, 178298,
    179022, 179717, 179841, 180207, 180758, 181355, 181368, 181487, 181565, 182401,
    182867, 182874, 183495, 183555, 184373, 185248, 186458, 186610, 186612, 186818,
    186941, 187125, 187577, 187737, 187757, 188039, 188913, 189032, 189414, 189585,
    190077, 190102, 190249, 190289, 190386, 190472, 190626, 190826, 190963, 191132,
    192325, 192469, 194117, 194321, 196341, 196413, 196525, 197512, 197522, 197874,
    198084, 199109, 199266, 199291, 199346, 199933, 200028, 200429, 200743, 201362,
    201378, 201608, 201656, 201763, 202848, 203258]
  prime: 9999999967
- ksize: 31
  md5sum: 19dee08eb9a57bee6763189e2a987513
  mins: [134, 580, 823, 1765, 2085, 2291, 2548, 2894, 2980, 5142, 5238, 6305, 6431,
    7481, 7622, 8102, 8662, 9192, 9489, 9694, 10319, 10638, 10709, 11057, 11295, 11504,
    11569, 12012, 12759, 12938, 12963, 13217, 13523, 14273, 14654, 14684, 15028, 15374,
    17085, 17371, 17473, 17540, 17805, 18156, 18377, 18850, 19686, 19867, 20141, 20548,
    20848, 21185, 21760, 21913, 22367, 22415, 22646, 22733, 22782, 23810, 24427, 24452,
    24849, 25419, 25465, 25703, 26066, 26873, 26960, 28116, 28296, 29143, 29506, 30104,
    30611, 30911, 31006, 32111, 32458, 32524, 32546, 33156, 33202, 33318, 34566, 35195,
    35577, 36008, 36182, 37010, 37512, 37798, 37858, 37981, 38606, 39462, 41005, 41563,
    41810, 42051, 42295, 42498, 42777, 42925, 44210, 45424, 45590, 45887, 46634, 48627,
    49253, 49731, 50286, 50786, 52172, 52212, 52717, 52843, 53699, 53791, 55344, 55575,
    56008, 56229, 56498, 56937, 57712, 58187, 58194, 58996, 59860, 59940, 60715, 60727,
    60865, 61587, 62258, 63265, 63571, 64030, 64098, 64504, 64679, 66611, 67012, 67023,
    68145, 68412, 68504, 69003, 69228, 69795, 70029, 70569, 70965, 71010, 71052, 71155,
    71569, 72079, 72138, 72210, 72397, 73978, 74221, 74721, 75121, 76297, 76806, 76975,
    77055, 77216, 77230, 77442, 77822, 78739, 79318, 79797, 79965, 80069, 80210, 80299,
    80571, 81260, 81892, 81974, 82207, 82262, 82284, 82491, 82532, 83540, 83732, 83993,
    84247, 84395, 84855, 84955, 85925, 86195, 86559, 86968, 87101, 87782, 87850, 88175,
    88528, 88569, 88795, 89010, 89799, 89865, 90963, 91120, 91166, 91238, 91381, 91443,
    91470, 91814, 92500, 93076, 93335, 94234, 94267, 94835, 94878, 95148, 96186, 97871,
    98007, 99948, 100022, 100621, 100751, 101318, 101355, 101549, 102415, 102539,
    102668, 102976, 103272, 103304, 103698, 103792, 103888, 104396, 104798, 106059,
    106308, 107604, 107662, 107727, 108043, 108453, 108519, 108523, 108715, 108869,
    109537, 109634, 109710, 109805, 109851, 109969, 110188, 110229, 111089, 111164,
    111671, 112069, 112198, 113293, 113501, 113534, 113661, 113707, 113901, 114386,
    114552, 114723, 115687, 116230, 116568, 116709, 117520, 117803, 117949, 119094,
    119163, 119241, 119242, 119380, 119546, 119587, 119862, 119884, 120399, 120568,
    120797, 121468, 122016, 122320, 122345, 122454, 122492, 122866, 122974, 123140,
    123185, 123513, 123770, 124414, 124842, 125075, 125576, 125978, 126060, 126092,
    126345, 126407, 126510, 126884, 127103, 127260, 127826, 127962, 128235, 128527,
    129504, 130811, 132471, 133102, 133626, 133728, 133859, 133906, 133964, 134202,
    134297, 134323, 134416, 135232, 135594, 135825, 135828, 135831, 136762, 137074,
    137750, 137778, 138057, 138071, 138247, 138883, 139371, 139376, 140357, 141665,
    142269, 142488, 142495, 142534, 143027, 143654, 143676, 143713, 143720, 143977,
    144856, 145009, 145481, 146138, 146696, 146763, 146861, 147847, 148102, 148500,
    148583, 148585, 148842, 148883, 149072, 149589, 149671, 150092, 150860, 151290,
    151426, 151469, 152231, 152809, 152826, 152871, 153528, 153888, 154251, 154252,
    154772, 155084, 155504, 156562, 156821, 157288, 157505, 157535, 157867, 158366,
    158470, 159068, 159199, 160242, 160244, 160689, 160754, 160922, 162730, 163420,
    163453, 164057, 164946, 165633, 166083, 166207, 166972, 167093, 167827, 167907,
    168254, 168297, 168787, 168882, 168997, 169114, 169913, 170839, 171338, 172687,
    172850, 174258, 174458, 174729, 175395, 175651, 175707, 176102, 176807, 177062,
    178114, 178421, 178450, 178806, 178870, 179098, 179208, 180826, 181228, 182416,
    182864, 183136, 183726, 184278, 184404, 186405, 186906, 186978, 187660, 188196,
    188308, 188335, 188485, 190026, 190266, 191622, 192128, 192518, 194960, 195280,
    195285, 195647, 195721, 197405, 198073, 199049, 199313, 200589, 200696, 201055,
    201058, 201361, 203040, 203587, 205431, 206022, 206988, 207217, 207387, 207714]
  prime: 9999999967
- ksize: 32
  md5sum: 8e84e02ea636261d1a17636fc2038f15
  mins: [0, 219, 285, 1114, 1195, 2743, 3029, 3370, 3426, 4171, 4562, 4758, 6022,
    6047, 7942, 9308, 10011, 10186, 10315, 11016, 11224, 11411, 12430, 12537, 12550,
    12910, 12927, 14196, 14374, 14780, 14812, 15617, 16615, 17699, 17734, 17757, 18149,
    18560, 18704, 18900, 19003, 19654, 19721, 19722, 20741, 20771, 20776, 21126, 21236,
    21387, 21446, 21467, 22121, 22972, 24843, 24922, 25417, 25634, 25696, 26018, 26083,
    26716, 27226, 27281, 27437, 27543, 27686, 27901, 28075, 28352, 28861, 28986, 29572,
    29703, 30016, 30402, 30554, 30768, 31081, 31729, 32186, 32317, 32621, 32658, 32722,
    32795, 34459, 34504, 35544, 35694, 36080, 36472, 36523, 36899, 38216, 38916, 39283,
    39635, 39924, 40596, 40635, 41318, 41331, 41699, 41960, 41988, 42248, 42268, 42389,
    43105, 44192, 45103, 45386, 45799, 46435, 46620, 46932, 47424, 47560, 47783, 48336,
    48614, 49278, 50551, 50595, 51040, 51660, 51819, 52162, 52235, 52278, 53491, 53619,
    53840, 54030, 54264, 55456, 55527, 55780, 56295, 57855, 58444, 59430, 59573, 59727,
    60468, 60858, 61232, 61361, 61421, 61702, 62013, 62611, 63791, 64007, 64106, 64107,
    65347, 65673, 65696, 67272, 67279, 67558, 67838, 68073, 68256, 69405, 69995, 70607,
    70982, 71039, 71546, 72501, 73111, 73924, 74703, 75386, 75663, 75987, 76289, 76492,
    77153, 77825, 78133, 78331, 78479, 78566, 78799, 78819, 78887, 79990, 80353, 80572,
    81139, 81251, 81624, 82840, 83116, 83434, 84007, 84094, 84317, 84728, 85553, 85668,
    86676, 87425, 88085, 88432, 88546, 88722, 89005, 90795, 92723, 93146, 93238, 94524,
    95277, 95302, 95533, 96436, 96660, 96941, 97184, 97295, 97844, 98012, 98148, 98733,
    98838, 98918, 99401, 99627, 99707, 99780, 100169, 101240, 101333, 101897, 101953,
    102137, 102382, 102984, 103027, 103630, 103647, 103954, 104263, 104302, 104727,
    105751, 106181, 106779, 106795, 107138, 107290, 107409, 107598, 107657, 107817,
    107857, 108836, 109664, 110361, 110673, 111866, 112287, 113554, 114609, 114907,
    115225, 115379, 115407, 115743, 116896, 118691, 119136, 120221, 120669, 120738,
    121233, 121242, 121571, 121784, 122090, 122231, 122589, 123143, 124405, 125884,
    126244, 126720, 126844, 127362, 127616, 127771, 128272, 130170, 130313, 130344,
    131088, 131845, 132696, 133515, 133557, 134534, 135794, 136870, 137033, 137651,
    138130, 138394, 139124, 139770, 139840, 140239, 140513, 140666, 140704, 141040,
    141075, 141629, 142621, 143371, 144204, 144579, 144668, 144715, 144771, 145105,
    145692, 145711, 146064, 146224, 146372, 146376, 146589, 146795, 147476, 148024,
    148395, 148579, 148641, 149049, 149265, 149722, 150280, 150554, 150673, 150900,
    151017, 151120, 151392, 151535, 151808, 152109, 152231, 152445, 153020, 153394,
    155427, 155551, 155728, 155940, 156067, 157076, 157494, 157835, 158543, 158962,
    159164, 159214, 159299, 159529, 159723, 160031, 160907, 161135, 161170, 161604,
    162466, 163038, 163123, 163146, 163427, 163430, 166704, 166911, 167302, 167398,
    167903, 168201, 168815, 169058, 169198, 169285, 169735, 170498, 170827, 171349,
    171371, 171465, 171695, 172227, 172343, 172405, 172446, 172618, 173203, 173644,
    174898, 174922, 175216, 175395, 176157, 176974, 178027, 178782, 179576, 179778,
    180763, 181034, 182110, 182117, 182209, 182489, 182526, 182763, 184040, 184118,
    184174, 184214, 184222, 184679, 184730, 185344, 186547, 187932, 188028, 188248,
    189266, 189347, 190745, 191113, 191360, 191816, 191872, 192272, 192900, 192921,
    193204, 193254, 194395, 194407, 196182, 196346, 196897, 197012, 197098, 197677,
    197976, 198003, 198299, 198602, 199886, 201906, 202043, 202084, 202302, 202579,
    202641, 202960, 204320, 205412, 205890, 206380, 206397, 207220, 207822, 208349,
    208904, 209053, 209421, 210442, 210916, 211466, 212277, 212878, 213277, 213544,
    213874, 214579, 214878, 215760, 215768, 216290, 216707, 216990, 217013, 217960]
  prime: 9999999967
type: mrnaseq
version: '0.2'
