class: sourmash_signature
email: titus@idyll.org
filename: SRR2255622_1.fastq.gz.trimnoV.fq.gz
name: disease mouse
signatures:
- ksize: 16
  md5sum: 4480797756f491a0f10173739122051c
  mins: [0, 85, 123, 147, 576, 602, 1114, 1206, 1208, 1799, 1829, 1853, 1884, 2461,
    2493, 2619, 2963, 3021, 3060, 3188, 3284, 3397, 3788, 3964, 3985, 4038, 4049,
    4119, 4267, 4406, 4423, 4545, 4724, 4797, 4830, 4935, 5091, 5362, 5627, 6037,
    6127, 6200, 6250, 6251, 6900, 7028, 7104, 7125, 7127, 7128, 7146, 7222, 7317,
    7969, 8020, 8374, 8384, 8777, 8879, 9064, 9199, 9330, 9406, 9837, 9978, 10036,
    10221, 10262, 10427, 10543, 10730, 10924, 10940, 10968, 10998, 11080, 11157, 11374,
    11415, 11696, 11735, 11742, 11831, 11944, 11964, 12164, 12332, 12382, 12676, 12702,
    13074, 13171, 13483, 14540, 14676, 14786, 14914, 14963, 15418, 15438, 15506, 15803,
    16092, 16258, 16291, 16324, 16738, 16819, 16966, 17168, 17180, 17452, 17508, 17783,
    17828, 17903, 18110, 18120, 18461, 18471, 18639, 18813, 18820, 19070, 19153, 19385,
    19398, 19435, 19777, 19812, 19908, 19942, 20086, 20544, 20633, 20750, 20841, 20945,
    20952, 21133, 21257, 21307, 21346, 21469, 21503, 21947, 22181, 22185, 22220, 23757,
    23938, 24010, 24045, 24585, 24720, 25080, 25261, 25557, 25844, 26306, 26341, 26445,
    26572, 26850, 27194, 27240, 27249, 27443, 28402, 28444, 28536, 28582, 28605, 29104,
    29180, 29476, 29633, 29729, 29795, 29816, 30068, 30570, 30594, 30793, 31226, 31259,
    31267, 31339, 31416, 31731, 31962, 32084, 32111, 32166, 32301, 32626, 32664, 32674,
    32877, 32884, 32996, 33265, 33402, 33512, 33714, 33777, 33842, 33957, 34058, 34139,
    34152, 34261, 34500, 34568, 34593, 34714, 34932, 35046, 35096, 35222, 35511, 35636,
    35639, 35850, 36263, 36450, 36524, 36606, 36825, 37047, 37256, 37596, 37831, 37862,
    38018, 38151, 38426, 38486, 38775, 38887, 39003, 39061, 39081, 39654, 40488, 40508,
    41136, 41214, 41265, 41500, 41691, 41805, 42371, 42569, 42633, 42687, 42787, 42971,
    42981, 43016, 43710, 44131, 44298, 44747, 45146, 45736, 46003, 46148, 46407, 46439,
    46731, 46772, 46779, 46949, 47036, 47075, 47206, 48005, 48159, 48614, 48647, 48883,
    48894, 49092, 49153, 49483, 49724, 49831, 49885, 50091, 50239, 50261, 50268, 50433,
    50649, 50731, 51121, 51289, 51314, 51526, 51768, 51940, 52187, 52227, 52251, 52415,
    53013, 53257, 53548, 53891, 53907, 54003, 54167, 54494, 54562, 54758, 54777, 54799,
    54868, 54911, 54970, 55258, 55633, 55774, 55954, 56234, 56264, 56526, 56641, 56683,
    56920, 57075, 57148, 57410, 57485, 57499, 57505, 57624, 58173, 58828, 58878, 58971,
    59080, 59879, 59888, 59946, 59988, 60127, 60257, 60366, 60691, 60922, 60952, 61251,
    61256, 61380, 61421, 61493, 61591, 61593, 61612, 61905, 61914, 62311, 62440, 62524,
    62537, 62581, 62587, 62621, 62874, 63214, 63520, 63798, 63866, 64078, 64134, 64994,
    65020, 65082, 65084, 65498, 65846, 66074, 66105, 66300, 66596, 66769, 66954, 67063,
    67187, 67341, 67573, 67639, 67678, 67849, 67875, 67883, 68031, 68084, 68102, 68459,
    68739, 68801, 68853, 69347, 69440, 69872, 69977, 70082, 70296, 71326, 71438, 71505,
    71689, 72393, 72633, 72791, 72946, 73121, 73318, 73348, 73454, 73898, 74150, 74267,
    74360, 74652, 74823, 74879, 75003, 75158, 75875, 76217, 76266, 76460, 76466, 76560,
    76661, 76823, 77075, 77101, 77299, 77755, 77784, 77919, 77938, 78320, 78478, 78572,
    78840, 79078, 79114, 79210, 79214, 79314, 79707, 79815, 79930, 80233, 80539, 80593,
    80615, 80699, 80829, 80925, 81399, 81402, 81476, 82093, 82170, 82174, 82254, 82277,
    82380, 82411, 82510, 82946, 83167, 83173, 83813, 83963, 83979, 84671, 84949, 85230,
    85353, 85981, 86020, 86081, 86207, 86352, 86417, 86683, 86936, 87093, 87136, 87150,
    87680, 88075]
  prime: 9999999967
- ksize: 22
  md5sum: bd986877220c3986b5475d8b7f62d18c
  mins: [0, 237, 776, 846, 903, 1062, 1101, 1556, 1897, 2036, 2275, 2314, 2516, 2789,
    2851, 3074, 3113, 3238, 3257, 3388, 3693, 4023, 4078, 4501, 4677, 4914, 4947,
    5476, 5722, 6123, 6208, 6217, 6355, 6530, 6809, 7030, 7040, 7233, 7297, 7384,
    7420, 7481, 7514, 7695, 7703, 7705, 7762, 7782, 7893, 7925, 8310, 8630, 8720,
    8772, 9040, 9319, 9429, 9485, 9624, 9725, 10167, 10330, 10558, 10816, 11084, 11255,
    11351, 11506, 11521, 11587, 11849, 11888, 11889, 11907, 12154, 12174, 12391, 12532,
    12867, 13090, 13267, 13412, 13685, 13773, 13793, 13917, 13929, 14072, 14097, 14396,
    14563, 14924, 14929, 14937, 15243, 15246, 15482, 15666, 15692, 15760, 15799, 15932,
    15943, 15983, 16108, 16184, 16370, 16391, 16395, 16419, 16429, 16564, 16837, 17315,
    17368, 17534, 17788, 17893, 18049, 18071, 18178, 18217, 18580, 18627, 18941, 19369,
    19502, 19523, 19658, 19712, 19738, 19755, 19835, 19853, 20003, 20016, 20058, 20310,
    20319, 20354, 20554, 20573, 20803, 20978, 21003, 21409, 21637, 21803, 21838, 22146,
    22326, 22345, 22924, 23060, 23317, 23504, 23534, 23776, 23779, 23864, 24241, 24517,
    24711, 24827, 24916, 25073, 25303, 25331, 25361, 25569, 25802, 25999, 26199, 26230,
    26787, 27088, 27178, 27802, 28143, 28772, 28870, 28950, 29265, 29543, 29572, 29928,
    30138, 30290, 30404, 30514, 30595, 31106, 31145, 31360, 31764, 32024, 32363, 32375,
    32599, 32603, 32978, 33006, 33200, 33281, 33314, 33527, 33903, 34041, 34354, 34540,
    34573, 34806, 34903, 34907, 35221, 35273, 35474, 35747, 35823, 35870, 36011, 36156,
    36185, 36304, 37060, 37190, 37560, 37576, 37587, 37635, 38032, 38081, 38099, 38414,
    38595, 38654, 38769, 39052, 39278, 39354, 39548, 39561, 39830, 39879, 40076, 40234,
    40320, 40594, 40612, 40685, 40800, 41012, 41380, 41479, 41511, 41670, 42107, 42151,
    42323, 42463, 42568, 42593, 42963, 43133, 43431, 43497, 43517, 43653, 43930, 44080,
    44299, 44482, 44683, 44869, 45008, 45144, 45146, 45472, 45780, 46154, 46344, 47010,
    47064, 47396, 47421, 47445, 47630, 47849, 48041, 48711, 49143, 49523, 49974, 50115,
    50214, 50473, 50760, 50915, 50966, 50981, 50994, 51037, 51122, 51211, 51393, 51408,
    51708, 51819, 52730, 53122, 53188, 53353, 53530, 53809, 53853, 54401, 54645, 54711,
    55058, 55129, 55140, 55295, 55411, 56182, 56276, 56454, 56600, 56613, 56625, 57174,
    57322, 57613, 57657, 57767, 57777, 57880, 58151, 58214, 58416, 58452, 58648, 58904,
    59092, 59403, 59555, 60047, 60058, 60087, 60204, 60280, 60326, 60727, 60872, 61116,
    61181, 61269, 61387, 61405, 61525, 61739, 61994, 62224, 62389, 62899, 63077, 63273,
    63540, 63602, 63629, 63645, 63707, 63732, 63747, 64534, 64596, 64780, 64983, 65233,
    65278, 65497, 65774, 65938, 65979, 66148, 66235, 66258, 66747, 67203, 67305, 67524,
    67608, 67622, 68060, 68364, 68552, 68734, 68740, 68807, 68947, 68965, 69244, 69282,
    69286, 69397, 69405, 69417, 69569, 69660, 69670, 69784, 69841, 70134, 70325, 70987,
    71268, 71436, 71624, 72065, 72096, 72103, 72265, 72360, 72416, 72440, 72441, 72518,
    72533, 72802, 72847, 72936, 73030, 73070, 73190, 73232, 73371, 73395, 73830, 74124,
    75106, 75438, 75797, 75882, 75884, 76009, 76108, 76432, 76674, 76895, 77504, 77641,
    78285, 78419, 78625, 78861, 78997, 79035, 79750, 79766, 79807, 80104, 80105, 80122,
    80231, 80232, 80473, 80521, 80605, 80679, 80989, 81634, 82046, 82584, 82878, 82940,
    83202, 83391, 83435, 83494, 83548, 83613, 83721, 84056, 84339, 84507, 84539, 84594,
    84874, 84967, 85032, 85068, 85494, 85503, 85595, 85745, 85873, 85877, 85912, 86042,
    86337, 86399]
  prime: 9999999967
- ksize: 31
  md5sum: 920a8e99354e8d83e94b5db3fd9ca658
  mins: [268, 472, 580, 823, 873, 1514, 1606, 1737, 2085, 2548, 2558, 2933, 2980,
    3166, 3235, 3418, 3630, 3799, 4055, 4167, 4338, 4372, 4377, 4752, 4830, 5142,
    5387, 5675, 6053, 6287, 6305, 6348, 6389, 6431, 7035, 7082, 7312, 7382, 7622,
    7735, 8032, 8055, 8202, 8298, 8383, 8428, 9147, 9155, 9280, 9489, 9682, 9771,
    9883, 10265, 10319, 10522, 10748, 11057, 11083, 11131, 11175, 11320, 11434, 11504,
    11604, 11642, 11917, 11963, 12129, 12379, 12938, 12963, 12972, 13116, 13334, 13461,
    13523, 13706, 13748, 14197, 14354, 14654, 14710, 14904, 14947, 15087, 15247, 15398,
    15469, 15494, 15530, 15796, 15995, 16077, 17009, 17084, 17247, 17295, 17345, 17436,
    17473, 17710, 17889, 18089, 18156, 18254, 18377, 18378, 18496, 18621, 18844, 18861,
    18894, 18948, 19007, 19076, 19203, 19296, 19575, 19652, 19867, 20141, 20357, 20368,
    20615, 20848, 20921, 21032, 21120, 21185, 21283, 21328, 21434, 21760, 21762, 21913,
    22357, 22702, 22739, 22800, 22850, 22858, 23038, 23145, 23328, 23365, 23550, 23564,
    23567, 23753, 23758, 23821, 24080, 24160, 24259, 24376, 24427, 24452, 24463, 24561,
    24742, 25365, 25465, 25703, 25714, 25880, 25927, 26014, 26066, 26127, 26165, 26220,
    26469, 26819, 26866, 26873, 27043, 27318, 27429, 27466, 27528, 27637, 27648, 27950,
    28069, 28427, 28585, 28702, 28915, 28916, 29074, 29221, 29473, 29506, 29774, 29859,
    30113, 30139, 30166, 30479, 30716, 30987, 31346, 31366, 31511, 31763, 31933, 31942,
    32027, 32044, 32111, 32125, 32170, 32524, 33013, 33177, 33198, 33307, 33407, 33786,
    33948, 34307, 34566, 34796, 34965, 35789, 35808, 36140, 36605, 36833, 37365, 37512,
    37735, 37858, 38063, 38121, 38123, 38606, 38839, 38848, 39462, 40070, 40721, 40753,
    41005, 41024, 41162, 41264, 41357, 41587, 42051, 42295, 42436, 42552, 42599, 42606,
    42681, 42925, 43295, 43884, 43900, 43918, 44279, 44285, 44528, 44649, 44931, 45016,
    45077, 45424, 45475, 45590, 45868, 45887, 45939, 46584, 46600, 47143, 47313, 47636,
    47731, 47958, 47976, 48070, 48417, 48958, 49167, 49377, 49617, 49718, 49731, 49785,
    49806, 50195, 50244, 50454, 50686, 50786, 51636, 51952, 52172, 52592, 52692, 52717,
    53571, 53699, 53839, 53933, 54037, 54126, 54212, 54220, 54464, 54657, 55138, 55745,
    56001, 56008, 56498, 56937, 57230, 57296, 57471, 57492, 57565, 57571, 57604, 57712,
    57778, 57912, 58172, 58194, 58385, 58415, 58418, 58966, 59729, 59791, 59841, 59860,
    59887, 59940, 59982, 60086, 60098, 60691, 60715, 60727, 60788, 61040, 61113, 61266,
    61511, 61587, 61654, 61685, 61792, 62002, 62058, 62172, 62184, 62189, 62258, 62342,
    62413, 62518, 62548, 62565, 63041, 63111, 63265, 63320, 63484, 63494, 63571, 63755,
    64019, 64119, 64132, 64196, 64382, 64397, 64638, 64679, 64941, 65145, 65361, 65457,
    66009, 66125, 66355, 66556, 66611, 66667, 67119, 68312, 68412, 68604, 68655, 68908,
    69003, 69057, 69228, 69284, 69594, 69795, 69902, 69913, 70227, 70301, 70406, 70429,
    70569, 70764, 70804, 71000, 71010, 71052, 71100, 71155, 71265, 71301, 71569, 71918,
    72397, 72421, 72725, 72929, 73958, 73978, 74066, 74221, 74472, 74509, 74560, 74905,
    75000, 75585, 75642, 75774, 75914, 76297, 76858, 76975, 77210, 77241, 77442, 77652,
    77689, 77863, 77987, 78162, 78264, 78288, 78515, 78699, 78801, 79019, 79481, 79733,
    79797, 79811, 79957, 80032, 80299, 80858, 81159, 81336, 81609, 81733, 81954, 82088,
    82189, 82207, 82442, 82491, 82710, 83247, 83266, 83314, 83471, 83622, 83732, 83749,
    83984, 83993, 84202, 84247, 84320, 84360, 84395, 84535, 84582, 84710, 84955, 84974,
    85410, 85450, 85474, 85547]
  prime: 9999999967
- ksize: 32
  md5sum: 6e83471ef4e8a7c8f8d8e8f620cefc97
  mins: [0, 14, 142, 210, 219, 294, 490, 493, 576, 710, 1114, 1119, 1358, 1494, 1798,
    2231, 2354, 2418, 2686, 2743, 2809, 2897, 2920, 3242, 3488, 3922, 4528, 4535,
    4562, 4584, 4707, 4758, 4805, 4885, 5096, 5225, 5283, 5411, 5489, 5515, 6022,
    6182, 6364, 6458, 6908, 7713, 7942, 7977, 8035, 8290, 8507, 8517, 8882, 9045,
    9047, 9387, 9475, 9571, 10011, 10118, 10271, 10315, 10913, 11411, 11571, 11660,
    11810, 11921, 12232, 12301, 12520, 12733, 12927, 13253, 13293, 13916, 13967, 14196,
    14343, 14780, 14812, 15091, 15237, 15784, 15874, 16012, 16157, 16615, 17147, 17610,
    17699, 17745, 17757, 18030, 18329, 18371, 18468, 18560, 18676, 18704, 18716, 19003,
    19091, 19405, 19722, 19995, 20267, 20333, 20438, 20497, 20559, 20673, 21377, 21436,
    21558, 21649, 21745, 21962, 22065, 22066, 22121, 22165, 22324, 22329, 22383, 22569,
    22937, 23107, 23524, 23550, 23660, 23771, 23865, 23931, 24325, 24331, 24631, 24639,
    24651, 24890, 24907, 25390, 25594, 25959, 26018, 26067, 26083, 26382, 26404, 26542,
    26716, 26755, 27397, 27437, 27516, 27543, 27782, 27819, 27827, 28075, 28187, 28986,
    29460, 29703, 29789, 30227, 30701, 30768, 30817, 30929, 30994, 31081, 31264, 31303,
    31606, 31729, 31946, 32051, 32057, 32186, 32395, 32621, 32658, 32722, 32795, 33195,
    33205, 33820, 34190, 34244, 34433, 34459, 34559, 34668, 35114, 35249, 35261, 35278,
    35544, 35694, 36358, 36472, 36506, 36523, 36622, 36868, 37124, 37260, 37348, 37425,
    37487, 38216, 38365, 38579, 38647, 38697, 38972, 39283, 39587, 39754, 39890, 40164,
    40596, 40832, 40966, 40971, 41249, 41318, 41519, 41647, 41699, 41960, 41988, 42074,
    42075, 42167, 42268, 42710, 42724, 42875, 43233, 43331, 43819, 43855, 44060, 44192,
    44359, 45391, 45473, 45799, 46074, 46249, 46435, 46557, 46620, 46795, 46932, 47152,
    47179, 47468, 47481, 48047, 48091, 48492, 48555, 49015, 49092, 49112, 49529, 49602,
    49685, 49837, 49985, 50413, 51040, 51074, 51218, 51755, 51924, 52303, 52475, 52478,
    52511, 52737, 52828, 53281, 53344, 53491, 53619, 53720, 53741, 53840, 54155, 54639,
    54674, 54741, 55196, 55778, 55974, 56155, 56318, 56434, 56465, 56683, 56718, 56961,
    57115, 57287, 57470, 57563, 57757, 57979, 58070, 58233, 58983, 59143, 59430, 59451,
    59573, 59714, 59727, 59963, 60121, 60312, 60422, 60468, 60531, 60842, 60944, 61421,
    61965, 62195, 62222, 62349, 62350, 62354, 62525, 62529, 62929, 63107, 63413, 63435,
    63491, 63803, 63812, 63981, 64007, 64175, 64262, 64441, 64796, 64878, 65134, 65209,
    65297, 65340, 65399, 65433, 65812, 65883, 66223, 66440, 66478, 66491, 66587, 66618,
    66685, 66813, 67272, 67427, 67838, 68088, 68286, 68573, 68934, 69240, 69336, 69405,
    69502, 70100, 70526, 70607, 70774, 70775, 70978, 70982, 71039, 71222, 71826, 72047,
    72501, 72539, 72582, 73568, 73702, 73872, 74170, 74590, 74635, 74750, 74761, 74883,
    75018, 75157, 75208, 75493, 75663, 75960, 76003, 76043, 76199, 76289, 76359, 76539,
    76554, 76668, 76822, 76990, 77153, 77428, 77455, 77496, 77500, 77736, 77825, 77877,
    78077, 78331, 78479, 78604, 78925, 79202, 79596, 79744, 79990, 80037, 80107, 80274,
    80494, 80542, 80784, 81185, 81251, 81256, 81537, 81612, 81979, 82080, 83329, 83720,
    83894, 84007, 84033, 84094, 84464, 84599, 84840, 84885, 84905, 84986, 85012, 85294,
    85407, 85668, 85739, 85755, 85900, 86184, 86398, 86412, 86585, 86676, 87106, 87408,
    87425, 87548, 87695, 87741, 87953, 87997, 88062, 88099, 88384, 88722, 89022, 89531,
    89982, 89995, 90469, 90577, 90781, 91229, 91478, 92232, 92331, 92710, 92711, 92723,
    92749, 92768]
  prime: 9999999967
type: mrnaseq
version: '0.2'
