class: sourmash_signature
email: titus@idyll.org
filename: SRR2241509_1.fastq.gz.trimnoV.fq.gz
name: disease mouse
signatures:
- ksize: 16
  md5sum: cc122ab95570ad1a56a26fc4a35add7f
  mins: [0, 69, 123, 147, 517, 576, 999, 1114, 1206, 1208, 1853, 2829, 3021, 3060,
    3188, 3397, 3788, 4038, 4049, 4119, 4406, 4441, 4545, 4830, 4935, 5362, 6028,
    6037, 6175, 6200, 6250, 6251, 6288, 6310, 6414, 6490, 6498, 6644, 6696, 7125,
    7127, 7128, 7204, 7222, 8185, 8548, 8777, 8841, 9330, 9349, 10024, 10221, 10252,
    10427, 10666, 10668, 10842, 10856, 11374, 11481, 11696, 11735, 11742, 11758, 11944,
    12059, 12084, 12332, 12461, 13483, 14381, 14461, 14540, 15068, 15506, 16092, 16258,
    16467, 16561, 16738, 16966, 17056, 17094, 17180, 17452, 17783, 17828, 17903, 17944,
    18461, 18910, 19070, 19305, 19306, 19385, 19395, 19398, 19418, 19435, 19501, 19615,
    19908, 19942, 19961, 19974, 20278, 20544, 20952, 21220, 21257, 21459, 21503, 21908,
    21947, 22054, 22181, 22185, 23200, 23549, 23938, 23998, 24010, 24045, 25357, 25557,
    25844, 25881, 26197, 26306, 26445, 26624, 27194, 27506, 28444, 29104, 29180, 29279,
    29476, 29567, 29729, 29795, 29819, 30077, 30632, 30725, 30816, 31495, 31731, 32084,
    32149, 32444, 32674, 33079, 33265, 33542, 33777, 34058, 34070, 34145, 34234, 34261,
    34986, 35096, 35450, 35511, 35696, 36408, 36532, 36601, 36716, 37200, 37256, 37686,
    37920, 38018, 38109, 38151, 38486, 39067, 39081, 39146, 39654, 40397, 40553, 41500,
    41805, 42095, 42371, 42687, 42787, 42804, 42971, 43016, 43710, 44131, 44296, 44298,
    44619, 45451, 45736, 46003, 46148, 46378, 46772, 47206, 47989, 48088, 49151, 49153,
    49724, 50049, 50091, 50146, 50268, 50382, 50731, 50912, 51289, 51314, 52028, 52227,
    52251, 52754, 53013, 53272, 53472, 53757, 53793, 53891, 54003, 54097, 54167, 54558,
    54777, 54799, 54911, 55258, 55295, 55578, 55633, 55954, 56234, 56368, 56526, 56563,
    57075, 57148, 57174, 57485, 57499, 58006, 58173, 60033, 60366, 60691, 60770, 61256,
    61380, 61451, 61493, 61591, 62028, 62537, 62621, 62851, 63214, 63798, 64078, 64134,
    64164, 64601, 64607, 64994, 65073, 65082, 65084, 65498, 65846, 66074, 66205, 66596,
    67573, 67875, 68031, 68083, 68170, 68646, 68675, 68739, 68801, 68853, 68867, 69084,
    69304, 69347, 69872, 70045, 70082, 71326, 71689, 72068, 72745, 72946, 73454, 73954,
    74030, 74652, 75928, 76018, 76266, 76460, 76730, 76929, 77075, 77101, 77263, 77732,
    77755, 77784, 78478, 79078, 79170, 79210, 79214, 79930, 80303, 80541, 80569, 80829,
    80925, 81150, 81394, 81637, 82093, 82170, 82411, 82440, 82510, 83664, 83813, 83963,
    84671, 84764, 85198, 85224, 85230, 85245, 85396, 85436, 85654, 85813, 85981, 86081,
    86352, 86528, 86600, 86683, 87150, 87703, 87841, 87936, 88436, 89151, 89547, 90756,
    90943, 90952, 91031, 91119, 91285, 91581, 91967, 92090, 92453, 92551, 93341, 93481,
    93754, 93895, 93928, 94015, 94660, 94900, 94948, 95269, 95825, 95868, 95931, 96007,
    96045, 96150, 96234, 96313, 96327, 96446, 96478, 96587, 96933, 97435, 98018, 98033,
    98333, 98686, 99267, 99437, 99814, 99864, 99912, 99963, 100761, 100770, 101047,
    101272, 102236, 102537, 102782, 103362, 103564, 103569, 103580, 103588, 103998,
    104340, 104415, 104709, 104817, 104929, 104967, 105196, 105447, 105590, 106331,
    106612, 106797, 107251, 107760, 107940, 108109, 108124, 108384, 108527, 108642,
    109202, 109392, 109829, 109931, 110372, 110648, 110946, 111099, 111150, 111222,
    111858, 111997, 112038, 112605, 112708, 112754, 112997, 113009, 113132, 113304,
    113340, 113576, 114904, 114978, 114990, 115086, 115224, 115330, 115527, 115764,
    116204, 116343, 116469, 116569, 116688, 116928, 116936, 117468, 117505, 118316,
    118506, 118622, 118894, 119156, 119265, 119409, 119520, 119596, 119602, 119644,
    119871, 120107, 120123, 120734, 121077, 121084, 121154, 121487]
  prime: 9999999967
- ksize: 22
  md5sum: 64e44fb0a5fd2cb68aa6789b2b389fe2
  mins: [0, 108, 230, 346, 359, 505, 776, 996, 1062, 1081, 1813, 1836, 1897, 2789,
    3257, 3706, 3884, 4209, 4501, 4532, 4914, 4947, 5139, 5476, 6057, 6112, 6123,
    6355, 7127, 7326, 7379, 7481, 7508, 7514, 7782, 7956, 8119, 8772, 8867, 8922,
    9485, 9556, 9557, 10341, 10362, 10816, 11255, 11443, 11446, 11587, 11630, 11889,
    12391, 12605, 12867, 12880, 12895, 12932, 12949, 13075, 13090, 13685, 13702, 14097,
    14396, 14563, 14924, 15246, 15295, 15692, 15763, 15799, 15943, 16354, 16417, 16564,
    16818, 16837, 16890, 17167, 17315, 17788, 17820, 18071, 18178, 18217, 18627, 18941,
    19431, 19523, 20354, 20476, 20550, 20554, 20803, 21026, 21361, 21838, 22326, 22959,
    23407, 24012, 24018, 24046, 24241, 24353, 24369, 24517, 24711, 24827, 25061, 25073,
    25303, 25569, 25802, 25999, 26040, 26205, 26381, 26715, 27178, 27802, 28088, 28143,
    28149, 28590, 28806, 28870, 28950, 28969, 29031, 29265, 29543, 30138, 30304, 30404,
    30810, 30813, 31060, 31207, 31215, 31764, 32258, 32603, 33281, 33309, 33610, 33940,
    34041, 34354, 34806, 35221, 35330, 35474, 35477, 35625, 35929, 36011, 36025, 36185,
    37040, 37099, 37635, 38491, 38495, 38769, 39052, 39227, 39327, 39331, 39354, 39413,
    39677, 40100, 40573, 40594, 40955, 41380, 41446, 41479, 41670, 42107, 42552, 42882,
    42918, 42974, 43133, 43330, 43431, 43497, 43653, 43930, 44080, 44117, 44155, 44482,
    44532, 44545, 44683, 45144, 45146, 45881, 46154, 46674, 46737, 47396, 47445, 47612,
    47630, 47672, 48252, 48862, 49059, 50242, 50966, 51211, 51393, 52730, 52800, 53001,
    53022, 53142, 53286, 53353, 53781, 53809, 53853, 54198, 54645, 55140, 55295, 55427,
    55801, 55934, 57174, 57234, 57767, 57777, 58125, 58904, 58938, 59018, 59092, 59555,
    59674, 60047, 60087, 60151, 60168, 60204, 60326, 60781, 60800, 61060, 61406, 62389,
    62601, 63123, 63603, 63629, 63747, 63852, 63881, 63964, 64114, 64501, 64596, 64620,
    64805, 64906, 64990, 65215, 65233, 65313, 65774, 65979, 66167, 66207, 66258, 66500,
    66611, 66747, 66804, 67203, 67305, 67524, 67608, 68060, 68209, 68228, 68364, 68484,
    68552, 68590, 68740, 69039, 69101, 69125, 69397, 69401, 69611, 69714, 69784, 70134,
    70220, 70325, 70848, 70871, 71268, 71911, 71943, 72286, 72360, 72440, 72630, 72802,
    73371, 73830, 73925, 74423, 74637, 74783, 75067, 75613, 75692, 75797, 76139, 76432,
    76580, 76586, 76674, 76919, 77360, 77690, 77950, 78386, 78735, 78997, 79660, 79853,
    80105, 80108, 80364, 80519, 80681, 80722, 80939, 81634, 81667, 82033, 82046, 82420,
    82584, 82864, 83150, 83202, 83339, 83494, 83548, 83568, 83613, 84287, 84507, 84594,
    84613, 84760, 84967, 85595, 85857, 85873, 85912, 86204, 86445, 86454, 86609, 87557,
    87785, 87883, 87996, 88132, 88224, 88342, 88360, 88413, 88478, 88806, 88844, 89529,
    89553, 89577, 89681, 90549, 90551, 90798, 90842, 91211, 91449, 91637, 91964, 92129,
    92476, 92727, 92772, 92813, 93330, 93597, 93640, 94610, 95027, 95439, 95620, 95900,
    95998, 96748, 96835, 96842, 96891, 98004, 98603, 98997, 99371, 99758, 99815, 100051,
    100074, 100134, 100246, 100529, 100633, 100644, 100846, 100893, 100937, 101556,
    101589, 101636, 101820, 101972, 102011, 102068, 102076, 102546, 102629, 103242,
    103243, 103249, 103583, 103594, 104337, 104677, 104835, 105330, 105339, 106160,
    106286, 106592, 106705, 107078, 107309, 107409, 107571, 107726, 107868, 108269,
    108343, 108915, 109021, 109213, 109422, 109541, 111119, 111160, 111270, 111685,
    111746, 112105, 113620, 113652, 113678, 114039, 114100, 114175, 114506, 114984,
    114993, 115000, 115223, 115439, 115632, 115661, 115673, 115847, 116145, 116851,
    116896, 117448, 117625, 117729, 118215, 118828]
  prime: 9999999967
- ksize: 31
  md5sum: a18f8964e05fb8e60356c394af199c6b
  mins: [118, 134, 268, 580, 823, 871, 873, 1409, 1606, 2085, 2093, 2291, 2548, 2980,
    3033, 4575, 4791, 5015, 5066, 5958, 6287, 6305, 6431, 7035, 7622, 7740, 8032,
    8055, 8102, 8569, 8933, 9155, 9411, 9489, 9686, 9771, 9883, 10103, 10236, 10282,
    11057, 11917, 12938, 12963, 13112, 13136, 13188, 13461, 13765, 14273, 14654, 14703,
    14710, 15074, 15469, 15796, 16141, 17084, 17085, 17247, 17371, 17473, 17540, 18156,
    18377, 18382, 18822, 18850, 19179, 19226, 20141, 20377, 20848, 20967, 21086, 21120,
    21185, 21649, 21760, 21913, 22310, 22383, 22485, 22656, 22700, 22702, 23239, 23253,
    23365, 23564, 23667, 24427, 24452, 24711, 25048, 25465, 25703, 25714, 26066, 26127,
    26511, 26681, 26843, 26873, 26960, 29221, 29371, 30113, 30611, 30939, 31014, 31245,
    31516, 31780, 31966, 32044, 32111, 32458, 32524, 32717, 33291, 33293, 33346, 33681,
    33859, 34635, 34827, 35195, 35963, 36558, 36920, 37273, 37365, 37735, 37835, 38121,
    38606, 38819, 39169, 39196, 39462, 39693, 39706, 40070, 40121, 40446, 40851, 41005,
    41136, 41455, 42029, 42051, 42290, 42295, 42493, 42599, 42606, 42777, 42925, 43036,
    43295, 43884, 43900, 44049, 44691, 44879, 44881, 44905, 45016, 45373, 45424, 45887,
    46408, 46530, 46889, 47143, 47207, 47313, 48019, 48060, 48070, 48171, 48303, 48417,
    48449, 48525, 49377, 49631, 49697, 49731, 49785, 50244, 50609, 50679, 50786, 50805,
    51683, 51701, 51952, 52172, 52242, 52623, 52692, 52717, 53522, 53571, 53699, 53714,
    53839, 53889, 53933, 54109, 54464, 54598, 54657, 54756, 55601, 55606, 55771, 55838,
    56001, 56229, 56339, 56867, 56937, 57274, 57392, 57458, 57471, 57712, 57912, 58054,
    58194, 58283, 58491, 59791, 59849, 59860, 59887, 59940, 60691, 60715, 60727, 60978,
    61090, 61113, 61142, 61266, 61587, 61685, 61955, 62018, 62172, 62258, 62413, 62565,
    63571, 63768, 64182, 64196, 64397, 64481, 64679, 64845, 66091, 66355, 66811, 67183,
    67377, 67671, 68058, 68145, 68223, 68412, 69003, 69057, 69228, 69284, 69358, 69678,
    69697, 69795, 69861, 69957, 70108, 70227, 70406, 70469, 70569, 70604, 70775, 70859,
    71000, 71010, 71292, 71315, 71569, 71680, 71730, 71918, 72079, 72747, 73224, 73777,
    73978, 74066, 74221, 74319, 75556, 76297, 76975, 77230, 77238, 77308, 78038, 78139,
    78537, 79019, 79470, 79797, 79960, 80013, 80059, 80089, 80299, 80357, 80788, 80858,
    81159, 81487, 82037, 82125, 82189, 82207, 82259, 82284, 82491, 83266, 83422, 83471,
    83770, 84100, 84176, 84247, 84267, 84335, 84395, 84630, 84727, 84771, 84955, 85427,
    85474, 85547, 85568, 85570, 85925, 86157, 86195, 86559, 86786, 86968, 87101, 87190,
    87571, 87782, 88528, 88569, 88795, 88944, 89035, 89101, 89637, 89799, 89805, 89840,
    90188, 90198, 90334, 90963, 91120, 91303, 91350, 92432, 92516, 93076, 93321, 93335,
    94035, 94109, 94206, 94234, 94267, 94722, 94755, 94878, 95619, 95851, 96114, 96186,
    96596, 96887, 97207, 97724, 97871, 98007, 98192, 98225, 98398, 98834, 99479, 99522,
    99575, 99589, 99658, 99706, 99973, 100022, 100039, 100062, 100177, 100211, 100225,
    100242, 100249, 100621, 101007, 101166, 101355, 101985, 102110, 102125, 102478,
    102668, 103304, 103344, 103698, 103792, 103888, 103969, 104057, 104396, 104472,
    104692, 104758, 104783, 104865, 104949, 105143, 105419, 105560, 105729, 105773,
    105875, 106165, 106267, 106308, 107984, 108327, 108506, 108519, 108572, 108634,
    108651, 108826, 108869, 108893, 109710, 109735, 109805, 110057, 110103, 110120,
    110188, 110229, 110559, 110721, 111052, 111602, 112069, 112091, 112455, 112533,
    112770, 112817, 113190, 113293, 113443, 113501, 113534, 113661, 113901, 114386,
    114552, 114557, 115009, 115687, 115747, 115787, 116230]
  prime: 9999999967
- ksize: 32
  md5sum: 555f34c375cb20a3cd4740d739500242
  mins: [0, 76, 142, 210, 219, 294, 710, 929, 1119, 1184, 1195, 1236, 2231, 2418,
    2468, 3426, 3488, 3614, 3739, 3775, 3843, 4270, 4562, 4584, 4805, 5170, 5419,
    5737, 6022, 6102, 6409, 6908, 7452, 7713, 7927, 7942, 8048, 8181, 8354, 8882,
    8893, 9308, 10011, 10186, 10315, 10327, 10913, 12733, 12848, 12927, 13253, 13750,
    13916, 14776, 14780, 14812, 15234, 15701, 15916, 16003, 16398, 16468, 16615, 17025,
    17547, 17699, 18118, 18676, 18704, 18716, 18900, 19003, 19091, 19286, 19721, 19722,
    19753, 19800, 19989, 20156, 20166, 20267, 20333, 20438, 20916, 21236, 21387, 21446,
    22065, 22066, 22121, 22165, 22310, 22383, 23107, 23581, 24651, 24843, 24890, 25588,
    25594, 25629, 25634, 25978, 26018, 26083, 26100, 26329, 26382, 26404, 26542, 26627,
    26642, 26716, 27437, 27516, 27543, 27686, 27819, 28075, 28447, 28861, 28986, 29237,
    29338, 29526, 29570, 29572, 30015, 30016, 30115, 30402, 30652, 31023, 31081, 31596,
    31681, 31729, 31932, 32051, 32167, 32186, 32568, 32579, 32621, 32658, 32671, 32722,
    32795, 33054, 33205, 33820, 34190, 34433, 34559, 35415, 35694, 35720, 36472, 36523,
    36622, 37425, 37436, 37912, 38216, 38229, 38546, 38867, 39021, 39023, 39110, 39376,
    39605, 39754, 39826, 40450, 40596, 40814, 41318, 41960, 42075, 42167, 42268, 42337,
    42710, 42833, 42920, 43233, 44192, 44337, 44460, 45473, 45799, 46435, 46620, 46859,
    47001, 48230, 48426, 49015, 49026, 49634, 50535, 51040, 51381, 51664, 51716, 51822,
    51827, 52478, 52737, 52828, 52990, 53049, 53491, 53548, 53619, 53720, 53840, 54030,
    54417, 54639, 54717, 54741, 55375, 55826, 56626, 56987, 57090, 57451, 57453, 57821,
    58192, 58351, 58439, 58724, 58993, 59143, 59430, 59573, 59714, 60312, 60468, 60542,
    61232, 61421, 61702, 61743, 62195, 62198, 62222, 63001, 63105, 63413, 63632, 63708,
    64007, 65297, 65696, 65812, 65883, 65919, 66057, 66223, 66685, 66813, 66815, 67051,
    67272, 67279, 67427, 67432, 67829, 67838, 68096, 68584, 68836, 69074, 69405, 70607,
    70775, 70982, 71039, 71546, 71712, 72501, 72753, 73156, 73568, 73702, 74078, 74170,
    74320, 74953, 74989, 75277, 75383, 75493, 75552, 75663, 75882, 75956, 75960, 76081,
    76289, 76668, 77016, 77153, 77428, 77567, 77795, 77858, 78077, 78331, 78479, 78603,
    78604, 78848, 78925, 79208, 79483, 79819, 79990, 80095, 80274, 80494, 80926, 81251,
    82231, 82389, 82751, 83644, 83894, 84007, 84046, 84094, 84341, 84461, 84808, 84840,
    84885, 85092, 85407, 85656, 85668, 85877, 86412, 86585, 87106, 87425, 87953, 88301,
    88432, 88546, 88722, 88800, 89428, 89688, 89725, 89911, 90108, 90587, 90795, 92376,
    92404, 92723, 92768, 92828, 92871, 92952, 93664, 93909, 94319, 95302, 95420, 96419,
    96530, 96941, 97032, 97184, 97295, 97786, 97844, 97909, 98012, 98131, 98462, 98733,
    98934, 99234, 99393, 99401, 99690, 99780, 99959, 100043, 100169, 100911, 101022,
    101240, 101312, 101780, 101897, 102382, 102984, 103027, 103630, 103676, 103718,
    103866, 103930, 103954, 104495, 104552, 104790, 104896, 104944, 104975, 105119,
    105179, 105187, 105316, 105359, 105751, 106114, 106148, 106198, 106486, 106536,
    106713, 107817, 107857, 107980, 108385, 108397, 108836, 108875, 109664, 109795,
    109984, 110030, 110164, 110361, 110457, 110797, 111866, 111881, 111906, 112046,
    112075, 112231, 112287, 112716, 112845, 112962, 113202, 113373, 113491, 113740,
    113766, 113805, 114509, 114835, 114903, 114988, 115379, 115407, 115420, 115684,
    115743, 116163, 116548, 116896, 117148, 117205, 117449, 118691, 118758, 118893,
    119051, 119136, 119159, 119274, 119526, 120065, 120221, 120601, 120669, 120738,
    120886, 121242, 121816, 122090, 122231, 122382, 122516, 122567, 122635, 123133,
    124535]
  prime: 9999999967
type: mrnaseq
version: '0.2'
