class: sourmash_signature
email: titus@idyll.org
filename: SRR2241509_1.fastq.gz.trimnoV.fq.gz
name: disease mouse
signatures:
- ksize: 16
  md5sum: 9c33567e2cd1c15ba568d3e628d6466b
  mins: [0, 69, 1114, 3021, 4119, 6498, 10842, 10856, 12332, 17828, 18461, 21459,
    23998, 25844, 32674, 34261, 37200, 45736, 46003, 50731, 55578, 56563, 57148, 61451,
    61591, 62621, 62851, 63214, 65082, 65084, 68170, 68675, 68801, 69347, 75928, 76929,
    83813, 85981, 88436, 89151, 92551, 93928, 94900, 94948, 96007, 96327, 96478, 102236,
    103588, 105196, 108642, 114990, 115764, 116936, 121772, 123629, 123901, 124869,
    125592, 129190, 133326, 133435, 140035, 140271, 140692, 140969, 143370, 150949,
    151515, 155557, 155614, 157131, 158767, 162484, 163291, 163562, 164448, 165284,
    165378, 165555, 169651, 170057, 170254, 176994, 179288, 181666, 182254, 184109,
    185011, 189472, 190326, 192023, 193001, 198525, 200502, 202392, 204338, 205237,
    208523, 211673, 214545, 215731, 217008, 220751, 221926, 223280, 226481, 228211,
    231386, 231484, 232070, 232470, 236281, 237671, 238781, 240003, 245516, 248744,
    249044, 251421, 252462, 254202, 256709, 257631, 261000, 261707, 262579, 263061,
    263131, 267973, 269841, 270400, 275322, 275381, 278609, 279668, 287510, 290358,
    290905, 291050, 295439, 296017, 297657, 297990, 300162, 305785, 306079, 309818,
    311104, 311451, 315962, 319970, 327154, 334343, 334481, 335332, 337366, 337453,
    339139, 346082, 349687, 350045, 352135, 355067, 357333, 358193, 358501, 359107,
    359218, 359951, 361579, 365007, 366208, 367118, 369420, 369624, 371944, 371950,
    373059, 373690, 374316, 380025, 381885, 382850, 384818, 393643, 394365, 396195,
    398181, 398522, 399169, 403681, 410516, 413995, 415286, 419723, 423556, 425829,
    427253, 428188, 430420, 432749, 433379, 433548, 435015, 435779, 436295, 436412,
    436594, 437068, 438104, 438466, 439017, 440290, 446425, 449338, 453620, 454388,
    455257, 457425, 459444, 460399, 463034, 463382, 464814, 468203, 468294, 468497,
    469636, 476434, 477743, 477871, 477892, 481302, 482199, 484718, 485662, 485934,
    486459, 489380, 491577, 501456, 501468, 503199, 505626, 508148, 509050, 511262,
    511974, 512612, 514007, 514351, 515616, 516151, 518121, 519876, 524115, 527346,
    529052, 531630, 532404, 538492, 542123, 542773, 544551, 545150, 545477, 545701,
    546894, 548484, 551411, 557383, 560452, 561260, 561880, 562066, 564510, 565353,
    565391, 566206, 566937, 567086, 568509, 569133, 572081, 576720, 577511, 578811,
    580632, 583589, 583850, 585455, 591978, 599133, 604212, 605201, 606093, 606221,
    608770, 610210, 611027, 612311, 613506, 615401, 624760, 625952, 630560, 631529,
    632778, 634742, 641049, 641122, 642393, 644293, 644879, 645987, 650863, 651362,
    655634, 656160, 660403, 662217, 669432, 670775, 671405, 672193, 673721, 674710,
    675850, 675906, 677685, 679776, 681237, 687684, 692566, 701622, 705250, 705710,
    706852, 709134, 709781, 716383, 716972, 717076, 719703, 721713, 722650, 723411,
    725027, 725398, 726552, 727230, 727566, 731988, 732093, 732772, 733850, 736573,
    738922, 739118, 740663, 745428, 751340, 751545, 751617, 753255, 759589, 760235,
    760278, 761869, 766291, 767584, 769510, 771202, 773934, 775121, 779049, 780009,
    782891, 796968, 797180, 797417, 801544, 803959, 806664, 808599, 811309, 812175,
    812897, 819109, 822208, 823799, 831131, 832050, 834114, 835600, 837384, 837452,
    840186, 842926, 843874, 852998, 853840, 857463, 857818, 858798, 860733, 864763,
    865125, 866368, 866536, 867926, 870391, 873447, 874840, 881007, 882112, 883554,
    883880, 885052, 888388, 890936, 891116, 891346, 891701, 895111, 895206, 898624,
    899049, 906118, 906728, 907335, 911660, 915128, 917831, 919633, 920191, 923587,
    926618, 928572, 931704, 933294, 934562, 934727, 938269, 938621, 940376, 945785,
    952618, 953035, 954239, 955653, 955962, 956410, 956633, 957299, 960544, 965448,
    966839, 966998, 972148, 977610, 978391, 978739, 978918, 983015, 984711, 985048,
    986356, 987136, 988604, 988970, 990213, 991216, 991291, 999488, 1000223, 1000916,
    1003342, 1004944, 1005263, 1011844, 1011941, 1012608, 1014092, 1017007, 1018390,
    1018489, 1019634, 1022533, 1027796, 1028084, 1036304, 1041223, 1041802, 1042478,
    1047245, 1047865, 1047881, 1048491]
  prime: 9999999967
- ksize: 22
  md5sum: 48c654f37b4a232b677cf4636a3ad4e4
  mins: [0, 1062, 1813, 4914, 8922, 10816, 11446, 12867, 12880, 13685, 14097, 15246,
    15295, 15943, 16564, 17788, 17820, 18217, 18941, 19523, 28870, 29265, 33940, 36185,
    39052, 39327, 39677, 40573, 43330, 43653, 45144, 50242, 52800, 53781, 55140, 57777,
    59092, 63603, 63747, 66207, 66611, 67524, 68228, 69401, 70871, 72286, 72630, 73830,
    79660, 81634, 82584, 83339, 88224, 92129, 93330, 99371, 100246, 100937, 102629,
    108915, 119255, 119541, 122926, 123646, 124534, 125314, 128368, 131663, 132983,
    133543, 134428, 136678, 139386, 141157, 141259, 141762, 143661, 147094, 147550,
    150088, 151676, 155269, 155733, 156232, 157990, 159214, 159533, 161543, 162976,
    166968, 167911, 168042, 174649, 175951, 177520, 180410, 185248, 185842, 186506,
    187791, 189414, 189486, 190619, 190626, 192950, 197522, 199109, 199266, 199390,
    201378, 202365, 202848, 203805, 206155, 207078, 207534, 210496, 214378, 216960,
    222246, 233332, 237658, 239346, 240904, 241924, 244358, 245262, 245604, 248222,
    251980, 255028, 255383, 257098, 257739, 259077, 259422, 259481, 262768, 263109,
    264619, 267085, 270153, 274572, 279375, 283252, 284171, 290144, 291973, 294461,
    294786, 298039, 300431, 300473, 301541, 301877, 302987, 305005, 308359, 310252,
    310644, 312346, 312502, 314610, 315092, 315960, 318819, 321107, 321313, 321695,
    324670, 325890, 326862, 327412, 329999, 330159, 331774, 332995, 346420, 347058,
    347624, 347693, 350007, 351718, 353295, 354148, 354149, 355533, 358888, 359013,
    359738, 360721, 361192, 368298, 370858, 377791, 383641, 383940, 386499, 386506,
    386728, 392969, 393131, 399489, 399774, 400281, 400998, 402939, 404355, 404632,
    404807, 414719, 416513, 416813, 417913, 419077, 419181, 421443, 421684, 424875,
    425081, 426264, 427306, 427978, 429670, 430990, 433245, 436170, 436904, 437760,
    438589, 438843, 441680, 444340, 445065, 449052, 449972, 453112, 453629, 454664,
    457832, 461482, 465462, 467954, 467985, 468736, 470687, 471582, 472819, 473284,
    475984, 477099, 481149, 486087, 488501, 489685, 489995, 490083, 492711, 493571,
    494787, 497281, 500346, 502494, 508616, 509038, 513601, 514624, 515500, 518241,
    519027, 520326, 524844, 526617, 527950, 528461, 529227, 531163, 533774, 535073,
    535887, 535933, 536122, 539681, 542768, 543571, 544823, 546236, 548334, 548832,
    554739, 557084, 565762, 568156, 568528, 576978, 577692, 587850, 589554, 589758,
    591011, 593159, 594928, 598019, 599299, 601048, 603871, 606259, 609192, 612740,
    613471, 613508, 614507, 614596, 615863, 616048, 616514, 618357, 618932, 620666,
    620727, 621827, 622449, 624365, 625313, 626579, 630196, 631270, 631489, 634518,
    635449, 638358, 638675, 638737, 640040, 640491, 645861, 646477, 647179, 648287,
    652141, 655696, 656463, 657672, 660592, 662973, 664028, 664687, 666515, 666982,
    667703, 669700, 672668, 676647, 678401, 679843, 680046, 683666, 686599, 687134,
    687859, 691383, 695617, 696344, 697762, 701586, 702566, 702583, 705247, 710029,
    713881, 715971, 716073, 721279, 723060, 724330, 726434, 731441, 738488, 743450,
    743852, 744285, 745318, 750061, 751526, 752831, 758562, 759448, 759559, 761466,
    762838, 764151, 766099, 766340, 766975, 769215, 770329, 771194, 777550, 777790,
    783369, 786620, 786622, 786803, 787196, 788925, 790285, 790748, 794442, 794998,
    795201, 798033, 798275, 800208, 800560, 801256, 801666, 802125, 803818, 803870,
    806315, 807749, 809960, 815661, 816066, 816084, 817965, 822310, 830436, 835580,
    836698, 836845, 839394, 840088, 843398, 844742, 848071, 848538, 851750, 852902,
    853426, 854448, 856995, 857389, 857504, 857769, 859439, 863401, 864420, 866057,
    869375, 870000, 870719, 884479, 886053, 886790, 887454, 887501, 890586, 892203,
    893250, 904572, 904716, 906491, 907184, 910117, 911739, 917988, 921745, 923346,
    924386, 927238, 927269, 927408, 929657, 933878, 936201, 937610, 937680, 938046,
    939578, 941817, 943280, 943964, 946551, 949712, 949787, 950681, 951488, 952226,
    952334, 953373, 953786, 953839, 955925, 956132, 956447, 959627, 962205, 962575,
    962986]
  prime: 9999999967
- ksize: 31
  md5sum: 927a279eacd6bb366be188bbc6c9fc2e
  mins: [2291, 5015, 8933, 9411, 12938, 18377, 18850, 20141, 20377, 22310, 22383,
    22702, 24427, 24711, 26066, 26511, 26960, 29221, 30611, 32111, 32524, 36558, 36920,
    42051, 42599, 47143, 48449, 54598, 57458, 57712, 58283, 59849, 62258, 64182, 66811,
    68412, 69003, 70604, 71010, 71730, 82491, 86195, 87101, 89035, 93335, 94109, 94878,
    97871, 99658, 100225, 100621, 101355, 104057, 106267, 109805, 110103, 113293,
    113501, 116822, 119380, 120456, 122320, 122492, 123140, 124363, 126739, 126803,
    127084, 127962, 130848, 133102, 133404, 134819, 136960, 138071, 141665, 145695,
    146138, 146696, 148102, 148168, 152826, 155504, 155704, 156340, 156425, 156821,
    159719, 168650, 169456, 171318, 175395, 178114, 178325, 178450, 178615, 178806,
    179089, 179835, 179964, 183181, 186978, 188308, 191383, 193898, 194463, 195647,
    199411, 200543, 204991, 214816, 217040, 220299, 220620, 223257, 224797, 227170,
    229563, 229705, 229976, 231589, 231838, 234542, 236276, 243065, 244883, 245320,
    245670, 245888, 246225, 247543, 248293, 251751, 252572, 253578, 254412, 256462,
    256648, 257630, 258822, 259550, 260340, 264963, 269284, 269341, 270880, 273167,
    274738, 280907, 281558, 284759, 286394, 288863, 291732, 291785, 292110, 294430,
    296027, 296851, 299322, 303877, 304211, 306881, 312158, 312309, 319497, 319840,
    320006, 321731, 330114, 330361, 331299, 332741, 332939, 335558, 340505, 343308,
    346735, 353637, 355159, 355522, 356804, 358360, 358364, 362036, 365008, 365857,
    367037, 367613, 370837, 372197, 372337, 373999, 374256, 374754, 383237, 385690,
    389725, 394533, 397654, 398108, 400668, 406364, 411526, 413043, 414025, 421686,
    421913, 424249, 431785, 432556, 432670, 433015, 434055, 437165, 438657, 442630,
    446083, 446394, 447021, 447150, 447613, 450240, 452819, 454247, 458931, 459893,
    460220, 460645, 460664, 460775, 463004, 470432, 473274, 473821, 476368, 476393,
    479643, 483820, 489558, 492647, 495547, 495661, 496852, 499892, 500178, 500279,
    504897, 505264, 508260, 508446, 509385, 512618, 514877, 515186, 518354, 519055,
    522279, 522795, 523768, 525553, 526496, 528385, 528533, 532028, 532861, 533842,
    534344, 540566, 544210, 545962, 545965, 547665, 549236, 555335, 556678, 562316,
    562779, 563229, 566313, 570209, 571044, 574652, 575586, 578786, 582249, 584376,
    587368, 589930, 590771, 598618, 599965, 608280, 609786, 610691, 615258, 616170,
    616806, 617984, 618100, 629689, 631727, 633236, 634357, 635518, 639496, 641176,
    641891, 647038, 649121, 653977, 654928, 656472, 657425, 658312, 658692, 667651,
    672436, 673268, 673464, 674024, 674471, 675962, 681872, 681984, 682421, 683149,
    683432, 684886, 689303, 691293, 693614, 693974, 695222, 695475, 697616, 699421,
    701004, 703737, 705353, 709453, 711129, 711358, 712140, 713108, 714833, 716709,
    717424, 718077, 718741, 720771, 722094, 724258, 726409, 736325, 736890, 741934,
    742441, 742448, 743840, 748338, 755658, 755828, 756480, 757541, 763819, 765079,
    766693, 768742, 771085, 772052, 775187, 776810, 781168, 784935, 789855, 792483,
    793322, 795586, 795876, 796341, 801209, 802692, 805379, 805463, 805667, 806619,
    809203, 813313, 814401, 815031, 817806, 819787, 820284, 823674, 823841, 825417,
    825687, 827914, 830255, 830574, 830887, 831392, 832155, 833436, 833473, 841694,
    842346, 842499, 843479, 846465, 848092, 848596, 853074, 853179, 854560, 855299,
    857020, 857426, 860742, 862625, 863620, 864474, 867235, 867863, 870625, 871120,
    871755, 872672, 878851, 879651, 888235, 889042, 889600, 890371, 891718, 892613,
    893102, 895149, 895510, 901370, 901850, 901920, 903064, 903324, 905300, 911292,
    912260, 913023, 913130, 913446, 916251, 917455, 920509, 923170, 923249, 925158,
    927719, 930674, 931973, 934397, 935727, 939846, 943779, 944452, 945357, 950061,
    951948, 951997, 953702, 959987, 960216, 961549, 961566, 961747, 965809, 967720,
    970432, 970770, 973442, 976282, 984712, 985456, 986341, 988170, 989017, 993389,
    996373, 999288, 999447, 1000753, 1001159, 1002774, 1003705, 1005468, 1007749,
    1007996, 1013458, 1013615, 1017556]
  prime: 9999999967
- ksize: 32
  md5sum: dc8d43d630784541898ff3eafaf5cbcc
  mins: [0, 16398, 16615, 19989, 21387, 21446, 24651, 24843, 26627, 28986, 29572,
    32658, 32795, 36472, 37425, 39023, 40596, 53491, 53619, 53840, 58351, 60468, 61421,
    67829, 67838, 70607, 73156, 76289, 77153, 78331, 78848, 80095, 82231, 84094, 85092,
    85407, 87106, 87425, 90795, 96941, 97786, 98012, 99393, 101240, 102382, 105316,
    106148, 110164, 113740, 113766, 118691, 119136, 119159, 124917, 127362, 130768,
    131845, 132151, 137473, 139061, 141629, 141728, 142621, 143696, 143921, 145257,
    145309, 146301, 150554, 155500, 155742, 156067, 158543, 158874, 159164, 159889,
    161667, 166704, 167361, 167398, 169285, 172227, 173015, 174402, 176687, 179274,
    180890, 188028, 188248, 191113, 194374, 196897, 199338, 199886, 200368, 200447,
    200930, 204050, 205291, 205877, 207257, 207740, 212110, 213277, 214878, 215243,
    215524, 222587, 224560, 225528, 228262, 230649, 233413, 234983, 235305, 235488,
    238488, 240454, 242329, 243350, 244555, 249928, 254822, 261839, 264800, 267214,
    267288, 267456, 268672, 271776, 272454, 273052, 277390, 277432, 278675, 281338,
    282939, 284414, 286814, 287909, 288948, 288976, 289761, 290242, 291920, 294253,
    298128, 300335, 301224, 301641, 303130, 303914, 305382, 311089, 311871, 315379,
    315702, 316252, 316551, 317016, 322875, 325071, 326507, 329173, 331998, 335014,
    335046, 336037, 336386, 336481, 336649, 339467, 342940, 343182, 345722, 346236,
    350208, 351908, 352517, 356440, 356451, 361169, 366566, 369029, 371244, 371738,
    371928, 372541, 375309, 375352, 376826, 380487, 385916, 386557, 387157, 387313,
    387845, 391183, 393916, 395150, 399471, 406520, 406793, 406810, 411090, 414744,
    415363, 416674, 427358, 433108, 438162, 438396, 439471, 440731, 442219, 442332,
    443062, 444680, 444685, 447006, 447415, 448471, 448662, 454667, 455896, 456413,
    457531, 459881, 462987, 466220, 467614, 472295, 480469, 481397, 482517, 483900,
    483999, 485546, 487348, 487581, 489576, 490186, 490223, 491515, 492561, 499522,
    500192, 506152, 506935, 506962, 509639, 512439, 514538, 515844, 516293, 528708,
    529830, 541654, 543745, 543783, 546916, 549541, 550509, 551651, 554550, 555844,
    556251, 558416, 560925, 561352, 561725, 563062, 563401, 564088, 564895, 567532,
    568277, 568778, 570024, 570976, 572968, 574075, 585966, 586854, 589985, 590228,
    591276, 592250, 592273, 594411, 594918, 595506, 595648, 600887, 604044, 604775,
    606989, 607613, 607696, 607723, 609899, 610185, 612780, 614755, 618607, 619675,
    620171, 620184, 620835, 621173, 622469, 624185, 624254, 626231, 628366, 628369,
    628405, 629933, 631601, 632403, 635741, 636324, 637404, 639518, 639931, 640536,
    640760, 641864, 644686, 646752, 650086, 650540, 654924, 655979, 659962, 662137,
    663022, 664620, 666136, 666411, 667017, 667255, 670949, 671179, 672408, 673021,
    674889, 675644, 675729, 675829, 676627, 676692, 676920, 677335, 678572, 680518,
    683951, 684339, 685099, 685425, 689036, 690419, 694492, 696020, 697910, 698432,
    701924, 702615, 717910, 718147, 718473, 718570, 721867, 722353, 723102, 724467,
    727139, 735488, 737291, 737512, 739000, 742144, 742946, 744345, 744911, 745294,
    754083, 754741, 757080, 758734, 759599, 760349, 763064, 763141, 764950, 768066,
    769595, 770750, 775476, 776642, 778173, 778274, 780843, 783526, 786270, 790883,
    790944, 793577, 798094, 798534, 807880, 811865, 813396, 816101, 823351, 824099,
    831595, 832593, 833306, 834971, 836940, 844244, 846904, 848931, 849109, 851045,
    851161, 854202, 860108, 863264, 864498, 866684, 867216, 868022, 870359, 876196,
    876480, 876720, 879905, 883393, 883771, 887342, 888670, 893667, 906686, 907216,
    914988, 920431, 923028, 924189, 924570, 927088, 930472, 931555, 931593, 934065,
    938447, 938545, 942248, 953554, 954622, 954872, 956299, 958033, 959047, 963139,
    968111, 968359, 968749, 972146, 972969, 974132, 976220, 976459, 977858, 980345,
    981500, 981693, 984463, 985601, 986396, 989872, 991851, 991935, 991986, 994110,
    995177, 995192, 1002008, 1002190, 1002290, 1003725, 1006494, 1007931, 1010549,
    1011867, 1015072, 1016822, 1016924, 1018568]
  prime: 9999999967
type: mrnaseq
version: '0.2'
