class: sourmash_signature
email: titus@idyll.org
filename: SRR2241509_1.fastq.gz.trimnoV.fq.gz
name: disease mouse
signatures:
- ksize: 16
  md5sum: 34a0d9857c228f9062ff9a5a2e0c89fb
  mins: [0, 69, 123, 147, 576, 1114, 1206, 1853, 3021, 3060, 3188, 3397, 3788, 4038,
    4119, 4406, 4441, 4545, 6028, 6200, 6250, 6251, 6414, 6490, 6498, 7127, 7128,
    7204, 7222, 8548, 8777, 8841, 9330, 9349, 10024, 10221, 10252, 10668, 10842, 10856,
    11374, 11696, 11735, 11742, 12059, 12084, 12332, 14381, 14461, 16092, 17056, 17452,
    17828, 17903, 17944, 18461, 19070, 19305, 19385, 19395, 19418, 19942, 20544, 20952,
    21257, 21459, 21503, 22054, 23200, 23549, 23998, 24010, 24045, 25357, 25844, 26197,
    26445, 29104, 29279, 30725, 31495, 32084, 32674, 33079, 33265, 33542, 34058, 34070,
    34145, 34261, 34986, 35096, 35696, 36408, 36601, 37200, 37256, 37686, 37920, 38018,
    38109, 38151, 38486, 39067, 39146, 40397, 40553, 41500, 41805, 42687, 42787, 42971,
    43710, 44296, 45736, 46003, 46378, 46772, 47206, 47989, 49151, 49153, 49724, 50091,
    50268, 50382, 50731, 51289, 52028, 52227, 52754, 53013, 53272, 53757, 53793, 54003,
    54167, 54777, 55258, 55295, 55578, 55633, 55954, 56526, 56563, 57075, 57148, 57485,
    57499, 58173, 60033, 60366, 60691, 61256, 61451, 61591, 62621, 62851, 63214, 63798,
    64134, 65082, 65084, 65498, 66205, 67875, 68170, 68675, 68739, 68801, 68853, 69084,
    69347, 71326, 71689, 72068, 72946, 73454, 74030, 74652, 75928, 76018, 76266, 76460,
    76730, 76929, 77075, 77263, 77732, 77755, 77784, 79170, 79210, 79214, 80541, 80569,
    80829, 81394, 81637, 82093, 82440, 82510, 83664, 83813, 84671, 84764, 85224, 85230,
    85396, 85436, 85981, 86352, 86528, 86683, 87150, 87703, 87936, 88436, 89151, 89547,
    90756, 91031, 91285, 91581, 91967, 92090, 92551, 93481, 93754, 93928, 94900, 94948,
    95269, 95931, 96007, 96045, 96150, 96234, 96313, 96327, 96446, 96478, 97435, 98033,
    98333, 98686, 99437, 99814, 99864, 99963, 100761, 100770, 101047, 101272, 102236,
    102537, 103362, 103564, 103580, 103588, 104415, 104709, 104817, 104929, 104967,
    105196, 105590, 106797, 108109, 108384, 108527, 108642, 109392, 109829, 110372,
    110648, 111099, 111150, 111222, 112038, 112754, 113009, 113304, 113340, 113576,
    114904, 114990, 115086, 115527, 115764, 116204, 116569, 116688, 116936, 118316,
    118506, 118622, 118894, 119156, 119871, 120107, 120734, 121077, 121154, 121487,
    121530, 121772, 122393, 122560, 123053, 123072, 123629, 123901, 124426, 124710,
    124869, 125376, 125592, 125947, 126165, 126367, 126479, 128136, 128361, 128414,
    128744, 129190, 129532, 130165, 130185, 131213, 131666, 131959, 132432, 132620,
    133211, 133228, 133326, 133435, 134291, 134637, 135091, 135280, 135594, 135769,
    135930, 136178, 136189, 136230, 136484, 136937, 137752, 139565, 140035, 140136,
    140271, 140283, 140692, 140969, 141478, 141746, 142554, 142797, 143316, 143370,
    143998, 144155, 144170, 146174, 147261, 147507, 147721, 148118, 148438, 149799,
    149915, 150468, 150949, 151000, 151505, 151515, 152765, 152811, 153244, 155485,
    155557, 155614, 156404, 156629, 156775, 156779, 157131, 157526, 158184, 158767,
    162304, 162316, 162484, 162671, 163291, 163562, 164448, 164484, 165008, 165046,
    165284, 165366, 165378, 165555, 165744, 167465, 168099, 168179, 168429, 169030,
    169484, 169651, 170057, 170254, 170367, 170412, 170795, 172484, 172687, 172920,
    173124, 174094, 174699, 175727, 176994, 177252, 177597, 177637, 177963, 178061,
    178173, 178337, 178344, 178546, 178660, 178777, 178831, 178854, 179288, 179620,
    180633, 181137, 181666, 182082, 182254, 182350, 182442, 182701, 183848, 184109,
    185011, 185837, 185947, 186150, 186389, 186594, 188335, 188816, 189231, 189472,
    189506, 189863, 190326, 190943, 191157, 191826, 192023, 192289, 192297, 192748,
    192976, 193001, 193363, 193486, 193511, 193945, 194155, 194931, 195678, 195733,
    196327, 197467, 198308, 198525, 198681, 199783, 199806, 200196, 200502, 200787,
    201716, 201757, 201920, 202392, 202458]
  prime: 9999999967
- ksize: 22
  md5sum: 69ec01f7a943746f41724d2c53a1cdbe
  mins: [0, 776, 1062, 1081, 1813, 1836, 1897, 2789, 3257, 4501, 4532, 4914, 4947,
    5139, 5476, 6355, 7127, 7379, 7481, 7508, 7782, 8119, 8772, 8867, 8922, 10362,
    10816, 11255, 11443, 11446, 12605, 12867, 12880, 12895, 13090, 13685, 14097, 14396,
    14924, 15246, 15295, 15799, 15943, 16354, 16417, 16564, 16837, 17167, 17788, 17820,
    18071, 18178, 18217, 18627, 18941, 19523, 20354, 20554, 20803, 21026, 21838, 22326,
    22959, 23407, 24012, 24046, 24353, 24711, 24827, 25569, 25802, 25999, 26040, 26715,
    27178, 27802, 28088, 28143, 28149, 28806, 28870, 28950, 29265, 30304, 30404, 30810,
    30813, 31207, 31215, 31764, 32258, 33281, 33309, 33940, 34041, 34354, 35221, 35330,
    35474, 35929, 36185, 37040, 37099, 37635, 38491, 38769, 39052, 39327, 39354, 39413,
    39677, 40573, 40955, 41380, 41479, 42107, 42918, 42974, 43330, 43497, 43653, 44080,
    44117, 44482, 44532, 45144, 45881, 46674, 46737, 47396, 47630, 49059, 50242, 50966,
    51211, 52730, 52800, 53286, 53353, 53781, 53809, 53853, 54198, 54645, 55140, 55427,
    55801, 55934, 57234, 57767, 57777, 58125, 58904, 58938, 59092, 59555, 59674, 60087,
    60168, 60204, 60326, 60781, 60800, 62389, 62601, 63603, 63747, 63852, 63881, 63964,
    64501, 64596, 65215, 65233, 66167, 66207, 66258, 66500, 66611, 66747, 67305, 67524,
    67608, 68060, 68209, 68228, 68484, 68590, 69039, 69397, 69401, 69611, 69714, 69784,
    70134, 70220, 70325, 70871, 71943, 72286, 72360, 72440, 72630, 73371, 73830, 73925,
    74423, 74637, 74783, 75067, 75613, 75797, 76432, 76580, 76586, 77360, 77690, 77950,
    78386, 78997, 79660, 80108, 80364, 80519, 80681, 80722, 81634, 81667, 82033, 82046,
    82420, 82584, 82864, 83150, 83202, 83339, 83494, 84507, 84613, 84760, 84967, 85595,
    85857, 86204, 86454, 86609, 87557, 87785, 87996, 88132, 88224, 88342, 88413, 88806,
    88844, 89553, 89577, 89681, 90549, 90798, 90842, 91211, 91449, 91637, 92129, 92476,
    92727, 92772, 92813, 93330, 93597, 94610, 95439, 95620, 95998, 96748, 96835, 96842,
    99371, 99815, 100074, 100246, 100633, 100846, 100893, 100937, 101556, 101589,
    101636, 101820, 102076, 102629, 103242, 103249, 103583, 104337, 105330, 105339,
    106160, 106286, 107309, 107409, 107868, 108915, 109021, 109213, 109422, 111119,
    111685, 112105, 113620, 113678, 114100, 114175, 114506, 114984, 114993, 115000,
    115223, 115661, 116896, 117729, 118215, 118828, 119058, 119255, 119505, 119540,
    119541, 119867, 119919, 120000, 120126, 120810, 120861, 121230, 121574, 122203,
    122261, 122647, 122776, 122803, 122926, 123137, 123338, 123624, 123646, 124174,
    124185, 124534, 124579, 125010, 125314, 125589, 126568, 126727, 126751, 126783,
    127221, 128003, 128179, 128368, 128944, 130252, 130266, 130337, 130896, 131663,
    132249, 132910, 132983, 133543, 133597, 134244, 134317, 134428, 134546, 136455,
    136602, 136678, 137145, 137574, 138147, 138745, 139386, 139969, 140130, 140235,
    140459, 140605, 141157, 141229, 141259, 141762, 141783, 141999, 142008, 142220,
    143507, 143661, 143662, 144446, 144817, 144877, 145136, 145641, 145672, 145944,
    146473, 147094, 147550, 147845, 147863, 148229, 148459, 149124, 149565, 150088,
    150127, 150219, 150323, 150331, 151235, 151291, 151460, 151634, 151676, 152002,
    152839, 152978, 154121, 154464, 155185, 155269, 155728, 155733, 156232, 156801,
    157244, 157376, 157990, 158073, 158604, 158617, 158856, 158916, 158950, 159101,
    159214, 159533, 160251, 160329, 160372, 160530, 161543, 161671, 162408, 162869,
    162976, 163593, 164586, 165559, 165870, 166968, 167251, 167820, 167911, 167923,
    168042, 169292, 169414, 169560, 169918, 169950, 172737, 173344, 173550, 173684,
    174031, 174345, 174413, 174649, 174711, 174936, 175177, 175369, 175405, 175605,
    175889, 175951, 176463, 176884, 177096, 177520, 177536, 177603, 177952, 178125,
    180410, 180423]
  prime: 9999999967
- ksize: 31
  md5sum: 68735e2f90c7250ab233b569ae1395b6
  mins: [118, 134, 268, 823, 1606, 2085, 2093, 2291, 2980, 4791, 5015, 5066, 5958,
    6305, 6431, 7740, 8055, 8569, 8933, 9155, 9411, 9771, 9883, 10236, 11917, 12938,
    12963, 13136, 13188, 13461, 13765, 14273, 14703, 14710, 15469, 17084, 17473, 17540,
    18156, 18377, 18382, 18850, 19226, 20141, 20377, 20848, 21086, 21185, 21649, 21913,
    22310, 22383, 22485, 22656, 22700, 22702, 23365, 23667, 24427, 24452, 24711, 25465,
    25703, 25714, 26066, 26127, 26511, 26681, 26843, 26873, 26960, 29221, 30113, 30611,
    30939, 31014, 31245, 31780, 31966, 32111, 32458, 32524, 33291, 33293, 33346, 33859,
    34635, 35963, 36558, 36920, 37273, 37835, 38121, 38606, 38819, 40070, 40446, 41005,
    41136, 41455, 42029, 42051, 42290, 42295, 42493, 42599, 42777, 43036, 43295, 44049,
    44879, 46408, 46889, 47143, 47207, 48303, 48417, 48449, 48525, 49377, 49631, 49731,
    50609, 50786, 50805, 51683, 51952, 52172, 52242, 52692, 52717, 53571, 53699, 53839,
    53889, 53933, 54464, 54598, 54756, 55601, 55606, 55771, 55838, 56001, 56229, 56867,
    56937, 57274, 57392, 57458, 57471, 57712, 58054, 58283, 59849, 59860, 59887, 60691,
    60715, 60727, 61113, 61142, 61266, 61685, 61955, 62172, 62258, 62565, 63571, 64182,
    64679, 66091, 66355, 66811, 67183, 67377, 67671, 68223, 68412, 69003, 69057, 69228,
    69358, 69678, 69697, 69795, 69861, 69957, 70108, 70227, 70406, 70604, 70775, 71000,
    71010, 71315, 71680, 71730, 71918, 72747, 73224, 73777, 73978, 74066, 74221, 76297,
    76975, 77238, 78139, 78537, 79019, 79797, 79960, 80013, 80059, 80089, 80299, 80788,
    80858, 81159, 82037, 82125, 82189, 82207, 82259, 82284, 82491, 83422, 84247, 84267,
    84335, 84395, 84771, 84955, 85427, 85547, 85568, 85570, 85925, 86157, 86195, 86559,
    86968, 87101, 87571, 87782, 88569, 89035, 89799, 89805, 90198, 90334, 90963, 91120,
    91350, 92516, 93076, 93335, 94035, 94109, 94206, 94267, 94722, 94755, 94878, 95619,
    95851, 96114, 96186, 97724, 97871, 98225, 99522, 99575, 99658, 99706, 100022,
    100039, 100177, 100211, 100225, 100242, 100621, 101166, 101355, 101985, 102110,
    102125, 102478, 102668, 103698, 103792, 103969, 104057, 104396, 104472, 104692,
    104783, 104949, 105143, 105419, 105773, 105875, 106165, 106267, 106308, 107984,
    108327, 108519, 108634, 108651, 108826, 108869, 109710, 109805, 110103, 110188,
    110721, 111052, 111602, 112069, 112533, 112817, 113293, 113501, 113534, 113661,
    113901, 114552, 115747, 115787, 116230, 116499, 116709, 116822, 116835, 117520,
    117803, 118223, 119094, 119156, 119242, 119380, 119754, 119862, 120456, 120530,
    120568, 122016, 122056, 122189, 122320, 122492, 122831, 122974, 123020, 123140,
    123307, 123422, 123852, 123876, 124234, 124363, 124628, 125193, 125671, 126092,
    126177, 126239, 126739, 126803, 126884, 127084, 127962, 128527, 130053, 130764,
    130848, 131947, 132471, 133064, 133102, 133404, 133553, 133859, 133906, 133964,
    134202, 134787, 134819, 135075, 135232, 135422, 135806, 135831, 135870, 136483,
    136960, 137074, 137638, 138049, 138071, 138467, 138491, 139371, 139760, 139859,
    140312, 140357, 140441, 141400, 141665, 142269, 142534, 143308, 143356, 143720,
    144091, 144331, 144363, 144856, 144930, 145695, 146138, 146696, 146763, 148102,
    148168, 148172, 148583, 148585, 149072, 149084, 149589, 150092, 150217, 150306,
    150308, 150662, 150684, 150811, 151156, 151365, 151426, 151803, 152600, 152682,
    152809, 152813, 152826, 153341, 153784, 154251, 154252, 155504, 155704, 156340,
    156425, 156821, 157289, 157867, 158718, 159068, 159719, 159826, 160585, 160689,
    160754, 161065, 161256, 161763, 162730, 162909, 163132, 163165, 163453, 163511,
    164311, 164946, 165362, 165386, 165716, 166083, 166207, 166612, 166984, 167590,
    167827, 168306, 168321, 168650, 168997, 169114, 169456, 169530, 169799, 170214,
    170236, 170395, 171318]
  prime: 9999999967
- ksize: 32
  md5sum: a624291cb295fe5767de7cfc512993dd
  mins: [0, 76, 219, 710, 1184, 1236, 2231, 2418, 2468, 3426, 3614, 3739, 3775, 3843,
    4562, 4584, 4805, 5170, 6102, 6409, 6908, 7452, 7927, 7942, 8048, 8181, 8354,
    8882, 9308, 10315, 12733, 12927, 13750, 14812, 15701, 16398, 16468, 16615, 17025,
    17699, 18118, 18676, 18704, 18716, 18900, 19722, 19753, 19989, 20156, 20166, 20267,
    20333, 20438, 21236, 21387, 21446, 22066, 22121, 23107, 24651, 24843, 24890, 25594,
    25629, 25634, 26018, 26083, 26100, 26329, 26404, 26542, 26627, 27437, 27516, 27543,
    28075, 28861, 28986, 29237, 29526, 29572, 30016, 30115, 30652, 31023, 32051, 32167,
    32568, 32579, 32621, 32658, 32671, 32722, 32795, 33054, 33205, 33820, 34559, 36472,
    36622, 37425, 38229, 38546, 39021, 39023, 39826, 40596, 40814, 42075, 42167, 42268,
    42833, 42920, 44192, 44337, 44460, 45473, 45799, 46435, 46620, 46859, 48230, 49015,
    51040, 51381, 51716, 52737, 53049, 53491, 53548, 53619, 53840, 54030, 54417, 54741,
    55826, 56987, 58351, 58439, 58724, 58993, 59143, 59430, 59573, 59714, 60312, 60468,
    61421, 61702, 62195, 62222, 63001, 63413, 63708, 64007, 66813, 66815, 67272, 67829,
    67838, 68584, 69074, 70607, 70982, 71039, 71546, 72753, 73156, 73568, 73702, 74170,
    74953, 74989, 75277, 75383, 75493, 75552, 75882, 75956, 75960, 76289, 77153, 77428,
    77795, 77858, 78077, 78331, 78603, 78604, 78848, 79819, 79990, 80095, 80494, 81251,
    82231, 82389, 83644, 84007, 84094, 84341, 84461, 84885, 85092, 85407, 85656, 85668,
    85877, 87106, 87425, 87953, 88301, 88432, 88546, 88722, 88800, 90587, 90795, 92376,
    92723, 93909, 94319, 95302, 95420, 96941, 97032, 97184, 97295, 97786, 97844, 98012,
    98462, 99393, 99401, 99690, 99780, 101240, 101312, 101780, 101897, 102382, 102984,
    103027, 103630, 103676, 103718, 103866, 103954, 104552, 104790, 104944, 105119,
    105316, 105751, 106148, 106486, 106536, 107817, 107857, 107980, 108385, 108397,
    108875, 109664, 109795, 109984, 110164, 110361, 110457, 111866, 111881, 112046,
    112075, 112287, 112962, 113202, 113740, 113766, 114509, 114835, 114903, 114988,
    115420, 115684, 115743, 116548, 116896, 117148, 117205, 117449, 118691, 118758,
    119051, 119136, 119159, 119274, 120221, 120601, 121242, 121816, 122231, 122382,
    122516, 122635, 123133, 124917, 125588, 125884, 126244, 126720, 126844, 126927,
    127362, 127616, 128166, 128272, 128861, 129368, 129690, 130170, 130193, 130443,
    130768, 131845, 132151, 132909, 133211, 133495, 133515, 133557, 133637, 133686,
    134407, 134534, 134782, 134987, 135056, 135228, 135765, 136240, 136870, 137473,
    137600, 137803, 137907, 137935, 138066, 138260, 138645, 139061, 139124, 140666,
    141629, 141728, 141889, 142143, 142621, 143571, 143696, 143921, 144281, 144508,
    144722, 144771, 145105, 145257, 145295, 145309, 145692, 145972, 146041, 146301,
    146352, 146372, 146589, 146619, 147996, 149265, 149409, 149820, 150132, 150554,
    151017, 151392, 153073, 153291, 155274, 155456, 155483, 155500, 155551, 155742,
    156067, 157166, 157193, 157465, 157608, 158543, 158874, 158962, 159164, 159299,
    159889, 160031, 160855, 161604, 161657, 161667, 162386, 162392, 162466, 162775,
    162889, 163090, 163146, 163255, 164124, 165163, 165287, 165485, 165798, 166704,
    166723, 167302, 167361, 167398, 169198, 169285, 169475, 170108, 170538, 170827,
    171565, 171695, 172227, 172343, 172405, 172446, 173015, 174402, 175270, 175655,
    176157, 176687, 176891, 177734, 178558, 179274, 179878, 180433, 180890, 181968,
    182117, 182763, 182881, 182982, 183583, 183758, 184035, 184118, 184222, 184579,
    184730, 184859, 185564, 186520, 187932, 188028, 188248, 189347, 190745, 191001,
    191113, 193097, 193501, 194374, 196182, 196346, 196628, 196897, 197066, 197523,
    197677, 197770, 197976, 198264, 198602, 198681, 198931, 199338, 199369, 199511,
    199886, 200041, 200368, 200447, 200930, 201771, 201906, 202302]
  prime: 9999999967
type: mrnaseq
version: '0.2'
