class: sourmash_signature
email: titus@idyll.org
filename: SRR2241509_1.fastq.gz.trimnoV.fq.gz
name: disease mouse
signatures:
- ksize: 16
  md5sum: f200c8597a022774f11e3cfa4dadbe15
  mins: [0, 69, 1114, 1206, 1853, 3021, 4119, 6498, 8548, 10252, 10842, 10856, 12332,
    14461, 17828, 18461, 21459, 23998, 25844, 32674, 33542, 34261, 36601, 37200, 38109,
    38151, 39067, 45736, 46003, 46378, 50731, 53757, 55578, 56563, 57148, 61451, 61591,
    62621, 62851, 63214, 64134, 65082, 65084, 68170, 68675, 68739, 68801, 69347, 72068,
    75928, 76929, 79170, 83813, 85230, 85981, 88436, 89151, 91967, 92551, 93928, 94900,
    94948, 96007, 96313, 96327, 96478, 98333, 101272, 102236, 103588, 105196, 108384,
    108642, 114990, 115764, 116936, 121772, 123629, 123901, 124869, 125376, 125592,
    126367, 129190, 133326, 133435, 136230, 139565, 140035, 140271, 140692, 140969,
    143370, 150949, 151515, 155557, 155614, 157131, 158767, 162484, 163291, 163562,
    164448, 165284, 165378, 165555, 169651, 170057, 170254, 176994, 179288, 179620,
    181666, 182254, 182701, 184109, 185011, 189472, 190326, 192023, 193001, 194155,
    198525, 200502, 202392, 204338, 205237, 208523, 211673, 214545, 215731, 217008,
    220751, 221926, 223280, 226481, 226965, 228211, 229812, 231386, 231484, 232070,
    232470, 236281, 237671, 238781, 240003, 244083, 245516, 248254, 248744, 249044,
    251421, 252462, 254202, 255657, 256507, 256709, 257314, 257631, 261000, 261707,
    262579, 263061, 263131, 267896, 267973, 269841, 270378, 270400, 271026, 275322,
    275381, 278609, 279668, 282792, 287510, 290358, 290905, 291050, 291477, 294060,
    295439, 296017, 297657, 297990, 300162, 302921, 305785, 306079, 306584, 309818,
    311104, 311262, 311451, 312149, 315822, 315962, 319970, 327154, 330416, 334343,
    334481, 335332, 337366, 337453, 339139, 346082, 349687, 349933, 350045, 352135,
    354882, 355067, 355857, 357333, 358193, 358501, 359107, 359218, 359951, 361579,
    363405, 365007, 366208, 367118, 369420, 369624, 371944, 371950, 373059, 373690,
    374316, 380025, 381885, 382850, 382997, 384465, 384818, 386630, 392897, 393643,
    394365, 395210, 396195, 398181, 398522, 399169, 403681, 410516, 413995, 415286,
    419723, 423556, 425829, 427253, 428188, 428390, 430420, 432574, 432749, 433034,
    433379, 433548, 435015, 435779, 436295, 436412, 436594, 437068, 438104, 438466,
    439017, 440290, 445999, 446425, 449338, 453620, 454388, 455257, 456230, 457425,
    459444, 460399, 463034, 463382, 464814, 468203, 468294, 468497, 469636, 470135,
    476434, 477743, 477871, 477892, 481302, 482199, 484420, 484718, 485662, 485934,
    486459, 489380, 491577, 496083, 501456, 501468, 503199, 504020, 505626, 506015,
    508148, 509050, 511262, 511974, 512612, 514007, 514351, 514904, 515616, 516151,
    518121, 519876, 524115, 525922, 527059, 527159, 527346, 529052, 530798, 531630,
    532404, 538253, 538492, 542123, 542773, 544551, 545150, 545477, 545701, 546894,
    548484, 551411, 557383, 560452, 560728, 561260, 561880, 562066, 564510, 565353,
    565391, 566206, 566937, 567086, 567126, 568509, 569020, 569133, 572081, 576720,
    577511, 578811, 580632, 583589, 583850, 584798, 585455, 591184, 591978, 599133,
    603770, 604212, 605201, 606093, 606221, 606349, 608770, 610210, 611027, 611880,
    612311, 613506, 615401, 620725, 624298, 624760, 625952, 630560, 631529, 632778,
    634742, 641049, 641122, 642393, 644293, 644879, 645987, 647549, 648170, 650863,
    651362, 654351, 655634, 656160, 657300, 660403, 662217, 663933, 669432, 670775,
    671405, 671937, 672193, 673721, 674710, 675850, 675906, 677685, 679776, 679958,
    680427, 681237, 683774, 687684, 689410, 690488, 692566, 700123, 700158, 701622,
    701727, 705250, 705710, 706852, 709134, 709781, 715593, 716383, 716972, 717076,
    718941, 719703, 721713, 722650, 723411, 725027, 725398, 726552, 727230, 727566,
    731988, 732093, 732772, 733850, 736573, 738201, 738922, 739118, 740663, 745428,
    748353, 749891, 751336, 751340, 751545, 751617, 753255, 759553, 759589, 760235,
    760278, 760601, 761869, 766291, 767221, 767584, 769510, 771202, 772651, 773934,
    775121, 776717, 779049, 780009, 782891, 789244, 792165, 796968, 797180, 797417,
    801544, 803959, 806664, 808599, 811309, 812175, 812897, 813727]
  prime: 9999999967
- ksize: 22
  md5sum: f8b1cf41eb2a9379efa200da53338173
  mins: [0, 1062, 1813, 1897, 4914, 5476, 7481, 8922, 10816, 11446, 12867, 12880,
    13685, 14097, 14924, 15246, 15295, 15943, 16564, 17788, 17820, 18217, 18941, 19523,
    25802, 28806, 28870, 29265, 33281, 33309, 33940, 36185, 39052, 39327, 39677, 40573,
    43330, 43653, 44080, 45144, 45881, 50242, 52800, 53781, 55140, 57777, 59092, 63603,
    63747, 66207, 66500, 66611, 67524, 68228, 69401, 70871, 72286, 72630, 73830, 77690,
    79660, 81634, 82584, 83339, 86454, 88224, 88413, 92129, 93330, 99371, 100246,
    100937, 102629, 107409, 108915, 111685, 119255, 119541, 120126, 120861, 122926,
    123646, 124534, 125314, 128368, 131663, 132983, 133543, 134428, 136678, 139386,
    140130, 141157, 141259, 141762, 142008, 143507, 143661, 147094, 147550, 148459,
    150088, 151676, 155269, 155733, 156232, 157990, 158617, 158916, 159214, 159533,
    160530, 161543, 162976, 166968, 167911, 168042, 169918, 169950, 174649, 175369,
    175951, 177520, 177536, 180410, 180580, 183656, 185248, 185842, 186051, 186506,
    187791, 189414, 189486, 190472, 190619, 190626, 192371, 192950, 194745, 197522,
    198153, 199109, 199266, 199390, 201378, 202365, 202848, 203805, 206155, 207078,
    207534, 210496, 211523, 214378, 214782, 216960, 218227, 221684, 222246, 231906,
    233332, 235142, 237658, 239346, 240904, 241924, 244358, 245262, 245604, 246194,
    248157, 248222, 251980, 255028, 255383, 255792, 257098, 257739, 259077, 259422,
    259481, 262768, 263109, 263404, 264619, 267085, 268941, 270153, 272521, 273306,
    274572, 279375, 281242, 282608, 283252, 283815, 284171, 290144, 291973, 294461,
    294786, 298039, 300274, 300431, 300473, 301541, 301877, 302987, 305005, 308359,
    310252, 310644, 312346, 312502, 312880, 314610, 315092, 315960, 318819, 321107,
    321313, 321695, 324670, 325255, 325890, 326862, 327183, 327412, 329999, 330159,
    331774, 332995, 338342, 339667, 346420, 347058, 347624, 347693, 349658, 350007,
    351718, 353295, 354148, 354149, 355533, 356687, 358232, 358888, 359013, 359738,
    360721, 361192, 361484, 363505, 368298, 370571, 370858, 377791, 383641, 383940,
    386499, 386506, 386728, 387954, 388607, 389390, 392969, 393131, 399489, 399774,
    400281, 400998, 402939, 404355, 404632, 404807, 414719, 416513, 416813, 417765,
    417913, 419077, 419181, 419687, 421443, 421684, 424875, 425081, 426264, 427306,
    427978, 429670, 430990, 431816, 433245, 436170, 436904, 437760, 438589, 438843,
    441680, 443647, 444340, 445065, 449052, 449972, 450529, 453112, 453629, 454664,
    457832, 460730, 461482, 465462, 467954, 467985, 468736, 470687, 471582, 472819,
    472925, 473284, 475984, 477099, 480948, 481149, 486087, 487179, 488501, 489685,
    489995, 490083, 492431, 492711, 493571, 494787, 497281, 500346, 502494, 502876,
    508616, 509038, 509765, 512232, 513601, 514624, 515500, 518241, 518250, 519027,
    520326, 520345, 521262, 524844, 526617, 527950, 528461, 529227, 531163, 533774,
    535073, 535887, 535933, 536122, 539681, 539789, 542768, 543571, 544823, 545334,
    546236, 548334, 548832, 554739, 555077, 557084, 565762, 568156, 568528, 569599,
    574743, 576978, 577692, 586629, 587850, 589554, 589758, 591011, 593159, 593226,
    594089, 594928, 597293, 598019, 599299, 601048, 603871, 606259, 609192, 612740,
    613471, 613508, 614507, 614596, 615863, 616048, 616514, 616972, 618357, 618932,
    619654, 620666, 620727, 621827, 622449, 624365, 625313, 626579, 628266, 630196,
    631270, 631489, 634518, 635449, 636098, 638358, 638675, 638737, 639822, 640040,
    640491, 645861, 646477, 647179, 648287, 651907, 652141, 655696, 656463, 657672,
    660592, 662973, 664028, 664687, 666515, 666982, 667703, 667817, 669554, 669700,
    672668, 676647, 677187, 677618, 678401, 679843, 680046, 682966, 683666, 686599,
    687134, 687859, 691383, 695617, 696344, 697762, 699298, 700561, 701586, 702566,
    702583, 705247, 706960, 710029, 712245, 713881, 715971, 716073, 719512, 721279,
    723060, 724330, 725200, 726434, 726993, 728175, 731441, 738488, 743450, 743852,
    744285, 745318, 745841, 750061, 751526, 752831, 753574, 758562, 759448]
  prime: 9999999967
- ksize: 31
  md5sum: 179833127df0e6f018085b6e191127e9
  mins: [2085, 2291, 5015, 8933, 9411, 12938, 18377, 18850, 20141, 20377, 22310, 22383,
    22702, 24427, 24711, 25703, 26066, 26511, 26873, 26960, 29221, 30611, 32111, 32524,
    36558, 36920, 38819, 42051, 42599, 47143, 48449, 54598, 57458, 57712, 58283, 59849,
    59860, 61955, 62172, 62258, 64182, 66811, 68412, 69003, 70604, 71010, 71730, 79797,
    80788, 82037, 82491, 84395, 86157, 86195, 86559, 87101, 87571, 89035, 89805, 90334,
    93335, 94109, 94878, 97871, 99575, 99658, 100225, 100621, 101355, 104057, 105773,
    106267, 109805, 110103, 113293, 113501, 113901, 116822, 116835, 119242, 119380,
    120456, 122320, 122492, 123140, 123307, 124363, 126739, 126803, 127084, 127962,
    130848, 133064, 133102, 133404, 134819, 135232, 136960, 138071, 141665, 145695,
    146138, 146696, 148102, 148168, 149589, 150811, 152826, 155504, 155704, 156340,
    156425, 156821, 158718, 159719, 159826, 161256, 162909, 163165, 165362, 165386,
    168321, 168650, 169114, 169456, 171318, 175395, 178114, 178325, 178450, 178615,
    178806, 179089, 179835, 179964, 182773, 183181, 186906, 186978, 188308, 191383,
    193898, 194463, 194606, 195647, 199411, 200543, 204330, 204991, 209304, 210117,
    212049, 214816, 217040, 220299, 220620, 220766, 223257, 224797, 225737, 227170,
    229563, 229705, 229976, 231337, 231589, 231838, 234542, 234568, 236276, 240734,
    243065, 244883, 245320, 245445, 245670, 245888, 246225, 247258, 247543, 248293,
    251751, 252572, 253578, 254412, 256462, 256648, 257630, 258822, 259420, 259550,
    260340, 264746, 264963, 269284, 269341, 270880, 272999, 273167, 274738, 275242,
    276240, 276977, 280907, 281558, 284759, 286394, 288863, 291732, 291785, 292110,
    294430, 294816, 295099, 296027, 296851, 299322, 302085, 302383, 303877, 304211,
    304314, 306881, 312158, 312309, 316502, 319497, 319840, 320006, 321731, 327323,
    328800, 330114, 330361, 331299, 332741, 332939, 335558, 339098, 340174, 340505,
    341868, 343308, 343898, 346504, 346735, 346849, 347384, 348687, 352902, 353624,
    353637, 354146, 355159, 355522, 356804, 358360, 358364, 362036, 365008, 365857,
    367037, 367613, 369836, 370837, 371988, 372197, 372337, 373999, 374234, 374256,
    374754, 375790, 383237, 384495, 385690, 386221, 389725, 394533, 397232, 397654,
    398108, 400668, 406364, 411526, 413043, 414025, 419437, 421686, 421913, 423857,
    424249, 431785, 432556, 432670, 433015, 434055, 436992, 437165, 437760, 438657,
    442630, 446083, 446394, 447021, 447150, 447613, 450240, 452819, 454247, 458931,
    459893, 460220, 460645, 460664, 460775, 463004, 470432, 473274, 473821, 476368,
    476393, 477472, 479643, 479650, 483186, 483820, 483835, 485371, 489558, 492647,
    495547, 495661, 495731, 496852, 499892, 500178, 500279, 501911, 504897, 505264,
    508260, 508446, 509385, 512618, 514877, 515186, 517971, 518354, 519055, 521432,
    522279, 522795, 523768, 525553, 526146, 526496, 528385, 528533, 529676, 532028,
    532861, 533842, 534344, 538771, 540566, 543734, 544210, 545921, 545962, 545965,
    547665, 549236, 555335, 556678, 556803, 562125, 562316, 562779, 563229, 565770,
    566313, 570209, 571044, 574652, 575500, 575586, 578786, 579658, 582249, 584376,
    586213, 587028, 587368, 589370, 589930, 590771, 591407, 598618, 599965, 602641,
    608280, 609786, 610691, 615258, 616170, 616806, 617984, 618100, 618285, 622178,
    627188, 628224, 629689, 631397, 631727, 633236, 634357, 635518, 639496, 641176,
    641891, 647038, 648441, 649121, 649550, 653977, 654928, 655248, 656472, 656555,
    657425, 658312, 658692, 667651, 672436, 673268, 673464, 674024, 674471, 675962,
    681872, 681984, 682421, 683149, 683432, 683586, 684616, 684886, 689303, 691293,
    691630, 693603, 693614, 693974, 695222, 695475, 697616, 699421, 701004, 702537,
    703737, 705353, 709453, 711129, 711358, 712140, 713108, 714833, 715817, 716709,
    717424, 718077, 718741, 720771, 722094, 722612, 724258, 726409, 727236, 727715,
    730786, 736325, 736692, 736890, 741934, 742441, 742448, 743840, 748338, 755658,
    755828, 756480, 756938, 757541, 758599, 760542, 763652, 763819, 765079]
  prime: 9999999967
- ksize: 32
  md5sum: d4c33916186973e13724e773dc657c9e
  mins: [0, 1236, 3843, 12927, 16398, 16615, 19989, 21387, 21446, 24651, 24843, 25634,
    26627, 27437, 28986, 29572, 32658, 32795, 36472, 37425, 39023, 40596, 49015, 53491,
    53619, 53840, 58351, 60468, 61421, 67272, 67829, 67838, 70607, 73156, 75956, 76289,
    77153, 78331, 78848, 80095, 82231, 84094, 85092, 85407, 87106, 87425, 90795, 92376,
    96941, 97786, 97844, 98012, 99393, 101240, 102382, 103630, 105316, 106148, 110164,
    113740, 113766, 115743, 118691, 118758, 119136, 119159, 124917, 127362, 127616,
    130193, 130768, 131845, 132151, 135056, 137473, 139061, 141629, 141728, 142621,
    143696, 143921, 145257, 145309, 146301, 150554, 155500, 155742, 156067, 158543,
    158874, 159164, 159889, 161667, 166704, 167361, 167398, 169285, 172227, 173015,
    174402, 176687, 179274, 180890, 182982, 184118, 188028, 188248, 191113, 194374,
    196897, 197523, 199338, 199886, 200368, 200447, 200930, 204050, 205291, 205877,
    207257, 207740, 212110, 213277, 214878, 215243, 215524, 219694, 221092, 222587,
    222982, 224560, 225528, 227023, 228262, 230649, 233413, 234983, 235305, 235488,
    238488, 240454, 242329, 243350, 244555, 249928, 254057, 254822, 261839, 264800,
    267214, 267288, 267456, 268672, 271776, 272454, 272837, 273052, 273507, 277390,
    277432, 278675, 281338, 282939, 284414, 286814, 287043, 287909, 288948, 288976,
    289761, 290242, 291920, 294253, 296063, 298128, 300335, 301224, 301641, 303130,
    303914, 305382, 311089, 311871, 315379, 315702, 316252, 316551, 317016, 322875,
    325071, 326507, 329173, 331488, 331998, 333144, 333230, 335014, 335046, 336037,
    336386, 336481, 336649, 339467, 340165, 341942, 342940, 343182, 345722, 346236,
    350208, 351908, 352517, 356128, 356440, 356451, 357141, 361169, 364864, 366566,
    367791, 369029, 371244, 371738, 371928, 372242, 372541, 373513, 375309, 375352,
    376826, 380487, 385916, 386518, 386557, 387157, 387313, 387845, 391183, 393916,
    395150, 395478, 396050, 399471, 403922, 406520, 406793, 406810, 411090, 412602,
    414744, 415363, 416674, 423474, 424102, 425296, 427358, 429520, 431191, 433108,
    438162, 438396, 439471, 440731, 442219, 442332, 443062, 443555, 444680, 444685,
    447006, 447415, 448471, 448662, 454667, 455896, 456413, 457531, 459881, 462987,
    464037, 466220, 467614, 470911, 472295, 473713, 480250, 480469, 481397, 482417,
    482517, 483203, 483432, 483900, 483999, 485546, 487348, 487581, 489576, 490186,
    490223, 491515, 492561, 496113, 499522, 500192, 502896, 506152, 506935, 506962,
    509639, 511532, 512439, 512589, 514538, 515844, 516293, 518147, 518871, 525608,
    528708, 529830, 541654, 543745, 543783, 546916, 549541, 549817, 550509, 551651,
    554550, 555844, 556090, 556251, 558416, 560925, 561352, 561725, 563062, 563401,
    564088, 564895, 567532, 568277, 568778, 570024, 570976, 572968, 574075, 575625,
    575891, 585966, 586854, 589985, 590228, 591276, 592250, 592273, 594411, 594918,
    595506, 595648, 600887, 603983, 604044, 604775, 606989, 607613, 607696, 607723,
    609899, 610185, 612780, 614738, 614755, 618607, 619675, 620171, 620184, 620835,
    621173, 622469, 624185, 624254, 626231, 626915, 626935, 628366, 628369, 628405,
    629933, 631601, 632403, 632972, 635741, 636324, 637404, 639518, 639931, 640536,
    640760, 641864, 644686, 645344, 646752, 648091, 650086, 650540, 652403, 654924,
    655979, 659962, 662137, 663022, 664620, 666136, 666411, 667017, 667255, 667319,
    667516, 670898, 670949, 671179, 672408, 673021, 674889, 675644, 675729, 675829,
    676627, 676692, 676920, 677335, 678572, 680518, 683951, 684339, 685099, 685425,
    686057, 686456, 687756, 687955, 689036, 690419, 694492, 696020, 697236, 697290,
    697910, 698432, 701924, 702615, 716089, 717910, 718147, 718252, 718473, 718570,
    718868, 721867, 722353, 723102, 724467, 727139, 728508, 735488, 737291, 737512,
    737567, 739000, 741026, 741416, 742144, 742946, 744345, 744911, 745294, 747412,
    754083, 754741, 757080, 758734, 759599, 760207, 760349, 763064, 763141, 763447,
    764376, 764950, 768066, 769595, 770750, 775476, 776285, 776642, 778173, 778274,
    780843]
  prime: 9999999967
type: mrnaseq
version: '0.2'
