class: sourmash_signature
email: titus@idyll.org
filename: SRR2241509_1.fastq.gz.trimnoV.fq.gz
name: disease mouse
signatures:
- ksize: 16
  md5sum: 9a862c820248ad3ad71d9828f12c3605
  mins: [0, 69, 147, 1114, 1206, 1853, 3021, 4119, 4545, 6498, 8548, 10252, 10842,
    10856, 12332, 14461, 17056, 17828, 17903, 18461, 21459, 21503, 23998, 24045, 25844,
    32674, 33542, 34261, 36601, 37200, 38109, 38151, 39067, 42687, 45736, 46003, 46378,
    50731, 51289, 53757, 55578, 55633, 56563, 57148, 61451, 61591, 62621, 62851, 63214,
    63798, 64134, 65082, 65084, 68170, 68675, 68739, 68801, 69347, 72068, 73454, 75928,
    76730, 76929, 79170, 83813, 85230, 85436, 85981, 86528, 88436, 89151, 91967, 92551,
    93754, 93928, 94900, 94948, 96007, 96313, 96327, 96478, 98333, 100770, 101047,
    101272, 102236, 103588, 104709, 105196, 108384, 108642, 111150, 114990, 115764,
    116936, 118894, 121772, 123629, 123901, 124869, 125376, 125592, 126367, 129190,
    133211, 133326, 133435, 135594, 136230, 139565, 140035, 140271, 140692, 140969,
    143370, 150949, 151515, 152765, 155557, 155614, 157131, 158767, 162484, 163291,
    163562, 164448, 165284, 165378, 165555, 165744, 168099, 168429, 169651, 170057,
    170254, 170412, 176994, 177963, 179288, 179620, 181666, 182254, 182701, 184109,
    185011, 189472, 190326, 192023, 192297, 193001, 194155, 194931, 196327, 198525,
    200502, 202392, 204338, 205237, 205689, 208523, 211673, 212862, 214545, 215138,
    215312, 215731, 217008, 219514, 220751, 221926, 223280, 225652, 226321, 226481,
    226965, 228082, 228211, 229812, 231386, 231484, 232070, 232470, 236281, 237671,
    238781, 240003, 244083, 245516, 248254, 248744, 249044, 249374, 251421, 252462,
    254202, 255657, 256507, 256709, 257234, 257314, 257631, 257887, 261000, 261439,
    261707, 262522, 262579, 263061, 263131, 265456, 267392, 267896, 267973, 268705,
    269128, 269841, 270378, 270400, 271026, 271670, 275322, 275381, 276235, 278609,
    279668, 281415, 282792, 285286, 287510, 290358, 290905, 291050, 291477, 294060,
    295439, 296017, 297657, 297990, 298716, 300162, 301372, 302921, 305785, 306079,
    306584, 308295, 308929, 309818, 310097, 311104, 311262, 311451, 312149, 315822,
    315962, 319970, 320796, 324633, 325301, 327154, 330416, 334343, 334481, 335332,
    335676, 336555, 337366, 337453, 339057, 339139, 339266, 345284, 346082, 349687,
    349933, 350045, 352135, 354882, 355067, 355857, 357333, 358193, 358501, 359107,
    359218, 359951, 361346, 361579, 363405, 365007, 366208, 366579, 367118, 369420,
    369570, 369624, 371944, 371950, 373059, 373690, 374316, 375204, 377967, 380025,
    381885, 382850, 382997, 384465, 384818, 386630, 392897, 393643, 394365, 395210,
    396195, 398181, 398522, 399169, 403681, 407256, 410516, 410672, 412313, 413995,
    415286, 415933, 419723, 420908, 421538, 423556, 425829, 426575, 426658, 427253,
    428188, 428390, 430420, 432574, 432749, 433034, 433379, 433548, 435015, 435779,
    436295, 436412, 436594, 437068, 438104, 438466, 439017, 440290, 440658, 441891,
    445999, 446425, 449338, 451265, 453620, 454388, 455257, 455735, 456230, 457425,
    459444, 460399, 463034, 463382, 464814, 468203, 468294, 468497, 469636, 470135,
    475067, 476434, 477743, 477871, 477892, 481302, 482199, 484302, 484420, 484590,
    484718, 485147, 485662, 485934, 486459, 487016, 489380, 491577, 493306, 496083,
    501456, 501468, 502083, 503199, 504020, 505626, 506015, 508148, 509050, 510362,
    511262, 511928, 511974, 512612, 514007, 514351, 514904, 515616, 516151, 516734,
    518121, 519876, 524115, 525922, 527059, 527159, 527346, 529052, 530798, 531630,
    532404, 533469, 538253, 538492, 542123, 542773, 544551, 545150, 545477, 545701,
    546894, 548484, 551411, 557383, 558614, 560452, 560728, 561260, 561880, 562066,
    562684, 564510, 565353, 565391, 566206, 566937, 567086, 567126, 568509, 569020,
    569133, 571796, 572081, 575616, 576720, 577511, 578687, 578811, 580632, 581194,
    583589, 583850, 584216, 584798, 585455, 590086, 591184, 591978, 595349, 595793,
    599133, 599416, 602759, 603642, 603770, 604212, 605201, 606093, 606221, 606349,
    606869, 608770, 610210, 611027, 611880, 612311, 613217, 613506, 614791, 615401,
    618763, 620725, 624298, 624760, 625952, 630560]
  prime: 9999999967
- ksize: 22
  md5sum: f6444ce69f63c5794810f1081d9d977c
  mins: [0, 1062, 1813, 1897, 3257, 4914, 5476, 6355, 7481, 8922, 10816, 11446, 12867,
    12880, 13685, 14097, 14924, 15246, 15295, 15943, 16564, 17788, 17820, 18178, 18217,
    18941, 19523, 20354, 22959, 24827, 25802, 27178, 28806, 28870, 29265, 32258, 33281,
    33309, 33940, 36185, 39052, 39327, 39677, 40573, 43330, 43653, 44080, 45144, 45881,
    50242, 51211, 52800, 53781, 53853, 55140, 57767, 57777, 59092, 60326, 63603, 63747,
    66207, 66500, 66611, 66747, 67524, 68228, 69401, 70871, 72286, 72440, 72630, 73371,
    73830, 76580, 77690, 79660, 81634, 82584, 83339, 84613, 86454, 88224, 88342, 88413,
    90842, 92129, 92772, 93330, 95998, 96748, 96835, 99371, 100246, 100633, 100937,
    102629, 107409, 108915, 111685, 114100, 118828, 119255, 119541, 120126, 120861,
    122926, 123646, 124534, 125314, 128368, 131663, 132983, 133543, 134428, 136678,
    139386, 140130, 141157, 141259, 141762, 142008, 142220, 143507, 143661, 147094,
    147550, 148229, 148459, 150088, 151676, 155269, 155733, 156232, 157990, 158617,
    158916, 159214, 159533, 160329, 160530, 161543, 162976, 164586, 165870, 166968,
    167911, 168042, 169292, 169918, 169950, 174649, 174711, 175369, 175605, 175951,
    177520, 177536, 180410, 180580, 181997, 183555, 183656, 185248, 185842, 186051,
    186506, 187791, 189414, 189486, 190472, 190619, 190626, 192371, 192950, 194745,
    197522, 197874, 198153, 199109, 199266, 199291, 199390, 201378, 202365, 202848,
    203040, 203805, 206155, 207078, 207534, 208381, 210496, 211523, 214378, 214782,
    216960, 218227, 220898, 221684, 222246, 222976, 223085, 226278, 230868, 231906,
    233332, 235142, 237658, 239346, 239570, 240904, 241341, 241924, 244358, 244381,
    245262, 245604, 246194, 247350, 248157, 248222, 251610, 251770, 251980, 255028,
    255383, 255792, 257098, 257739, 259077, 259422, 259481, 262768, 263109, 263404,
    264619, 264733, 267085, 268941, 270153, 272521, 273306, 274572, 278394, 279048,
    279375, 280509, 281242, 282608, 283252, 283815, 284171, 289939, 290144, 291973,
    293232, 294461, 294786, 298039, 300274, 300431, 300473, 301541, 301877, 302901,
    302987, 305005, 308359, 310252, 310644, 310990, 312346, 312502, 312880, 314078,
    314610, 315092, 315618, 315960, 318819, 319707, 321051, 321107, 321313, 321695,
    323384, 324670, 325255, 325890, 326862, 327183, 327412, 328670, 329999, 330146,
    330159, 331774, 332995, 338342, 338495, 339667, 346420, 347058, 347624, 347693,
    349658, 349804, 350007, 351718, 353295, 354148, 354149, 355533, 356687, 358232,
    358888, 359013, 359738, 360585, 360721, 361192, 361484, 363505, 363759, 364985,
    365489, 368298, 368897, 369712, 370571, 370858, 377441, 377791, 383641, 383940,
    386499, 386506, 386728, 387954, 388607, 389390, 392969, 393131, 395701, 396240,
    399489, 399774, 400057, 400281, 400998, 401068, 402939, 404355, 404632, 404807,
    409601, 414719, 416513, 416813, 417765, 417913, 419077, 419181, 419687, 421443,
    421684, 424287, 424875, 425081, 426264, 427306, 427978, 429670, 430990, 431816,
    433245, 436170, 436904, 437760, 438589, 438843, 438891, 441680, 443647, 444340,
    445065, 446427, 448640, 449052, 449972, 450529, 453112, 453629, 454664, 457832,
    460730, 461482, 461717, 464156, 465462, 467954, 467985, 468736, 470687, 471582,
    472819, 472925, 473284, 475625, 475851, 475984, 477099, 480948, 481149, 484632,
    486087, 487068, 487179, 487747, 488501, 489685, 489995, 490083, 492431, 492711,
    493571, 494640, 494787, 495362, 497040, 497281, 500346, 501133, 502494, 502876,
    508616, 509038, 509765, 510683, 512232, 513601, 514624, 515500, 518241, 518250,
    519027, 520326, 520345, 521262, 524844, 526617, 527950, 528461, 529227, 531163,
    533774, 535073, 535767, 535887, 535933, 536122, 537392, 539681, 539789, 540638,
    542578, 542768, 543571, 544823, 545334, 545454, 546236, 547671, 548334, 548832,
    554739, 555077, 557084, 565762, 566220, 568156, 568528, 569599, 572702, 574743,
    576978, 577692, 579476, 586629, 587850, 589554, 589758, 591011, 593159, 593226,
    594089, 594928, 594979, 595604]
  prime: 9999999967
- ksize: 31
  md5sum: 018b294cb8b8b4c5bb2dde12f961ca84
  mins: [118, 2085, 2291, 5015, 5958, 6431, 8933, 9411, 12938, 14703, 18377, 18850,
    20141, 20377, 21185, 22310, 22383, 22702, 23667, 24427, 24711, 25703, 26066, 26511,
    26873, 26960, 29221, 30611, 32111, 32524, 33291, 36558, 36920, 38819, 42051, 42599,
    47143, 48449, 52172, 54598, 57458, 57712, 58283, 59849, 59860, 61113, 61955, 62172,
    62258, 64182, 66355, 66811, 68412, 69003, 70406, 70604, 71010, 71315, 71730, 72747,
    74066, 76297, 79797, 80788, 82037, 82491, 84395, 84955, 86157, 86195, 86559, 87101,
    87571, 89035, 89805, 90334, 93335, 94109, 94267, 94878, 97871, 99575, 99658, 100022,
    100225, 100621, 101355, 103698, 104057, 104783, 105773, 106267, 109805, 110103,
    113293, 113501, 113534, 113901, 116499, 116822, 116835, 119242, 119380, 120456,
    122320, 122492, 123140, 123307, 124363, 126739, 126803, 127084, 127962, 130848,
    133064, 133102, 133404, 133553, 133859, 133906, 134819, 135232, 136960, 138071,
    141665, 142269, 143308, 143720, 145695, 146138, 146696, 148102, 148168, 149589,
    150811, 151156, 151803, 152809, 152826, 155504, 155704, 156340, 156425, 156821,
    158718, 159719, 159826, 160754, 161065, 161256, 161763, 162909, 163165, 163453,
    165362, 165386, 168306, 168321, 168650, 169114, 169456, 171318, 175395, 175651,
    177062, 178114, 178325, 178450, 178615, 178806, 179089, 179835, 179964, 182773,
    183181, 186906, 186978, 188308, 191383, 193898, 194463, 194504, 194606, 195647,
    199049, 199411, 200543, 204330, 204991, 207816, 209304, 210117, 210805, 212049,
    213621, 214816, 217040, 220299, 220620, 220766, 223257, 224797, 225737, 227170,
    228364, 229563, 229705, 229968, 229976, 230461, 231337, 231589, 231838, 234542,
    234568, 236276, 237843, 240734, 243065, 244883, 245320, 245445, 245670, 245888,
    246225, 247258, 247543, 248293, 251751, 252572, 253578, 254412, 256462, 256648,
    257630, 258822, 259420, 259550, 260340, 264668, 264746, 264963, 267127, 267318,
    269284, 269341, 270880, 272999, 273167, 274738, 275242, 276240, 276977, 279762,
    280907, 281414, 281558, 284759, 286394, 288863, 291732, 291785, 292110, 293645,
    294430, 294816, 295099, 296027, 296431, 296851, 299322, 302085, 302383, 302808,
    303877, 304211, 304314, 304916, 306881, 312158, 312309, 316502, 318668, 319497,
    319840, 320006, 321579, 321731, 322990, 324011, 327094, 327323, 328800, 330114,
    330361, 331299, 332741, 332939, 335558, 339098, 340174, 340505, 341868, 343308,
    343898, 344449, 346504, 346735, 346849, 347384, 348687, 349579, 352902, 353624,
    353637, 354146, 355159, 355522, 356804, 358360, 358364, 362036, 362867, 365008,
    365857, 367037, 367613, 369836, 370288, 370837, 371988, 372197, 372337, 373999,
    374234, 374256, 374754, 375790, 379567, 383237, 384495, 385690, 386221, 386719,
    387393, 387627, 389725, 394533, 397232, 397654, 398108, 400668, 406112, 406364,
    411451, 411526, 413043, 414025, 417492, 418199, 419437, 421686, 421913, 423857,
    424249, 424597, 431785, 432556, 432670, 433015, 433071, 434055, 434061, 436992,
    437165, 437760, 438657, 439475, 439606, 442630, 444134, 445266, 446083, 446394,
    447021, 447150, 447613, 449950, 450240, 452819, 454247, 458931, 459893, 460220,
    460645, 460664, 460775, 461678, 463004, 470432, 473274, 473564, 473821, 476368,
    476393, 477472, 479643, 479650, 483186, 483481, 483820, 483835, 484709, 485371,
    489558, 492647, 495547, 495661, 495731, 496852, 499892, 500178, 500279, 501911,
    504897, 505264, 508260, 508446, 509067, 509385, 512618, 514877, 515186, 515256,
    517971, 518354, 519055, 521416, 521432, 521575, 521700, 522279, 522795, 523768,
    525553, 526146, 526496, 528385, 528533, 529676, 532028, 532861, 533842, 534344,
    538771, 538848, 540566, 543734, 543950, 544210, 545921, 545962, 545965, 547665,
    549236, 551008, 555335, 555746, 556637, 556678, 556803, 562125, 562316, 562779,
    563229, 565770, 566313, 570209, 571044, 574652, 575500, 575586, 578786, 579658,
    582249, 584376, 586213, 587028, 587368, 589370, 589930, 590771, 591297, 591407,
    598618, 599519, 599965, 601432, 601751, 602641]
  prime: 9999999967
- ksize: 32
  md5sum: 1db6d6ab397e54c25f6e8bfe42f84bdb
  mins: [0, 1236, 3843, 4562, 7942, 8354, 8882, 9308, 12927, 16398, 16615, 19989,
    21387, 21446, 24651, 24843, 25634, 26100, 26627, 27437, 28075, 28986, 29572, 32621,
    32658, 32795, 36472, 37425, 39023, 40596, 49015, 53491, 53619, 53840, 58351, 58439,
    60468, 61421, 62195, 67272, 67829, 67838, 70607, 73156, 75956, 76289, 77153, 78331,
    78603, 78848, 80095, 82231, 84007, 84094, 85092, 85407, 85668, 87106, 87425, 90795,
    92376, 96941, 97786, 97844, 98012, 99393, 101240, 102382, 103027, 103630, 104790,
    105316, 106148, 106536, 107817, 110164, 113740, 113766, 115743, 117449, 118691,
    118758, 119136, 119159, 121242, 122382, 124917, 126244, 127362, 127616, 130193,
    130768, 131845, 132151, 134987, 135056, 137473, 139061, 141629, 141728, 142621,
    143696, 143921, 145257, 145295, 145309, 146301, 149820, 150554, 155500, 155551,
    155742, 156067, 158543, 158874, 159164, 159889, 161667, 166704, 167302, 167361,
    167398, 169285, 172227, 172343, 173015, 174402, 175270, 176687, 179274, 180890,
    182982, 184035, 184118, 185564, 187932, 188028, 188248, 191113, 194374, 196897,
    197066, 197523, 199338, 199369, 199886, 200368, 200447, 200930, 204050, 205291,
    205877, 207220, 207257, 207740, 212110, 213277, 213455, 214878, 215243, 215524,
    219694, 221092, 222587, 222982, 224560, 225528, 227023, 228262, 230649, 233126,
    233413, 234983, 235305, 235488, 236866, 238488, 240454, 242329, 243350, 243625,
    244256, 244555, 248254, 249928, 250344, 254057, 254822, 261839, 263526, 264800,
    267214, 267288, 267456, 268672, 268707, 271776, 271810, 272454, 272837, 273052,
    273507, 277390, 277432, 278675, 281338, 282939, 284414, 286814, 287043, 287909,
    288948, 288976, 289761, 290187, 290242, 291920, 294253, 296063, 297295, 297313,
    298128, 300335, 301224, 301641, 302963, 303130, 303914, 305260, 305382, 305691,
    308293, 311089, 311871, 315379, 315702, 316252, 316551, 317016, 317040, 318518,
    318624, 322875, 325071, 326507, 329173, 331488, 331998, 333144, 333230, 335014,
    335046, 336037, 336386, 336481, 336649, 339467, 340165, 341061, 341942, 342940,
    343182, 343943, 345722, 346236, 350208, 351908, 352138, 352517, 356128, 356440,
    356451, 357141, 361169, 363057, 364864, 366566, 367156, 367234, 367791, 369029,
    371244, 371738, 371928, 372242, 372541, 373513, 374212, 375309, 375352, 376826,
    380487, 383981, 385916, 386518, 386557, 387157, 387313, 387845, 390931, 391183,
    391413, 393916, 395150, 395478, 395865, 396050, 396092, 398565, 399471, 403922,
    406520, 406793, 406810, 407630, 411090, 412602, 414744, 415363, 416674, 417199,
    423474, 424102, 424598, 424935, 425296, 427358, 429271, 429520, 430052, 431050,
    431191, 431904, 433108, 438162, 438396, 439471, 440487, 440731, 442219, 442332,
    442690, 443062, 443555, 443927, 444680, 444685, 445948, 447006, 447344, 447415,
    448471, 448662, 454667, 455687, 455896, 456413, 456969, 457206, 457531, 459881,
    462987, 463215, 464037, 466220, 467073, 467614, 467970, 470911, 471745, 471976,
    472295, 473713, 476321, 480250, 480469, 481397, 482417, 482517, 483203, 483432,
    483900, 483999, 485546, 487348, 487581, 489576, 490186, 490223, 491346, 491515,
    492561, 496113, 499522, 500192, 502896, 503029, 506152, 506935, 506962, 508067,
    509639, 511532, 512439, 512589, 514538, 514640, 515496, 515844, 516293, 517477,
    517788, 518147, 518871, 525608, 527333, 528708, 529830, 530314, 537930, 539159,
    539168, 539579, 541654, 543021, 543259, 543745, 543783, 546916, 547469, 549541,
    549817, 550509, 551651, 554550, 555844, 556090, 556251, 558416, 560925, 561352,
    561725, 563062, 563401, 564088, 564895, 566227, 566791, 567532, 568277, 568778,
    570024, 570126, 570976, 572488, 572968, 573154, 574075, 575625, 575891, 576099,
    577979, 578028, 581987, 585966, 586854, 589985, 590228, 591276, 592235, 592250,
    592273, 594411, 594918, 595506, 595648, 599998, 600887, 603983, 604044, 604376,
    604775, 605795, 606252, 606989, 607613, 607696, 607707, 607723, 609899, 610185,
    612780, 614738, 614755, 618120, 618607, 619675, 620171, 620184, 620835]
  prime: 9999999967
type: mrnaseq
version: '0.2'
