class: sourmash_signature
email: titus@idyll.org
filename: SRR2255622_1.fastq.gz.trimnoV.fq.gz
name: disease mouse
signatures:
- ksize: 16
  md5sum: 896ad2eaef4718e97fd9c3188784dd68
  mins: [0, 9, 69, 85, 123, 147, 409, 414, 517, 576, 602, 958, 999, 1088, 1114, 1186,
    1206, 1208, 1669, 1799, 1829, 1853, 1884, 2123, 2461, 2493, 2571, 2619, 2732,
    2829, 2878, 2963, 3021, 3060, 3188, 3257, 3284, 3370, 3397, 3615, 3788, 3964,
    3985, 3989, 4038, 4048, 4049, 4070, 4078, 4119, 4190, 4256, 4267, 4391, 4406,
    4423, 4441, 4545, 4724, 4790, 4797, 4812, 4830, 4874, 4935, 5091, 5106, 5181,
    5362, 5627, 5938, 6023, 6028, 6037, 6127, 6175, 6200, 6250, 6251, 6414, 6570,
    6900, 7028, 7104, 7125, 7127, 7128, 7146, 7204, 7222, 7317, 7969, 8020, 8070,
    8185, 8207, 8374, 8384, 8777, 8779, 8821, 8841, 8879, 8924, 9064, 9199, 9325,
    9330, 9406, 9433, 9814, 9837, 9894, 9978, 9990, 10036, 10111, 10221, 10262, 10427,
    10543, 10730, 10763, 10924, 10940, 10968, 10998, 11080, 11103, 11157, 11266, 11312,
    11327, 11374, 11415, 11530, 11652, 11696, 11735, 11742, 11831, 11944, 11964, 12084,
    12164, 12332, 12382, 12452, 12624, 12637, 12676, 12702, 12764, 12803, 12974, 13025,
    13074, 13171, 13254, 13434, 13483, 13613, 13820, 14134, 14335, 14381, 14508, 14540,
    14606, 14676, 14743, 14786, 14876, 14914, 14929, 14963, 14977, 15129, 15140, 15158,
    15211, 15418, 15438, 15506, 15638, 15784, 15803, 16030, 16092, 16128, 16258, 16291,
    16324, 16326, 16435, 16607, 16682, 16738, 16819, 16966, 17168, 17180, 17242, 17253,
    17452, 17501, 17505, 17508, 17555, 17783, 17828, 17903, 17908, 17941, 17944, 18091,
    18110, 18120, 18461, 18471, 18498, 18639, 18652, 18677, 18813, 18820, 18910, 19070,
    19153, 19385, 19398, 19435, 19454, 19501, 19706, 19738, 19777, 19812, 19908, 19942,
    20086, 20103, 20274, 20278, 20327, 20355, 20371, 20544, 20591, 20633, 20727, 20750,
    20841, 20857, 20874, 20945, 20952, 21100, 21133, 21257, 21307, 21346, 21469, 21503,
    21603, 21703, 21709, 21776, 21779, 21908, 21947, 22181, 22185, 22220, 22369, 22396,
    22430, 22551, 22615, 23032, 23149, 23190, 23618, 23757, 23904, 23938, 23947, 23983,
    23998, 24010, 24045, 24348, 24585, 24653, 24720, 25080, 25261, 25331, 25557, 25670,
    25843, 25844, 25879, 25911, 25929, 25984, 26047, 26196, 26217, 26306, 26321, 26341,
    26445, 26465, 26572, 26605, 26655, 26850, 26864, 26952, 27025, 27194, 27240, 27249,
    27336, 27443, 27506, 27751, 27835, 27839, 28013, 28030, 28402, 28444, 28536, 28582,
    28605, 29104, 29164, 29180, 29224, 29279, 29376, 29416, 29476, 29534, 29633, 29729,
    29795, 29805, 29816, 29887, 29949, 30068, 30099, 30309, 30394, 30570, 30594, 30793,
    31226, 31259, 31267, 31339, 31373, 31416, 31495, 31731, 31962, 32084, 32111, 32149,
    32166, 32301, 32400, 32444, 32626, 32627, 32645, 32664, 32667, 32674, 32772, 32850,
    32877, 32884, 32928, 32996, 33054, 33079, 33091, 33265, 33372, 33402, 33512, 33714,
    33777, 33842, 33957, 33963, 33983, 34031, 34058, 34137, 34139, 34145, 34152, 34155,
    34234, 34261, 34303, 34415, 34500, 34568, 34593, 34714, 34932, 34986, 35032, 35046,
    35096, 35222, 35324, 35381, 35391, 35506, 35511, 35636, 35639, 35850, 36122, 36263,
    36408, 36450, 36524, 36590, 36606, 36617, 36671, 36723, 36825, 36837, 36979, 37030,
    37047, 37095, 37256, 37579, 37596, 37787, 37831, 37862, 37920, 38018, 38077, 38151,
    38219, 38243, 38426, 38486, 38633, 38775, 38804, 38808, 38875, 38887, 38936, 38985,
    39003, 39061, 39081, 39130, 39568, 39589, 39654, 40005, 40126, 40397, 40428, 40466,
    40488, 40508, 40865, 40918, 41136, 41180, 41214, 41265, 41316, 41408, 41447, 41500,
    41691, 41805, 41943, 42347, 42371, 42407, 42569, 42633]
  prime: 9999999967
- ksize: 22
  md5sum: 7c7365faba88f550e41200bd45a27409
  mins: [0, 102, 121, 237, 501, 776, 846, 884, 903, 1053, 1056, 1062, 1081, 1082,
    1101, 1233, 1311, 1423, 1556, 1669, 1897, 2036, 2275, 2314, 2340, 2516, 2554,
    2789, 2851, 2868, 3037, 3074, 3113, 3138, 3181, 3238, 3257, 3388, 3693, 3880,
    4023, 4078, 4251, 4501, 4532, 4677, 4726, 4831, 4914, 4947, 5139, 5164, 5385,
    5476, 5563, 5609, 5709, 5722, 5852, 5980, 6057, 6085, 6123, 6208, 6217, 6353,
    6355, 6530, 6558, 6594, 6697, 6809, 6844, 7030, 7040, 7222, 7233, 7262, 7297,
    7326, 7339, 7384, 7420, 7481, 7514, 7695, 7703, 7705, 7762, 7782, 7868, 7893,
    7925, 8045, 8119, 8166, 8304, 8310, 8433, 8452, 8630, 8634, 8720, 8772, 9040,
    9122, 9319, 9380, 9429, 9475, 9485, 9564, 9624, 9654, 9684, 9725, 9783, 9953,
    10156, 10167, 10267, 10307, 10330, 10510, 10520, 10558, 10816, 10960, 11084, 11096,
    11255, 11351, 11443, 11505, 11506, 11521, 11587, 11603, 11616, 11629, 11630, 11752,
    11775, 11849, 11888, 11889, 11907, 12053, 12154, 12174, 12391, 12501, 12532, 12561,
    12605, 12786, 12867, 12932, 12983, 13090, 13267, 13279, 13412, 13583, 13607, 13629,
    13685, 13734, 13773, 13778, 13793, 13917, 13929, 14072, 14097, 14256, 14396, 14563,
    14818, 14924, 14929, 14937, 14995, 15073, 15243, 15246, 15377, 15392, 15482, 15666,
    15692, 15760, 15799, 15932, 15943, 15983, 16073, 16108, 16184, 16354, 16370, 16391,
    16395, 16417, 16419, 16429, 16501, 16564, 16598, 16676, 16712, 16837, 17167, 17196,
    17315, 17368, 17534, 17684, 17788, 17820, 17893, 18040, 18049, 18054, 18071, 18094,
    18178, 18217, 18483, 18580, 18627, 18869, 18941, 18963, 18965, 18996, 19344, 19369,
    19403, 19502, 19523, 19622, 19658, 19707, 19712, 19738, 19745, 19755, 19835, 19853,
    20003, 20016, 20058, 20290, 20310, 20319, 20354, 20519, 20550, 20554, 20573, 20574,
    20735, 20750, 20754, 20803, 20978, 21003, 21079, 21090, 21179, 21374, 21403, 21409,
    21523, 21619, 21637, 21653, 21697, 21711, 21803, 21838, 22146, 22326, 22345, 22459,
    22590, 22612, 22617, 22924, 22959, 23060, 23257, 23317, 23504, 23534, 23642, 23776,
    23779, 23830, 23864, 24018, 24043, 24161, 24241, 24268, 24517, 24593, 24711, 24712,
    24744, 24827, 24868, 24916, 25037, 25041, 25073, 25138, 25248, 25303, 25331, 25361,
    25509, 25561, 25569, 25802, 25914, 25995, 25999, 26093, 26199, 26205, 26230, 26359,
    26520, 26627, 26633, 26661, 26787, 26875, 27088, 27178, 27182, 27298, 27411, 27609,
    27802, 27977, 28012, 28051, 28088, 28109, 28143, 28376, 28567, 28701, 28772, 28870,
    28950, 29149, 29265, 29441, 29543, 29572, 29633, 29718, 29928, 29997, 30138, 30290,
    30300, 30304, 30383, 30404, 30514, 30595, 30723, 30810, 30824, 30967, 31031, 31106,
    31145, 31207, 31333, 31360, 31480, 31695, 31752, 31764, 31888, 31917, 31918, 31952,
    32024, 32044, 32179, 32260, 32298, 32318, 32331, 32363, 32375, 32472, 32496, 32558,
    32599, 32603, 32978, 33006, 33159, 33200, 33281, 33285, 33309, 33314, 33527, 33782,
    33880, 33903, 34041, 34045, 34312, 34354, 34496, 34540, 34573, 34592, 34601, 34694,
    34733, 34806, 34903, 34907, 35221, 35273, 35391, 35474, 35487, 35576, 35618, 35682,
    35747, 35808, 35823, 35870, 36011, 36037, 36156, 36185, 36191, 36304, 36398, 36594,
    36921, 37009, 37040, 37060, 37099, 37190, 37224, 37432, 37560, 37576, 37587, 37635,
    37755, 38032, 38081, 38099, 38212, 38258, 38287, 38414, 38595, 38654, 38734, 38769,
    39052, 39278, 39354, 39408, 39547, 39548, 39561, 39592, 39755, 39767, 39830, 39879,
    40076, 40131, 40234, 40320, 40340, 40594, 40612, 40685, 40800, 40855]
  prime: 9999999967
- ksize: 31
  md5sum: f58d9743b3edd131ce9bc49561e3c0d3
  mins: [38, 268, 340, 438, 472, 580, 687, 823, 835, 873, 1278, 1322, 1378, 1514,
    1606, 1707, 1737, 2036, 2085, 2363, 2388, 2483, 2498, 2548, 2550, 2558, 2654,
    2809, 2915, 2933, 2939, 2980, 2981, 3010, 3033, 3166, 3192, 3235, 3274, 3418,
    3454, 3630, 3654, 3676, 3681, 3799, 3810, 3811, 3826, 4055, 4113, 4167, 4338,
    4372, 4377, 4454, 4471, 4752, 4830, 5030, 5066, 5142, 5387, 5675, 5844, 5961,
    6053, 6287, 6305, 6348, 6350, 6389, 6392, 6411, 6431, 6442, 6559, 6670, 6676,
    6747, 6764, 6827, 7035, 7063, 7082, 7311, 7312, 7382, 7534, 7622, 7733, 7735,
    7740, 7861, 8032, 8055, 8202, 8248, 8298, 8383, 8428, 8804, 8878, 9080, 9093,
    9147, 9155, 9280, 9472, 9489, 9682, 9694, 9771, 9883, 9924, 9986, 10062, 10103,
    10139, 10265, 10319, 10336, 10395, 10398, 10450, 10522, 10583, 10635, 10734, 10748,
    10781, 10955, 11047, 11057, 11083, 11131, 11175, 11185, 11202, 11320, 11432, 11434,
    11451, 11504, 11604, 11642, 11656, 11812, 11893, 11917, 11963, 12129, 12208, 12353,
    12379, 12451, 12687, 12793, 12921, 12938, 12963, 12972, 13116, 13136, 13217, 13334,
    13414, 13461, 13523, 13666, 13706, 13748, 13812, 13914, 14197, 14273, 14318, 14354,
    14451, 14654, 14659, 14703, 14710, 14904, 14947, 15002, 15087, 15231, 15247, 15398,
    15469, 15484, 15494, 15530, 15602, 15796, 15995, 16077, 16141, 16430, 16512, 16546,
    16787, 16975, 17009, 17041, 17084, 17247, 17280, 17295, 17337, 17345, 17371, 17436,
    17473, 17652, 17710, 17889, 17943, 18052, 18089, 18156, 18254, 18262, 18377, 18378,
    18496, 18564, 18621, 18705, 18815, 18844, 18861, 18894, 18948, 19007, 19076, 19203,
    19231, 19296, 19339, 19521, 19566, 19575, 19652, 19686, 19797, 19867, 19976, 20032,
    20120, 20134, 20141, 20304, 20326, 20352, 20357, 20361, 20368, 20506, 20532, 20615,
    20848, 20921, 20967, 20978, 21032, 21086, 21103, 21120, 21158, 21185, 21283, 21328,
    21395, 21405, 21434, 21448, 21572, 21760, 21762, 21864, 21913, 22085, 22314, 22332,
    22357, 22415, 22656, 22702, 22739, 22800, 22850, 22858, 22912, 23038, 23145, 23182,
    23239, 23243, 23253, 23328, 23340, 23365, 23373, 23550, 23564, 23567, 23667, 23743,
    23753, 23758, 23821, 24080, 24160, 24259, 24376, 24427, 24452, 24463, 24561, 24711,
    24742, 24764, 25048, 25365, 25419, 25420, 25465, 25703, 25714, 25880, 25927, 25970,
    26007, 26014, 26066, 26124, 26127, 26153, 26165, 26220, 26312, 26465, 26469, 26511,
    26681, 26819, 26866, 26873, 26985, 27043, 27318, 27405, 27429, 27457, 27466, 27483,
    27528, 27590, 27637, 27648, 27924, 27950, 28019, 28069, 28212, 28427, 28585, 28616,
    28702, 28720, 28915, 28916, 29074, 29218, 29221, 29473, 29506, 29641, 29774, 29847,
    29859, 30113, 30139, 30166, 30281, 30293, 30342, 30479, 30611, 30657, 30716, 30939,
    30987, 31346, 31366, 31426, 31511, 31516, 31563, 31601, 31763, 31780, 31889, 31933,
    31942, 31986, 32027, 32044, 32111, 32125, 32132, 32170, 32213, 32471, 32524, 32904,
    33013, 33158, 33177, 33198, 33235, 33252, 33307, 33356, 33407, 33554, 33786, 33948,
    34027, 34105, 34234, 34307, 34387, 34477, 34521, 34540, 34566, 34583, 34636, 34716,
    34796, 34827, 34965, 35278, 35284, 35522, 35670, 35789, 35808, 35963, 36040, 36140,
    36600, 36605, 36697, 36833, 36919, 37024, 37205, 37247, 37365, 37512, 37735, 37798,
    37835, 37858, 38063, 38064, 38121, 38123, 38210, 38606, 38839, 38848, 38864, 38898,
    39229, 39271, 39419, 39462, 39589, 39715, 39944, 40011, 40068, 40070, 40088, 40121,
    40162, 40721, 40753, 40849, 41005, 41024, 41053, 41101, 41162, 41220]
  prime: 9999999967
- ksize: 32
  md5sum: 28dba1c74baf5669f840fddc56e9f04b
  mins: [0, 14, 94, 142, 210, 219, 282, 294, 295, 490, 493, 576, 675, 710, 1035, 1060,
    1074, 1081, 1114, 1119, 1195, 1207, 1311, 1358, 1494, 1639, 1702, 1798, 1860,
    1988, 2211, 2231, 2354, 2404, 2418, 2422, 2473, 2478, 2567, 2686, 2743, 2809,
    2852, 2897, 2920, 3041, 3242, 3488, 3496, 3643, 3657, 3922, 4065, 4123, 4413,
    4528, 4535, 4562, 4567, 4584, 4707, 4743, 4758, 4763, 4782, 4805, 4815, 4827,
    4885, 5096, 5225, 5226, 5243, 5283, 5411, 5473, 5489, 5515, 6022, 6102, 6130,
    6182, 6186, 6320, 6364, 6386, 6458, 6503, 6781, 6877, 6908, 7076, 7109, 7713,
    7927, 7942, 7952, 7977, 8035, 8290, 8337, 8477, 8507, 8517, 8583, 8630, 8633,
    8700, 8705, 8767, 8840, 8882, 8909, 9045, 9047, 9079, 9109, 9164, 9255, 9387,
    9475, 9571, 9783, 10011, 10118, 10271, 10315, 10451, 10636, 10682, 10684, 10913,
    11016, 11400, 11411, 11571, 11660, 11810, 11820, 11921, 12123, 12153, 12232, 12240,
    12301, 12441, 12468, 12520, 12733, 12778, 12818, 12927, 12934, 13102, 13221, 13253,
    13293, 13529, 13916, 13967, 14157, 14196, 14243, 14343, 14362, 14541, 14607, 14780,
    14812, 14997, 15002, 15091, 15237, 15308, 15453, 15566, 15673, 15784, 15874, 16006,
    16012, 16157, 16229, 16377, 16468, 16615, 16715, 17071, 17147, 17277, 17433, 17610,
    17699, 17745, 17757, 17793, 18030, 18329, 18371, 18440, 18468, 18560, 18580, 18676,
    18704, 18716, 18767, 18900, 19003, 19091, 19405, 19611, 19721, 19722, 19800, 19811,
    19989, 19995, 20009, 20046, 20267, 20333, 20438, 20497, 20559, 20665, 20673, 20705,
    20814, 20834, 20972, 21224, 21236, 21255, 21318, 21377, 21387, 21396, 21411, 21428,
    21436, 21446, 21539, 21558, 21567, 21649, 21745, 21785, 21896, 21952, 21962, 22065,
    22066, 22109, 22121, 22165, 22285, 22314, 22315, 22324, 22329, 22383, 22390, 22414,
    22519, 22569, 22629, 22937, 23107, 23524, 23550, 23581, 23660, 23771, 23865, 23931,
    24304, 24325, 24331, 24340, 24516, 24631, 24639, 24642, 24651, 24676, 24890, 24907,
    24978, 25071, 25390, 25594, 25629, 25634, 25951, 25959, 25978, 26018, 26024, 26067,
    26083, 26100, 26164, 26186, 26382, 26404, 26417, 26471, 26542, 26562, 26716, 26748,
    26755, 26757, 26764, 26783, 26827, 27297, 27315, 27397, 27437, 27445, 27516, 27543,
    27686, 27700, 27782, 27819, 27827, 27901, 27957, 28075, 28187, 28316, 28447, 28468,
    28964, 28986, 29018, 29460, 29509, 29510, 29532, 29572, 29611, 29703, 29789, 29984,
    30093, 30227, 30384, 30402, 30483, 30692, 30701, 30742, 30768, 30772, 30817, 30929,
    30994, 31023, 31081, 31177, 31264, 31303, 31496, 31606, 31729, 31787, 31924, 31935,
    31946, 32051, 32057, 32066, 32151, 32186, 32218, 32317, 32395, 32568, 32611, 32621,
    32658, 32722, 32729, 32795, 32880, 32926, 33122, 33195, 33205, 33250, 33487, 33728,
    33820, 34190, 34244, 34346, 34412, 34433, 34459, 34559, 34668, 34734, 34996, 35114,
    35249, 35259, 35261, 35278, 35405, 35544, 35582, 35694, 36057, 36060, 36132, 36191,
    36358, 36390, 36472, 36506, 36523, 36622, 36775, 36868, 37045, 37080, 37124, 37260,
    37348, 37425, 37487, 38145, 38216, 38239, 38365, 38462, 38579, 38647, 38668, 38697,
    38741, 38867, 38950, 38972, 38990, 39022, 39161, 39259, 39283, 39587, 39754, 39800,
    39890, 39933, 40164, 40222, 40289, 40408, 40596, 40832, 40841, 40966, 40971, 41143,
    41192, 41249, 41318, 41446, 41519, 41647, 41652, 41699, 41705, 41788, 41810, 41904,
    41960, 41988, 42074, 42075, 42167, 42268, 42337, 42366, 42441, 42577, 42599, 42618,
    42625, 42710, 42722, 42724, 42875, 42883, 43017, 43086]
  prime: 9999999967
type: mrnaseq
version: '0.2'
