class: sourmash_signature
email: titus@idyll.org
filename: SRR2060939_2.fastq.gz.trimnoV.fq.gz
name: house mouse
signatures:
- ksize: 16
  md5sum: d67aeebcf2c1834aa4e703bbdf3e7004
  mins: [0, 69, 123, 147, 4119, 4406, 5139, 7128, 11374, 29864, 33265, 34058, 48101,
    50128, 50228, 53069, 54167, 54970, 56676, 63214, 67875, 69347, 69872, 73454, 75346,
    76329, 78478, 79008, 80593, 81720, 83813, 85981, 90756, 90784, 91968, 93548, 94872,
    97747, 102236, 103580, 112213, 116204, 116688, 121487, 125376, 132927, 135280,
    136189, 136230, 138331, 144170, 151515, 151959, 164695, 165378, 166769, 169559,
    172906, 177597, 178128, 182701, 183268, 183596, 185837, 189472, 189616, 190326,
    193363, 202392, 205237, 212139, 215731, 216018, 221373, 223983, 228351, 237704,
    243659, 248254, 249044, 251555, 254143, 255657, 256041, 258663, 261240, 263317,
    265592, 267392, 267398, 268705, 269912, 273929, 283209, 291913, 299670, 304565,
    306584, 307359, 307583, 307726, 308245, 310411, 314610, 314995, 317076, 319712,
    321513, 322118, 326128, 329802, 334020, 334121, 334297, 335676, 337366, 337453,
    339266, 340098, 345492, 346894, 348535, 353221, 355067, 359218, 361754, 364078,
    366452, 367458, 369790, 369875, 373225, 375554, 376573, 377556, 381885, 386694,
    387117, 394628, 395394, 404776, 407401, 409266, 412697, 418131, 421068, 421538,
    425317, 426381, 427147, 427402, 431433, 431880, 432574, 433548, 434783, 436412,
    437068, 437337, 441272, 446983, 453166, 453620, 456226, 456230, 456240, 456860,
    460389, 463382, 463631, 468294, 472140, 473922, 475067, 477743, 485504, 485662,
    485934, 489380, 494861, 495182, 500048, 500410, 502866, 503796, 504500, 510362,
    511262, 512263, 514351, 520284, 521877, 522299, 523576, 523771, 524115, 525922,
    526516, 527059, 527996, 528828, 538117, 541300, 545716, 545951, 547018, 549589,
    551411, 555643, 556408, 557667, 561260, 562113, 566937, 567307, 568509, 569020,
    575516, 580289, 581194, 581839, 584134, 592340, 595349, 597652, 600350, 602281,
    602759, 605201, 606869, 615401, 618763, 621811, 621910, 623348, 629707, 632847,
    641122, 651362, 651377, 651882, 659286, 661992, 663749, 670775, 671405, 672335,
    672363, 672867, 674357, 674948, 678700, 679958, 682914, 684226, 692726, 700376,
    700447, 705216, 707181, 710591, 716074, 719703, 732772, 738899, 746103, 746671,
    756612, 758278, 758434, 758796, 759667, 761869, 766565, 778141, 779049, 781061,
    781836, 788478, 789957, 790160, 791337, 796968, 799240, 803762, 804498, 812865,
    812964, 815293, 815664, 817830, 821328, 825235, 829349, 831131, 835983, 837572,
    844859, 845389, 850175, 851689, 854262, 859445, 860311, 861693, 864844, 868867,
    869040, 871271, 871934, 874648, 877414, 880009, 882112, 883554, 888885, 891257,
    895206, 895443, 896922, 898053, 899049, 900305, 903563, 906580, 911660, 913552,
    916759, 919633, 925819, 928572, 934562, 939880, 948994, 952720, 954239, 955458,
    955653, 955962, 961420, 972703, 976548, 983015, 984282, 988423, 989057, 991376,
    992760, 996534, 998262, 999488, 1000916, 1004986, 1011735, 1011844, 1012735, 1018390,
    1019274, 1022564, 1025709, 1025865, 1031868, 1035177, 1036017, 1040883, 1041223,
    1042522, 1042800, 1045526, 1046345, 1048491, 1049823, 1056634, 1057407, 1058096,
    1058209, 1062927, 1065361, 1067771, 1067777, 1070389, 1071124, 1072840, 1074469,
    1078918, 1079724, 1081677, 1082548, 1084566, 1099029, 1100612, 1104391, 1106460,
    1114174, 1118683, 1120420, 1121243, 1122846, 1124199, 1128894, 1130978, 1134290,
    1140857, 1142916, 1143263, 1145748, 1146119, 1148205, 1153380, 1153862, 1154965,
    1155252, 1157351, 1157637, 1159176, 1159587, 1162761, 1162934, 1165233, 1173508,
    1177043, 1179863, 1188629, 1188876, 1195684, 1197466, 1201464, 1206308, 1208344,
    1210982, 1211139, 1212613, 1213452, 1214396, 1221137, 1224383, 1227969, 1229282,
    1230981, 1232953, 1235205, 1238742, 1239307, 1242563, 1243639, 1247916, 1248627,
    1250911, 1255148, 1257478, 1259072, 1262037, 1269278, 1270260, 1275862, 1276090,
    1280583, 1281559, 1283471, 1283814, 1289892, 1293043, 1293618, 1294380, 1296188,
    1302936, 1309327, 1313556, 1315065, 1315897, 1319580, 1323538, 1324021, 1324050,
    1327974, 1328993, 1330480, 1331510, 1331712, 1332155, 1333227, 1333858, 1335816,
    1342482, 1342925, 1343942, 1353790, 1355888, 1357506, 1357822, 1358442, 1372985,
    1378562, 1380429, 1384757, 1384996, 1386500, 1387581, 1390445, 1391129]
  prime: 9999999967
- ksize: 22
  md5sum: a4a1ca012cd7035eb895d08e5d0b0e59
  mins: [0, 359, 1114, 1897, 2485, 7050, 7523, 11688, 14097, 15943, 18217, 20354,
    31584, 32284, 39842, 43653, 51132, 55140, 55593, 63747, 64121, 67524, 71840, 72286,
    72492, 76448, 80521, 85159, 91014, 92772, 93701, 96495, 98997, 100051, 100937,
    106556, 107726, 111364, 115666, 119541, 119919, 130252, 130337, 131663, 135318,
    135780, 136678, 141762, 141813, 142760, 145231, 150219, 151676, 153481, 156160,
    157745, 159214, 165559, 165870, 173607, 174805, 177408, 182874, 186818, 187577,
    189585, 190386, 190626, 194117, 194321, 196413, 198084, 199266, 200028, 204979,
    205697, 212746, 214378, 215960, 216960, 217733, 227547, 234637, 234976, 237180,
    241137, 242035, 246614, 249117, 249569, 251610, 259077, 261325, 261736, 264854,
    268288, 269752, 271065, 275954, 278394, 278675, 280309, 280926, 283466, 290933,
    291973, 292347, 292862, 294041, 298039, 302898, 302948, 308545, 312346, 315092,
    318689, 318819, 321454, 327183, 329738, 330566, 332395, 332822, 332995, 338174,
    338495, 341164, 341765, 347693, 350177, 357737, 360721, 362971, 368282, 369945,
    377441, 377632, 378897, 379144, 380090, 385049, 385862, 386033, 392969, 394444,
    399345, 400281, 400998, 401708, 402939, 416813, 431816, 433896, 436035, 442593,
    443647, 448640, 451955, 452308, 453797, 455373, 456125, 456418, 464156, 464746,
    466167, 467985, 468531, 468736, 472223, 475984, 476966, 477099, 488501, 488617,
    489956, 490899, 492711, 497040, 501830, 502588, 503904, 505565, 509038, 512540,
    520326, 522220, 522927, 524224, 524845, 525634, 534564, 537805, 539789, 541449,
    547757, 548334, 548832, 550162, 557084, 557775, 557839, 562045, 568778, 569599,
    574046, 577963, 583755, 584572, 586705, 590135, 595263, 597293, 599607, 599753,
    602474, 606603, 611666, 614596, 614853, 615757, 618137, 620963, 635898, 637392,
    638072, 638264, 638675, 639699, 648578, 652459, 653040, 654204, 655503, 667703,
    673307, 673802, 676120, 678247, 680381, 689624, 694603, 695373, 700561, 700709,
    709906, 720414, 721279, 722893, 726615, 733571, 734544, 738488, 743364, 743852,
    746396, 748008, 748757, 754745, 758256, 766975, 769884, 774320, 780063, 786039,
    786803, 790196, 790285, 798602, 799272, 803892, 806315, 806765, 807067, 807414,
    809421, 813893, 814705, 815290, 816066, 820312, 822091, 840727, 841016, 842255,
    843371, 851379, 852902, 853426, 854448, 857306, 859439, 863813, 868234, 876587,
    878603, 884421, 884479, 884959, 886053, 886952, 887192, 887315, 889747, 890586,
    895985, 898569, 899579, 904572, 910117, 912435, 916048, 920529, 920557, 923064,
    923346, 923438, 928579, 930226, 931873, 934004, 937367, 937680, 941657, 941817,
    943028, 945413, 946551, 947034, 948129, 950538, 950681, 956132, 962559, 966009,
    969111, 970903, 974820, 974994, 976134, 978102, 978229, 980384, 984491, 986321,
    986417, 991067, 992238, 995131, 1006767, 1012624, 1015248, 1017245, 1017320, 1020618,
    1023460, 1025006, 1027548, 1028297, 1031621, 1033876, 1034104, 1035420, 1036110,
    1041307, 1043478, 1043541, 1044497, 1045706, 1050111, 1051355, 1053053, 1053887,
    1060190, 1062667, 1062840, 1063662, 1064870, 1068841, 1073614, 1074712, 1076259,
    1081268, 1087219, 1089778, 1094641, 1097646, 1098019, 1099886, 1102724, 1105577,
    1105583, 1106170, 1106366, 1108094, 1108176, 1108629, 1108841, 1118707, 1121326,
    1122093, 1123235, 1129766, 1137166, 1138616, 1138857, 1148095, 1148113, 1148269,
    1149997, 1150033, 1150988, 1151577, 1153693, 1156526, 1158461, 1160098, 1160612,
    1162727, 1166338, 1168551, 1169658, 1170025, 1177963, 1178533, 1178874, 1180281,
    1181308, 1181558, 1187164, 1189616, 1191857, 1192332, 1197926, 1200530, 1201479,
    1202299, 1204558, 1209874, 1211623, 1219064, 1220217, 1221255, 1221974, 1225043,
    1231921, 1232148, 1233393, 1233811, 1239022, 1241005, 1244019, 1244418, 1244665,
    1246553, 1255209, 1258566, 1259342, 1260249, 1265800, 1266074, 1272078, 1274920,
    1277662, 1285985, 1287275, 1292351, 1298322, 1306655, 1314446, 1317754, 1319638,
    1320509, 1321912, 1322870, 1323034, 1325404, 1329271, 1331845, 1338570, 1340501,
    1343899, 1345692, 1347829, 1348030, 1356205, 1356469, 1356476, 1359180, 1361131,
    1362301, 1362955, 1369361, 1370348, 1371560, 1381557, 1385176, 1385633, 1386696,
    1394326]
  prime: 9999999967
- ksize: 31
  md5sum: dd620f9adc7ceb4a35e3166616f92dd6
  mins: [580, 2085, 6431, 8662, 12938, 13217, 13523, 15374, 17085, 18156, 24452, 25703,
    26066, 28296, 32524, 33202, 35195, 35577, 41810, 42295, 45887, 48627, 50786, 56498,
    62258, 69003, 70569, 74721, 76806, 79797, 81974, 82491, 87101, 93335, 94878, 100621,
    101191, 103272, 103304, 109634, 111164, 112069, 112198, 116709, 119094, 119241,
    120797, 122016, 122492, 123185, 126092, 126407, 127826, 130811, 133728, 135232,
    137074, 139371, 143027, 145009, 146138, 148102, 148842, 151290, 156562, 162730,
    168297, 172687, 177062, 178421, 178450, 179208, 187980, 188196, 194960, 195647,
    200589, 201361, 203587, 209494, 211898, 212573, 215683, 215764, 218938, 224717,
    224852, 227170, 235375, 236276, 240734, 243613, 245445, 247411, 256462, 258754,
    259420, 263316, 267318, 270986, 274233, 275099, 284788, 287645, 290231, 290275,
    291512, 293680, 296851, 302548, 312158, 314019, 315267, 324725, 326927, 329378,
    329907, 330980, 337756, 339186, 340174, 343487, 350456, 354705, 358360, 358550,
    362573, 363437, 365698, 367630, 370803, 375916, 376754, 376789, 377092, 379323,
    382420, 382604, 385690, 386409, 394275, 397232, 397654, 398515, 400820, 401572,
    403879, 406237, 412093, 413043, 415837, 417492, 425883, 426996, 429141, 430333,
    432670, 437605, 444862, 449055, 449567, 452819, 454961, 455994, 462964, 464224,
    465172, 466448, 468816, 473821, 478628, 479643, 481078, 482372, 482754, 488398,
    489328, 498752, 501911, 515186, 516805, 520748, 522972, 523400, 524274, 524275,
    526496, 536501, 540566, 544386, 545921, 549236, 552141, 552762, 559405, 561314,
    562125, 566654, 568283, 570466, 572378, 581244, 581501, 582032, 584376, 588255,
    589884, 590957, 591297, 591407, 593716, 595766, 595930, 599519, 604400, 607757,
    608252, 609786, 609806, 617101, 617859, 617984, 622615, 626153, 628682, 629621,
    629793, 640276, 641891, 642927, 647238, 651148, 652082, 658903, 666423, 669474,
    670071, 672935, 673493, 674024, 675916, 675962, 682421, 683087, 683149, 683431,
    684759, 684886, 687122, 689289, 695475, 700942, 703737, 707775, 709343, 714833,
    717543, 718741, 718889, 723442, 725794, 726409, 729665, 732009, 739743, 742448,
    742665, 743145, 744008, 745450, 747975, 755658, 756480, 756938, 767068, 768742,
    771691, 772052, 774849, 775082, 775187, 776677, 779823, 780626, 781697, 788683,
    791934, 793322, 793554, 793679, 794027, 795586, 795842, 797267, 797935, 798783,
    809203, 809630, 821299, 821469, 826188, 827187, 828672, 833029, 836725, 838912,
    839699, 845878, 846465, 848092, 852173, 852561, 854560, 857020, 859623, 863415,
    871120, 878600, 881902, 882263, 883911, 888053, 889042, 892625, 892700, 900264,
    902642, 904952, 912260, 913635, 918228, 918674, 919099, 923170, 928344, 930119,
    930674, 934397, 934940, 935261, 935359, 940253, 945357, 948255, 949024, 950677,
    951022, 951997, 952624, 954646, 960216, 962071, 964453, 965809, 970442, 970877,
    973410, 977338, 977596, 978422, 982218, 984712, 988109, 989961, 990028, 993427,
    994323, 1000557, 1000612, 1000805, 1002155, 1002774, 1006563, 1007239, 1007960,
    1010914, 1012171, 1012775, 1014378, 1015196, 1017556, 1019009, 1020154, 1021302,
    1029189, 1029881, 1032326, 1033263, 1033387, 1038355, 1041152, 1043952, 1044122,
    1045746, 1046979, 1048083, 1049349, 1052649, 1053081, 1056569, 1057130, 1057471,
    1059534, 1060728, 1063573, 1065367, 1069837, 1072167, 1077199, 1077542, 1079226,
    1079811, 1084350, 1085924, 1086105, 1086670, 1088727, 1089174, 1089469, 1095941,
    1096861, 1097015, 1100438, 1108009, 1109234, 1109288, 1110028, 1111372, 1114654,
    1116685, 1118971, 1119380, 1119558, 1121726, 1126437, 1127209, 1133218, 1133590,
    1136396, 1138120, 1140878, 1141631, 1144895, 1147342, 1148565, 1148780, 1153822,
    1154076, 1155182, 1155232, 1157561, 1160239, 1164276, 1164837, 1171143, 1175677,
    1182168, 1188383, 1188516, 1190538, 1194360, 1199655, 1202268, 1202946, 1204115,
    1205803, 1209046, 1212275, 1213809, 1218095, 1218559, 1222115, 1222789, 1226155,
    1226209, 1243327, 1245448, 1250232, 1251889, 1252476, 1255320, 1255330, 1255888,
    1257192, 1260273, 1261109, 1262826, 1271358, 1273225, 1273309, 1276581, 1279355,
    1281689, 1282912, 1285815, 1287266, 1288003, 1290381, 1290444, 1291406]
  prime: 9999999967
- ksize: 32
  md5sum: acf57b47a7ecd8a3474a81b42cd71f8f
  mins: [0, 219, 6047, 9308, 10315, 11224, 12550, 17699, 18149, 19722, 21126, 22121,
    22972, 24922, 25417, 26018, 32658, 32795, 36472, 36899, 38916, 44192, 45799, 46620,
    48336, 59573, 61421, 62013, 64107, 69405, 70982, 74703, 80353, 84317, 89005, 93146,
    95277, 96941, 99627, 99707, 103630, 106779, 107817, 121233, 126244, 127362, 131845,
    133515, 133557, 138130, 140666, 146064, 150554, 151808, 152231, 157494, 161135,
    166704, 166911, 167398, 169285, 171371, 172227, 174922, 178782, 179576, 182489,
    191113, 191872, 193254, 194407, 197098, 206380, 207220, 209421, 210916, 220287,
    220969, 222296, 222587, 223161, 227813, 228262, 236156, 238488, 242329, 243625,
    243657, 244256, 244555, 244970, 245874, 247884, 250344, 257411, 260479, 261991,
    265470, 266077, 266221, 267214, 269275, 273583, 277974, 278772, 280113, 285018,
    290754, 291682, 293389, 294236, 295437, 301224, 304372, 305691, 306231, 308221,
    313947, 314652, 318801, 320974, 322092, 322875, 326507, 331624, 336649, 337835,
    339222, 342081, 347389, 351845, 356760, 366658, 367442, 368395, 371244, 376826,
    376870, 387313, 390931, 393577, 393916, 395478, 398049, 404922, 405182, 406136,
    409295, 409340, 413480, 415363, 419473, 422020, 424102, 426153, 435732, 437794,
    442219, 447153, 457669, 457692, 458300, 458309, 466786, 468714, 469189, 470136,
    476321, 478545, 480980, 483954, 486205, 486785, 487581, 491294, 494051, 498021,
    501522, 505712, 506879, 506935, 511532, 516171, 516526, 517064, 519092, 522630,
    526357, 527333, 529830, 532742, 538631, 539211, 549180, 549183, 549305, 555844,
    561496, 561725, 562804, 563401, 564895, 567532, 568178, 568870, 575527, 581898,
    583113, 586675, 588096, 591825, 594081, 601095, 605795, 608117, 608154, 613729,
    614755, 622469, 624750, 627690, 628062, 632930, 635741, 636498, 639405, 643256,
    643535, 645258, 650086, 653030, 655021, 657328, 663022, 663986, 666411, 667017,
    667445, 671656, 671958, 672408, 673762, 676585, 686456, 689383, 690979, 692855,
    695136, 695950, 697236, 698432, 699718, 703093, 710504, 717910, 718147, 718252,
    719258, 720093, 720470, 720555, 722353, 725548, 727153, 737567, 742642, 745294,
    750921, 750983, 753370, 753504, 754083, 754741, 759599, 762461, 762699, 767037,
    769793, 771250, 771518, 771981, 774999, 775476, 786270, 786667, 787732, 791639,
    793143, 795280, 799801, 803455, 809173, 819538, 823375, 823649, 828286, 828395,
    830187, 837830, 841317, 842178, 843038, 849525, 849840, 850477, 851045, 851161,
    852448, 853401, 853904, 856720, 860108, 861951, 865016, 870359, 875940, 876109,
    876507, 876720, 882915, 894338, 895914, 897499, 900291, 900801, 908155, 914773,
    925415, 925968, 926594, 929063, 929586, 931593, 937293, 938246, 938545, 948315,
    949742, 950545, 950643, 952690, 958033, 958400, 958817, 965827, 967288, 968111,
    968749, 970138, 971354, 975039, 975231, 976220, 977858, 978943, 985601, 989514,
    989872, 994110, 997059, 1002233, 1003452, 1003725, 1007434, 1016822, 1017025,
    1021329, 1021662, 1022667, 1023425, 1024972, 1026135, 1028246, 1028406, 1031522,
    1037225, 1038829, 1042441, 1043541, 1046745, 1047447, 1049916, 1051294, 1052732,
    1056043, 1060677, 1066746, 1076248, 1082327, 1082443, 1085801, 1086092, 1089856,
    1090424, 1090434, 1090850, 1091287, 1102727, 1103645, 1106114, 1109472, 1114549,
    1117731, 1120232, 1121948, 1123022, 1124466, 1125535, 1125995, 1126659, 1130174,
    1130205, 1134967, 1136732, 1138817, 1139011, 1140818, 1143016, 1152165, 1155665,
    1158180, 1158954, 1160799, 1172612, 1173333, 1173981, 1174552, 1176397, 1178150,
    1180063, 1185905, 1196388, 1199289, 1199448, 1205077, 1207343, 1210913, 1220846,
    1225737, 1228386, 1233937, 1236373, 1240131, 1244716, 1247495, 1248280, 1248959,
    1249402, 1249767, 1249958, 1252769, 1258807, 1261179, 1261420, 1263521, 1263744,
    1266216, 1267832, 1271630, 1271897, 1275233, 1280596, 1286062, 1287188, 1287509,
    1292417, 1293945, 1301900, 1301908, 1303356, 1304610, 1315947, 1317471, 1320213,
    1320747, 1321464, 1321608, 1323592, 1329835, 1330380, 1338387, 1340446, 1341848,
    1342204, 1342459, 1342983, 1347251, 1355159, 1356409, 1357425, 1359905, 1363018,
    1363799, 1364197, 1365370, 1367524, 1369781, 1375712, 1379384, 1380215]
  prime: 9999999967
type: mrnaseq
version: '0.2'
