class: sourmash_signature
email: titus@idyll.org
filename: SRR2255622_1.fastq.gz.trimnoV.fq.gz
name: disease mouse
signatures:
- ksize: 16
  md5sum: eb7f3528385343774cca1bef74447760
  mins: [0, 123, 147, 576, 1114, 1206, 1208, 1829, 1853, 1884, 2493, 2963, 3021, 3060,
    3188, 3284, 3397, 3788, 3985, 4038, 4049, 4119, 4267, 4406, 4423, 4724, 4830,
    5362, 6037, 6127, 6250, 6251, 6900, 7104, 7125, 7128, 7222, 8777, 8879, 9064,
    9199, 9330, 9406, 9978, 10221, 10427, 10543, 10730, 10924, 10998, 11374, 11696,
    11735, 11742, 12332, 13074, 13483, 15506, 16258, 16966, 17168, 17452, 17508, 17783,
    17828, 17903, 18110, 18461, 19070, 19153, 19385, 19398, 19435, 19942, 20544, 20633,
    20750, 20841, 20945, 20952, 21133, 21257, 21307, 21947, 22181, 22185, 22220, 24010,
    24045, 24720, 25080, 25557, 25844, 26306, 26445, 26850, 27194, 27249, 27443, 28444,
    29180, 29795, 32301, 32626, 32664, 32674, 32996, 33265, 33512, 33714, 33842, 34058,
    34139, 34152, 34261, 34568, 35046, 35096, 35222, 35511, 36263, 36825, 37047, 37256,
    37596, 37831, 38018, 38151, 38426, 38775, 39003, 39081, 41500, 41805, 42371, 42569,
    42633, 42687, 42787, 42971, 42981, 43016, 43710, 44298, 44747, 45736, 46003, 46407,
    46772, 46779, 46949, 47036, 48159, 49092, 49153, 49483, 49724, 49885, 50091, 50239,
    50433, 50649, 50731, 51289, 51314, 51526, 52187, 52227, 52251, 52415, 53013, 53257,
    53891, 54003, 54167, 54562, 54777, 54799, 54868, 54911, 54970, 55258, 55633, 55954,
    56234, 56526, 57075, 57148, 57485, 57624, 58173, 58828, 58971, 59080, 59988, 60257,
    60366, 60691, 60922, 60952, 61380, 61591, 61612, 61905, 62537, 62581, 62621, 63214,
    63798, 64134, 64994, 65020, 65082, 65084, 65846, 66074, 66300, 66769, 66954, 67063,
    67573, 67875, 68459, 68739, 68853, 69347, 69872, 70082, 71505, 71689, 72393, 72791,
    72946, 73454, 74150, 74823, 75003, 75158, 76266, 76460, 76560, 77075, 77101, 77755,
    77784, 77938, 78320, 78478, 78840, 79214, 79314, 79930, 80233, 80539, 80593, 80615,
    80699, 80829, 81402, 82170, 82254, 82380, 82411, 82510, 82946, 83167, 83173, 83813,
    84671, 85981, 86081, 86683, 87150, 88075, 88833, 88880, 88916, 90740, 90756, 90904,
    90952, 91031, 91285, 91576, 91894, 91956, 91968, 92551, 92658, 92718, 93763, 93792,
    93870, 93895, 93928, 94022, 94154, 94660, 95631, 95825, 95931, 96045, 96150, 96234,
    96313, 97672, 97893, 98033, 98333, 98686, 99286, 99376, 99437, 99814, 99864, 99879,
    100361, 101047, 101207, 102236, 103362, 103580, 103588, 103998, 104415, 104709,
    104765, 104967, 105196, 105533, 106612, 106797, 107760, 107820, 107824, 108109,
    108384, 108516, 108642, 108882, 109392, 109931, 110252, 110648, 111858, 111915,
    112038, 112708, 112848, 113271, 113304, 113340, 114529, 114904, 114978, 115086,
    115124, 115224, 115550, 115678, 115764, 116204, 116293, 116469, 116688, 116705,
    116928, 117178, 117593, 118139, 118316, 118744, 118894, 119109, 119265, 119602,
    119871, 120504, 120725, 121139, 121154, 121772, 122235, 122330, 122393, 122808,
    122964, 123168, 123629, 124219, 124710, 124869, 125376, 125592, 126019, 126591,
    126744, 128036, 128136, 128414, 129464, 129532, 129876, 130165, 130325, 131213,
    131776, 131852, 132100, 132626, 133023, 133211, 133228, 133961, 134052, 134291,
    134568, 135091, 135144, 135373, 135594, 135663, 135930, 136189, 136230, 136484,
    136661, 136705, 137260, 137356, 137378, 137695, 137752, 138708, 139241, 140035,
    140136, 140271, 140283, 140426, 140692, 140712, 140969, 141530, 141746, 141842,
    142495, 142542, 143126, 143305, 143370, 143998, 144170, 144221, 144402, 145424,
    146075, 146788, 146863, 147243, 147261, 147721, 147909, 148438, 149245, 149306,
    149454, 149462, 149490, 149799, 149804, 149915, 150949, 151000, 151021, 151515,
    151534, 151959, 152351, 152636, 153124, 153488, 155485, 155614, 155667, 156095,
    156404, 156464, 156775, 156927, 157131, 157952, 158184, 158240, 158344, 158713,
    159061, 160483, 160547, 162284]
  prime: 9999999967
- ksize: 22
  md5sum: 8b6d8a21f137e71bf8ec54a2628cc8cf
  mins: [0, 237, 846, 1062, 1101, 1556, 1897, 2314, 2516, 2789, 3074, 3113, 3238,
    3388, 3693, 4078, 4501, 4677, 4914, 4947, 5476, 5722, 6123, 6217, 7030, 7481,
    7514, 7695, 7703, 7782, 7925, 8310, 8630, 8772, 9319, 9485, 10330, 10558, 10816,
    11255, 11506, 11587, 11849, 11889, 12391, 12532, 12867, 13090, 13267, 13412, 13685,
    13917, 14097, 14396, 14563, 14924, 14937, 15246, 15482, 15666, 15692, 15760, 15799,
    15932, 15943, 16391, 16564, 17788, 18071, 18178, 18217, 18627, 18941, 19369, 19502,
    19523, 19712, 19835, 20058, 20310, 20354, 20554, 20803, 21637, 21838, 22326, 23317,
    23504, 23534, 23776, 23779, 24241, 24517, 24827, 25073, 25361, 25802, 25999, 26230,
    27178, 27802, 28143, 28870, 28950, 29543, 29572, 29928, 30138, 30290, 30404, 30595,
    31764, 32024, 32603, 32978, 33281, 33314, 34041, 34354, 34806, 34907, 35221, 35273,
    35474, 35747, 36185, 37060, 37190, 37635, 38081, 38769, 39354, 39561, 39879, 40076,
    40800, 41380, 42107, 42151, 42323, 42463, 42593, 43431, 43497, 43653, 43930, 44080,
    44482, 45008, 45144, 45146, 46154, 47396, 47421, 47445, 47630, 47849, 48711, 50760,
    50915, 50966, 50981, 51211, 51708, 51819, 52730, 53122, 53353, 53809, 53853, 54645,
    55140, 56182, 56600, 57174, 57613, 57767, 57880, 58904, 59092, 59555, 60087, 60204,
    60326, 60872, 61525, 61739, 62389, 62899, 63273, 63629, 63645, 63732, 63747, 64534,
    64596, 64780, 64983, 65233, 65774, 65979, 66148, 66235, 66258, 66747, 67203, 67305,
    67524, 67608, 68060, 68364, 68552, 68734, 68965, 69282, 69417, 69784, 69841, 70987,
    71268, 72065, 72265, 72360, 72518, 72802, 72936, 73371, 73830, 75797, 75882, 76432,
    76674, 78285, 78861, 78997, 79035, 79807, 80104, 80105, 80232, 80521, 80679, 80989,
    81634, 82046, 82584, 82878, 82940, 83202, 83494, 83613, 83721, 84339, 84507, 84539,
    84594, 84874, 84967, 85032, 85494, 85503, 85595, 85873, 85912, 86042, 86337, 86399,
    86445, 86454, 87184, 87386, 87563, 87883, 87884, 87996, 88224, 89449, 89529, 90316,
    90549, 90551, 90666, 90842, 91109, 91211, 91339, 91449, 91549, 92129, 92772, 92874,
    93597, 93640, 94477, 94478, 94610, 95900, 96081, 96498, 96761, 97491, 97835, 98181,
    98394, 98439, 98997, 100004, 100246, 100298, 100655, 100743, 100862, 100893, 100937,
    101660, 102176, 102541, 102546, 102629, 102753, 103583, 103594, 103619, 103763,
    103979, 104337, 104677, 105339, 105907, 106705, 107309, 107571, 107719, 107726,
    108343, 108588, 108915, 109449, 109541, 110760, 110994, 111270, 111685, 111981,
    112105, 112475, 113620, 114100, 114175, 114270, 115000, 115045, 115223, 115550,
    115661, 115824, 115961, 116145, 116388, 116896, 117263, 117658, 117729, 119215,
    119351, 119505, 119541, 119618, 119678, 119919, 120554, 120754, 121131, 121468,
    121513, 121574, 122203, 122261, 122268, 122531, 122647, 122776, 122796, 123592,
    123751, 124185, 124410, 124534, 124579, 124822, 125010, 125399, 125589, 126002,
    126558, 126568, 126783, 126988, 127221, 128179, 128258, 128378, 130252, 130337,
    130561, 130896, 131630, 131663, 131783, 131842, 132135, 132151, 132249, 132983,
    133075, 133531, 133822, 134694, 134751, 134817, 135803, 136420, 136536, 136602,
    136678, 139386, 139989, 140094, 140312, 140911, 141229, 141259, 141301, 141762,
    141783, 142008, 142220, 142546, 142726, 143150, 143507, 143572, 144376, 144415,
    144446, 144654, 145191, 145212, 145231, 145727, 145944, 146070, 146866, 147550,
    147845, 148229, 148326, 148459, 148514, 148932, 149124, 149565, 149730, 150088,
    150166, 150219, 151235, 151291, 151465, 151634, 151676, 151906, 152002, 152341,
    152378, 152487, 152839, 152986, 153383, 154952, 156160, 156274, 156318, 156524,
    156895, 157244, 157376, 157409, 157430, 157635, 157990, 158415, 158430, 158752,
    158916, 159611, 160117, 160212, 160251, 160329]
  prime: 9999999967
- ksize: 31
  md5sum: cf9e04e7a526433491b01fb48db3bc76
  mins: [472, 580, 823, 873, 1606, 2085, 2548, 2558, 2933, 2980, 3166, 3418, 3799,
    4167, 4372, 5142, 5675, 6053, 6305, 6348, 6389, 6431, 7312, 7382, 7622, 7735,
    8032, 8055, 8202, 8298, 8428, 9155, 9280, 9489, 9883, 10319, 10522, 11057, 11083,
    11131, 11175, 11434, 11504, 11917, 11963, 12379, 12938, 12963, 12972, 13116, 14354,
    14947, 15087, 15469, 15530, 15796, 17084, 17436, 17473, 17710, 18089, 18156, 18377,
    18378, 18621, 18861, 19007, 19652, 19867, 20848, 20921, 21120, 21185, 21283, 21328,
    21760, 21913, 22357, 22702, 22739, 22800, 23365, 23550, 23753, 23758, 23821, 24259,
    24427, 24452, 24742, 25365, 25465, 25703, 25714, 25880, 25927, 26066, 26220, 27318,
    27429, 27466, 27648, 28915, 28916, 29074, 29221, 29473, 29506, 29774, 30139, 30479,
    30987, 31346, 31366, 31511, 31933, 32111, 32125, 32170, 32524, 33198, 33307, 33407,
    33948, 34307, 34796, 36605, 37365, 37512, 37735, 37858, 38123, 38839, 39462, 40070,
    41005, 41587, 42051, 42295, 42552, 42599, 42925, 43884, 43900, 45424, 45590, 45887,
    45939, 46584, 46600, 47313, 47731, 48070, 48417, 49731, 49785, 50195, 50454, 50686,
    50786, 51952, 52172, 52717, 53699, 53839, 53933, 54037, 54212, 54220, 54464, 54657,
    56001, 56008, 56498, 56937, 57471, 57492, 57571, 57604, 57712, 58172, 58415, 58418,
    58966, 59729, 59791, 59860, 59887, 59940, 60098, 60727, 60788, 61040, 61113, 61511,
    61685, 62058, 62172, 62258, 62413, 62518, 62565, 63265, 63320, 63484, 63571, 64196,
    64679, 65145, 65361, 65457, 66009, 66355, 66611, 67119, 68312, 68412, 68604, 69003,
    69057, 69228, 69795, 69902, 70227, 70301, 70429, 70569, 71010, 71052, 71100, 71155,
    71265, 71918, 73958, 73978, 74066, 74221, 74509, 74905, 75774, 75914, 76297, 76975,
    77863, 77987, 78162, 78699, 79019, 79733, 79797, 80032, 80299, 81159, 81609, 81954,
    82207, 82442, 82491, 82710, 83247, 83266, 83471, 83732, 84247, 84955, 85410, 85450,
    85474, 85547, 85925, 86195, 86442, 86559, 86865, 86992, 87101, 87817, 88089, 88444,
    88569, 88795, 88877, 89005, 89035, 89799, 90270, 90506, 90640, 91120, 91166, 92432,
    92516, 92550, 92553, 92713, 93060, 93335, 93853, 94206, 94709, 94878, 95450, 95945,
    96186, 96662, 97637, 97724, 97871, 98007, 98130, 98391, 98590, 99479, 99522, 99973,
    100022, 100211, 100279, 100621, 100731, 101355, 101772, 101985, 102125, 102478,
    102539, 102615, 102668, 102976, 103187, 103304, 103344, 103792, 103888, 103934,
    104062, 104077, 104110, 104444, 104853, 105201, 105519, 105729, 105754, 106267,
    106283, 106975, 107820, 107984, 108087, 108640, 108715, 108869, 109463, 109537,
    109805, 110188, 110229, 110553, 110556, 110721, 111052, 111319, 111790, 111794,
    112069, 112170, 112215, 112533, 112768, 113014, 113043, 113293, 113443, 113534,
    113901, 114034, 114083, 114386, 114552, 115009, 115372, 115464, 115661, 115687,
    115747, 115787, 115840, 116230, 116331, 116499, 116528, 116547, 116703, 116709,
    116714, 116822, 116835, 117520, 117659, 117803, 117969, 118130, 118152, 118223,
    118336, 118451, 118588, 118688, 119094, 119156, 119163, 119242, 119380, 119587,
    119862, 119884, 120074, 120338, 120561, 120797, 120924, 121116, 121193, 121468,
    122016, 122320, 122492, 122812, 122974, 123958, 124067, 124095, 124888, 125250,
    125390, 125671, 126092, 126239, 126345, 126391, 126771, 126803, 127149, 127962,
    127968, 128527, 130515, 130788, 130848, 131225, 131410, 131757, 131947, 132471,
    132937, 133064, 133102, 133859, 133906, 133917, 134202, 134207, 134523, 134819,
    135232, 135329, 135422, 135471, 135591, 135831, 136317, 137074, 137586, 138071,
    138212, 138247, 138730, 138883, 139371, 139760, 139768, 139859, 140312, 140441,
    141665, 142214, 142269, 142495, 142771, 143027, 143239, 143356, 143676, 143720,
    144204, 144766, 144933, 146138, 146538]
  prime: 9999999967
- ksize: 32
  md5sum: 7a4ce8e9a57becec4ea919fecf8ac1f1
  mins: [0, 14, 142, 210, 219, 294, 490, 493, 576, 710, 1114, 1119, 1494, 2231, 2418,
    2686, 2809, 2897, 3488, 3922, 4562, 4584, 4707, 4758, 4805, 5225, 5489, 5515,
    6022, 6182, 6908, 7713, 7942, 8290, 8507, 8882, 9045, 9047, 9571, 10315, 10913,
    11411, 11571, 11660, 11810, 12733, 12927, 13253, 13967, 14196, 14780, 14812, 15237,
    15784, 17147, 17610, 17699, 17745, 17757, 18468, 18560, 18676, 18704, 18716, 19003,
    19091, 19722, 20267, 20333, 20438, 20497, 21377, 21436, 21649, 21962, 22065, 22066,
    22121, 22165, 22324, 22383, 22569, 23524, 23550, 23660, 23771, 23931, 24639, 24651,
    24890, 24907, 25594, 25959, 26018, 26083, 26382, 26404, 27437, 27543, 27819, 28075,
    28187, 28986, 29460, 29703, 29789, 30701, 30994, 31264, 31946, 32051, 32186, 32621,
    32658, 32795, 33205, 33820, 34190, 34433, 35261, 35544, 35694, 36358, 36472, 36506,
    36523, 36622, 37260, 37348, 37425, 38216, 38972, 39283, 39587, 39890, 40164, 40596,
    40832, 40966, 41647, 41699, 41960, 41988, 42075, 42268, 42724, 43233, 43331, 44060,
    44192, 44359, 45473, 45799, 46074, 46435, 46795, 46932, 47481, 48047, 48555, 49685,
    49837, 49985, 51040, 51218, 51755, 52478, 52511, 52737, 53491, 53619, 53720, 53840,
    54155, 54639, 54674, 54741, 55778, 55974, 56155, 56318, 56434, 56465, 57563, 57757,
    57979, 58070, 59143, 59430, 59451, 59573, 60468, 60944, 61421, 61965, 62195, 62525,
    63107, 63435, 63491, 63803, 63812, 64007, 64175, 64441, 64796, 65209, 65297, 65399,
    65812, 66223, 66491, 66813, 67272, 67838, 69336, 69405, 70526, 70607, 70775, 71039,
    71222, 72501, 72539, 73568, 73702, 73872, 74170, 74750, 74761, 74883, 75018, 75493,
    75960, 76043, 76289, 76359, 76539, 76668, 76822, 77153, 77428, 77825, 78077, 78331,
    78479, 78604, 78925, 79744, 79990, 80107, 80274, 80494, 80542, 80784, 81185, 81251,
    81979, 82080, 83329, 83720, 84007, 84094, 84599, 84905, 85407, 85668, 85739, 85900,
    86184, 86676, 87106, 87408, 87425, 87695, 87741, 88099, 88722, 89022, 89531, 89995,
    90577, 91478, 92331, 92710, 92723, 92749, 92768, 93382, 93556, 93909, 94552, 95302,
    96020, 96941, 97184, 97844, 97927, 98012, 98095, 98763, 99361, 99401, 99507, 99717,
    99723, 99780, 99959, 100109, 100169, 101240, 101897, 101953, 102382, 102449, 102984,
    103027, 103081, 103172, 103338, 103630, 103954, 104263, 104519, 104727, 104765,
    104944, 105187, 105316, 105452, 105491, 105751, 105993, 106198, 106452, 106536,
    107085, 107397, 107435, 107598, 107657, 107660, 107817, 107857, 108714, 108836,
    108875, 109303, 109664, 109795, 110128, 110361, 110457, 110633, 112287, 112350,
    113165, 113373, 114279, 114509, 114844, 114969, 115037, 115379, 115532, 115743,
    115758, 115761, 116473, 116896, 117699, 117782, 118181, 118385, 118633, 118691,
    118758, 118804, 118893, 119076, 119136, 119836, 120015, 120221, 120290, 120780,
    121242, 121854, 122231, 122306, 122382, 122635, 123133, 123377, 123461, 123603,
    124263, 124405, 124428, 124591, 125441, 126244, 126248, 126720, 126742, 126844,
    126927, 127221, 127362, 127616, 127810, 128808, 129185, 129368, 129636, 130170,
    130193, 130302, 130642, 131576, 131708, 131720, 131732, 131845, 131891, 132151,
    133046, 133050, 133136, 133495, 133515, 133557, 134407, 134454, 134534, 134782,
    134987, 135787, 135794, 136346, 136569, 136870, 137008, 137568, 137803, 137907,
    138374, 139124, 140666, 141010, 141104, 141273, 141488, 141629, 142092, 142143,
    142161, 142621, 143143, 143216, 143571, 143696, 144017, 144508, 144644, 144711,
    144853, 144959, 145105, 145295, 145309, 145313, 145692, 146352, 146372, 146422,
    146572, 147088, 147476, 147525, 147996, 148166, 148395, 148455, 149167, 149208,
    149265, 149358, 149427, 149722, 149748, 150173, 150179, 150316, 150554, 150908,
    151017, 151242, 151392, 151535]
  prime: 9999999967
type: mrnaseq
version: '0.2'
