class: sourmash_signature
email: titus@idyll.org
filename: SRR2060939_2.fastq.gz.trimnoV.fq.gz
name: house mouse
signatures:
- ksize: 16
  md5sum: c9afb541d969276764dc16af97351417
  mins: [0, 69, 123, 147, 4119, 4406, 5139, 7128, 11374, 15176, 20633, 29864, 33265,
    34058, 37256, 42947, 48101, 50128, 50228, 53069, 53891, 54167, 54970, 56676, 57148,
    63214, 64134, 67875, 68170, 69347, 69872, 73454, 75223, 75346, 76329, 78478, 79008,
    80593, 80829, 81720, 83813, 85981, 90756, 90784, 91968, 93548, 94872, 97747, 98630,
    102236, 103580, 103588, 105327, 112213, 113340, 115224, 115764, 116204, 116688,
    118621, 119348, 121487, 125376, 130165, 132927, 135280, 136189, 136230, 138331,
    140969, 144170, 151515, 151959, 154765, 160547, 162323, 164695, 165378, 166769,
    169559, 172906, 177597, 178128, 178660, 182701, 183268, 183596, 185837, 188202,
    189472, 189616, 190326, 193363, 202392, 205237, 208523, 212139, 215731, 216018,
    221373, 223983, 224387, 225652, 225660, 227430, 228351, 237704, 237751, 243659,
    248254, 249044, 251421, 251555, 254143, 255657, 256041, 258164, 258663, 261240,
    261707, 262522, 263317, 263804, 265592, 267392, 267398, 268705, 269912, 273929,
    275322, 276928, 283209, 291913, 293215, 299670, 303252, 304565, 305785, 306584,
    307359, 307583, 307726, 308245, 310411, 311492, 314610, 314995, 317076, 319712,
    320381, 321513, 322118, 322885, 326128, 329802, 334020, 334121, 334297, 335676,
    337366, 337453, 339266, 340098, 345492, 346894, 348535, 353221, 355067, 359218,
    359434, 361754, 364078, 366452, 367458, 369790, 369875, 371017, 373225, 375554,
    376314, 376573, 377556, 377967, 381885, 386694, 387117, 389025, 390967, 391334,
    394628, 395394, 403681, 404776, 407401, 409266, 410201, 412697, 415286, 418131,
    421068, 421538, 425317, 426381, 427147, 427402, 431433, 431880, 432574, 433548,
    434783, 436412, 437068, 437337, 440290, 441272, 446983, 453166, 453620, 454388,
    456226, 456230, 456240, 456860, 460389, 463382, 463631, 468294, 472140, 473922,
    475067, 476241, 477743, 481158, 485504, 485662, 485934, 489380, 494861, 495182,
    500048, 500410, 502866, 503796, 504500, 508170, 510362, 511262, 512263, 514351,
    516803, 520284, 521877, 522299, 523576, 523771, 524115, 525922, 526369, 526516,
    527059, 527996, 528828, 535631, 538117, 541300, 544551, 545716, 545875, 545951,
    547018, 549589, 551411, 555643, 555794, 556408, 557240, 557667, 561260, 562113,
    565353, 566937, 567307, 568509, 569020, 569167, 573366, 575516, 579580, 580289,
    581194, 581839, 583589, 584010, 584134, 588058, 591978, 592340, 592970, 593785,
    595349, 596449, 597652, 599133, 600350, 600412, 602281, 602759, 605201, 606349,
    606869, 610210, 611027, 615401, 618763, 621811, 621910, 623348, 629707, 632847,
    640331, 641049, 641122, 651362, 651377, 651882, 659286, 661992, 663749, 663950,
    665109, 670775, 670856, 671405, 672335, 672363, 672867, 674357, 674948, 678700,
    679958, 682914, 684226, 687901, 692726, 695037, 700376, 700447, 705216, 705710,
    707181, 710591, 716074, 716972, 717076, 719703, 726006, 732772, 738899, 742711,
    744648, 746103, 746671, 752866, 756612, 758278, 758434, 758796, 759667, 761869,
    766565, 775121, 778141, 779049, 781061, 781836, 782891, 788478, 789957, 790160,
    791337, 796968, 798787, 799240, 803642, 803762, 804498, 808599, 811396, 812865,
    812964, 815293, 815344, 815664, 816662, 817830, 821328, 825235, 829349, 831131,
    835983, 836101, 837572, 842889, 844859, 845389, 848969, 850175, 851689, 854262,
    857136, 858798, 859445, 860311, 860619, 861693, 864844, 868867, 869040, 870506,
    871271, 871934, 874648, 877414, 879169, 880009, 882011, 882112, 883554, 886963,
    888885, 889487, 891257, 891317, 895206, 895443, 896922, 898053, 899049, 900305,
    903563, 906118, 906580, 911660, 912242, 913215, 913552, 916759, 919633, 923838,
    925819, 928572, 934562, 939880, 948994, 952720, 954239, 955458, 955653, 955962,
    957640, 957710, 961420, 961865, 965613, 966998, 972703, 976548, 983015, 984282,
    985264, 988423, 989057, 991376, 992760, 996296, 996534, 998262, 999488, 1000916,
    1004944, 1004986, 1011735, 1011844, 1012735, 1018390, 1019274, 1019543, 1020292,
    1022564, 1025709, 1025865, 1027138, 1031868, 1034709, 1035177, 1035251, 1036017,
    1036304, 1040883, 1041223]
  prime: 9999999967
- ksize: 22
  md5sum: 020bff4d2f50da41f4c313aa1095c440
  mins: [0, 359, 1108, 1114, 1897, 2485, 6355, 7050, 7523, 11177, 11688, 14097, 15692,
    15943, 18217, 20016, 20354, 20680, 25073, 31584, 32284, 36191, 39842, 43653, 51132,
    55140, 55593, 60800, 60872, 63747, 64121, 67524, 71268, 71840, 72286, 72492, 73371,
    76448, 76571, 79379, 80521, 81634, 82584, 85159, 90030, 91014, 92772, 93701, 96495,
    96748, 98997, 100051, 100937, 104337, 106556, 107726, 111364, 111401, 115666,
    119541, 119919, 122357, 127748, 130252, 130337, 131663, 135318, 135780, 135817,
    136678, 141762, 141813, 142508, 142760, 145231, 147502, 147550, 150219, 151676,
    152839, 153481, 156160, 157745, 159214, 165559, 165870, 169414, 169637, 173607,
    174649, 174805, 177408, 178298, 182874, 186818, 187577, 189585, 190386, 190626,
    194117, 194321, 196413, 198084, 199266, 199933, 200028, 200743, 202848, 204979,
    205697, 212746, 214378, 215960, 216960, 217733, 221684, 224214, 227547, 234637,
    234976, 236897, 237180, 241137, 241924, 242035, 246614, 249117, 249569, 251610,
    253838, 259077, 261325, 261736, 264854, 268288, 269752, 271065, 274070, 275115,
    275954, 278394, 278675, 280309, 280926, 283466, 290933, 291973, 292002, 292347,
    292862, 294041, 298039, 300473, 301877, 302898, 302948, 303665, 308545, 308902,
    312346, 313673, 315092, 318689, 318819, 321454, 323384, 327183, 329738, 330566,
    332395, 332822, 332995, 333179, 338174, 338495, 341164, 341765, 347693, 350177,
    357737, 360721, 362527, 362971, 368282, 369945, 377441, 377632, 378897, 379144,
    380090, 383641, 385049, 385862, 386033, 392969, 394444, 399345, 400281, 400998,
    401068, 401708, 402939, 408702, 415809, 416813, 422584, 425789, 431816, 433896,
    435122, 436035, 438589, 442593, 443647, 444483, 446140, 448640, 451955, 452006,
    452308, 453797, 455373, 456125, 456418, 456716, 464156, 464746, 465462, 466167,
    467985, 468531, 468736, 470331, 470387, 472223, 473284, 475984, 476966, 477099,
    488501, 488617, 489956, 490876, 490899, 492711, 497040, 500329, 501830, 502588,
    503904, 504214, 505565, 509038, 512540, 520326, 520517, 522220, 522927, 524224,
    524845, 525634, 530232, 534493, 534564, 537392, 537805, 539789, 541449, 546236,
    547748, 547757, 548334, 548832, 550162, 551132, 552018, 557084, 557775, 557839,
    562045, 567892, 568778, 569599, 574046, 577963, 583755, 584572, 586705, 590135,
    595263, 597293, 599607, 599753, 602474, 606603, 611666, 614596, 614853, 615757,
    618137, 618314, 620963, 623783, 635898, 637271, 637392, 638072, 638264, 638675,
    639699, 640040, 644491, 645861, 646477, 648578, 650048, 652459, 653040, 654204,
    655503, 667703, 673307, 673802, 676120, 678247, 678875, 679843, 680381, 686939,
    687859, 688766, 689624, 691383, 692326, 694603, 695373, 696344, 700561, 700709,
    705826, 706204, 709906, 720414, 720771, 721279, 722893, 726615, 733571, 734544,
    736207, 736366, 737338, 738488, 742080, 743364, 743852, 745501, 746396, 747911,
    748008, 748757, 750714, 754745, 758256, 760401, 760430, 763129, 766975, 769884,
    774320, 774949, 780063, 786039, 786620, 786803, 790196, 790285, 798602, 798885,
    799272, 803252, 803594, 803892, 806315, 806765, 807067, 807414, 809421, 810706,
    813893, 814705, 815290, 816066, 820312, 822091, 822599, 823726, 826185, 840727,
    841016, 842255, 843371, 844342, 848558, 851379, 852902, 853426, 854448, 857306,
    859439, 863813, 868093, 868234, 870260, 874302, 876587, 878603, 884421, 884479,
    884959, 886053, 886952, 887192, 887315, 889747, 889829, 890586, 895966, 895985,
    897573, 898569, 899579, 904121, 904572, 906306, 907184, 910117, 912435, 916048,
    920529, 920557, 923064, 923346, 923438, 924167, 928243, 928579, 930226, 931762,
    931873, 934004, 935755, 937367, 937680, 937877, 941657, 941817, 943028, 945413,
    946544, 946551, 947034, 947889, 948129, 950538, 950681, 953196, 953911, 956132,
    957455, 962559, 966009, 969111, 970903, 974820, 974994, 976134, 978102, 978229,
    980384, 980399, 981802, 984491, 986052, 986321, 986417, 991067, 992238, 995131,
    1002878, 1006767, 1010425, 1012624, 1015248, 1016373, 1017245, 1017320, 1020618,
    1023460, 1024594]
  prime: 9999999967
- ksize: 31
  md5sum: 0e429d26a11312fbcb3ba9a148786c2d
  mins: [580, 2085, 6305, 6431, 8662, 12938, 13217, 13523, 15374, 17085, 18156, 22646,
    24452, 25703, 26066, 28296, 32524, 33202, 35195, 35577, 41810, 42295, 45887, 46634,
    48627, 50786, 56498, 59860, 62258, 69003, 70569, 74721, 76806, 79797, 80299, 81974,
    82491, 82532, 87101, 93335, 94835, 94878, 96186, 100621, 101191, 103272, 103304,
    109634, 109805, 111164, 112069, 112198, 113293, 113901, 116709, 119094, 119241,
    120568, 120797, 122016, 122492, 123185, 125075, 126092, 126407, 127826, 130811,
    133728, 135232, 137074, 139371, 143027, 143654, 145009, 146138, 148102, 148842,
    150092, 151290, 152826, 156562, 162730, 168297, 171338, 172687, 177062, 178421,
    178450, 179208, 187980, 188196, 190266, 194960, 195647, 200589, 201058, 201361,
    203587, 209048, 209304, 209494, 211898, 212573, 215683, 215764, 218812, 218938,
    224717, 224852, 227170, 228294, 228507, 229976, 233218, 233738, 235375, 236276,
    237233, 240734, 243091, 243613, 245445, 245888, 247411, 247607, 252572, 254412,
    256462, 258754, 259420, 260703, 263316, 267318, 270986, 274233, 275099, 276384,
    276982, 284788, 285943, 287645, 290231, 290275, 291512, 293680, 296851, 302548,
    310074, 312158, 314019, 315267, 316581, 324725, 326256, 326314, 326927, 327382,
    329378, 329907, 330980, 331086, 337756, 339186, 340174, 340702, 343022, 343487,
    346475, 350456, 354705, 357042, 358360, 358550, 361413, 362573, 363437, 365698,
    367630, 370803, 375916, 376754, 376789, 377092, 379323, 379859, 382420, 382604,
    385690, 386409, 387899, 393604, 394275, 396694, 397232, 397654, 398515, 400820,
    401572, 403879, 404071, 406237, 412093, 413043, 415540, 415837, 417492, 419946,
    425883, 426996, 429141, 430333, 432670, 437605, 442299, 444862, 449055, 449567,
    452819, 454961, 455994, 456137, 462964, 464224, 465172, 466448, 468816, 473821,
    474320, 476128, 478628, 479643, 481078, 482372, 482689, 482754, 483481, 488398,
    489328, 495547, 498378, 498752, 501911, 505323, 515186, 516805, 517299, 520748,
    522972, 523400, 524274, 524275, 526496, 536393, 536501, 540566, 544386, 545921,
    549236, 552141, 552762, 555335, 559405, 561314, 562125, 566654, 568283, 570466,
    572378, 581244, 581501, 582032, 583041, 584376, 588255, 589861, 589884, 590957,
    591297, 591407, 592180, 593716, 595766, 595930, 599519, 604400, 607757, 608252,
    609786, 609806, 617101, 617859, 617984, 618862, 622615, 626153, 626251, 628682,
    629621, 629793, 636011, 637960, 638649, 640276, 641891, 642927, 647238, 651135,
    651148, 652082, 658903, 665284, 666423, 668084, 669474, 669956, 670071, 672935,
    673493, 674024, 675916, 675962, 680259, 682421, 683087, 683149, 683431, 684759,
    684886, 687122, 689289, 691479, 693603, 695475, 700942, 701004, 703737, 703981,
    707775, 709343, 714833, 717543, 718741, 718889, 723442, 723580, 724258, 725794,
    726003, 726409, 728714, 729665, 731159, 731497, 732009, 735926, 739743, 742448,
    742665, 743145, 744008, 745450, 747975, 755658, 756435, 756480, 756938, 757541,
    765509, 767068, 768742, 771691, 772052, 774849, 775082, 775187, 776677, 779823,
    780626, 781697, 786469, 788683, 791934, 793322, 793554, 793679, 794027, 794447,
    795586, 795842, 795876, 797267, 797935, 798783, 809203, 809630, 821299, 821469,
    826188, 827187, 828672, 833029, 836725, 838912, 839699, 845878, 846465, 848092,
    849746, 850166, 852173, 852561, 854560, 857020, 859623, 862520, 863415, 868887,
    871120, 878600, 879316, 881902, 882263, 883911, 888053, 889042, 889839, 890144,
    892613, 892625, 892700, 900264, 902642, 903861, 904952, 907591, 911113, 912260,
    913635, 916251, 918228, 918674, 919099, 923170, 928344, 930119, 930674, 933186,
    934397, 934940, 935261, 935359, 935727, 940253, 944561, 945357, 948255, 949024,
    950677, 951022, 951997, 952624, 953554, 954131, 954646, 960216, 962071, 962649,
    964453, 965809, 970442, 970877, 973410, 977338, 977596, 977720, 978422, 982218,
    984712, 988109, 988154, 989961, 990028, 991084, 992758, 993427, 994323, 1000557,
    1000612, 1000805, 1002155, 1002602, 1002774, 1006563, 1007239, 1007960, 1007996,
    1010564, 1010914, 1012171, 1012775]
  prime: 9999999967
- ksize: 32
  md5sum: 51a644f78ced368a94fad24b653e63a7
  mins: [0, 219, 285, 1195, 6047, 9308, 10315, 11224, 12550, 14196, 17699, 17734,
    18149, 19722, 21126, 22121, 22278, 22972, 24922, 25417, 26018, 30768, 32658, 32795,
    34459, 34504, 36472, 36899, 38916, 40635, 44192, 45799, 46620, 47560, 47783, 48336,
    59573, 59727, 61421, 62013, 64107, 69405, 70982, 74703, 76289, 76492, 77153, 78331,
    80353, 84317, 89005, 93146, 95277, 96941, 97844, 98012, 99627, 99707, 99780, 103630,
    106779, 107817, 121233, 126244, 127362, 131845, 132696, 133515, 133557, 138130,
    140666, 145711, 146064, 146224, 148641, 150554, 151808, 152231, 153020, 157494,
    161135, 163427, 166704, 166911, 167398, 169285, 171371, 172227, 174922, 178782,
    179576, 182489, 191113, 191872, 193254, 194395, 194407, 197098, 206380, 207220,
    209421, 210916, 220287, 220969, 222296, 222587, 223161, 223203, 224722, 227813,
    228262, 236156, 238488, 242329, 243625, 243657, 244256, 244555, 244970, 245874,
    247884, 250344, 252102, 257411, 258601, 260479, 261991, 264292, 265470, 266077,
    266221, 267214, 269275, 269712, 273583, 277974, 278772, 280113, 282939, 284414,
    285018, 290754, 291682, 293389, 294236, 295437, 301224, 304372, 305691, 306231,
    308221, 313947, 314652, 314758, 318801, 320974, 322092, 322599, 322875, 326507,
    331624, 336649, 337835, 339222, 339952, 342081, 345722, 347389, 351845, 356760,
    362752, 364864, 366658, 367442, 368395, 368873, 371244, 376826, 376870, 378180,
    379544, 387313, 390931, 393577, 393916, 394991, 395478, 398049, 404922, 405182,
    406136, 409295, 409340, 410679, 413480, 415363, 419473, 421305, 422020, 424102,
    426153, 435058, 435732, 436524, 437794, 442219, 442572, 447153, 457669, 457692,
    458300, 458309, 460229, 466786, 468714, 469189, 470136, 473559, 476321, 477474,
    478545, 480980, 483954, 486205, 486644, 486785, 487581, 491294, 494051, 496142,
    498021, 501522, 505712, 506647, 506879, 506935, 511532, 516171, 516526, 517064,
    519092, 522630, 526357, 527333, 529830, 532742, 534824, 535528, 538631, 539211,
    543745, 549180, 549183, 549305, 550488, 552126, 555844, 556109, 561496, 561725,
    562804, 563401, 564895, 567532, 568178, 568870, 571910, 575527, 581898, 583113,
    586675, 587365, 588096, 591276, 591825, 592716, 594081, 597201, 600422, 601095,
    605795, 606989, 608117, 608154, 613729, 614755, 619675, 620806, 622469, 623445,
    624254, 624750, 626231, 626935, 627690, 628062, 628366, 632930, 635741, 636498,
    639405, 642477, 643256, 643535, 645258, 648091, 650086, 650607, 652403, 653030,
    655021, 656682, 657328, 658686, 663022, 663986, 665030, 666411, 667017, 667445,
    671656, 671871, 671958, 672408, 673451, 673762, 676585, 678572, 686456, 689383,
    690979, 692855, 695136, 695950, 697236, 698432, 699718, 703093, 710493, 710504,
    710958, 714528, 717910, 718147, 718252, 718570, 719258, 720093, 720470, 720555,
    722353, 725548, 727139, 727153, 734867, 737567, 739568, 742642, 742946, 745294,
    750921, 750983, 752891, 753370, 753504, 754083, 754741, 759599, 762461, 762699,
    767037, 769793, 771192, 771250, 771518, 771981, 774999, 775476, 778085, 786270,
    786290, 786667, 787732, 791639, 793143, 795280, 797533, 799801, 803455, 806648,
    807058, 809173, 819538, 823375, 823472, 823649, 826087, 828286, 828395, 830187,
    830529, 837830, 841317, 842178, 843038, 849525, 849840, 850477, 851045, 851161,
    852448, 853401, 853904, 856720, 860108, 861951, 865016, 869797, 870359, 871621,
    875940, 876109, 876507, 876720, 877911, 878862, 880565, 882915, 884005, 885726,
    894338, 894637, 895914, 897499, 900291, 900801, 900847, 902386, 908155, 910225,
    911315, 912641, 914773, 917088, 921151, 925415, 925968, 926594, 929063, 929586,
    930791, 931593, 937293, 937619, 938246, 938545, 948315, 949742, 950545, 950643,
    952690, 956198, 958033, 958400, 958817, 963701, 965827, 967288, 968111, 968749,
    970138, 971354, 975039, 975231, 976220, 977858, 978595, 978943, 985601, 989514,
    989872, 994110, 994213, 997059, 998307, 1002233, 1003452, 1003725, 1007434, 1008297,
    1016822, 1017025, 1021329, 1021662, 1022667, 1023425, 1024972, 1026135, 1028246,
    1028317]
  prime: 9999999967
type: mrnaseq
version: '0.2'
