class: sourmash_signature
email: titus@idyll.org
filename: SRR2255622_1.fastq.gz.trimnoV.fq.gz
name: disease mouse
signatures:
- ksize: 16
  md5sum: f1c07794a4ffe756395705431428e8ca
  mins: [0, 147, 1114, 1206, 3021, 3397, 4049, 4119, 4406, 6251, 7125, 8777, 9199,
    11374, 11735, 17452, 17783, 18461, 20544, 20633, 20945, 24045, 24720, 25557, 28444,
    33265, 34261, 35096, 35511, 38018, 38151, 41500, 41805, 42787, 44747, 45736, 46772,
    49483, 52187, 52227, 54167, 54911, 55258, 55954, 57075, 57148, 61591, 62537, 62621,
    63214, 64134, 65082, 66300, 68853, 69347, 71689, 72393, 73454, 76460, 78478, 79930,
    82254, 82510, 83813, 84671, 85981, 88075, 90756, 91031, 91894, 91968, 92551, 94022,
    96234, 96313, 98686, 99814, 102236, 103588, 104415, 104709, 105196, 106797, 108384,
    108642, 109392, 114904, 115086, 118894, 119265, 119602, 122393, 124219, 124710,
    124869, 125376, 125592, 126591, 128414, 129532, 129876, 130165, 133211, 133961,
    134291, 135594, 135930, 136230, 136484, 137356, 137752, 140271, 140692, 140969,
    141746, 143370, 143998, 146788, 148438, 149490, 151000, 151515, 152351, 155485,
    155614, 156464, 157131, 157952, 158184, 160483, 160547, 165284, 165410, 166322,
    168053, 169484, 170057, 174094, 177575, 177733, 177963, 178660, 181552, 182810,
    183596, 185011, 185267, 186282, 188335, 189238, 189472, 189863, 192023, 192297,
    192363, 193222, 194155, 195678, 196754, 197467, 198051, 202821, 204305, 204338,
    204619, 205689, 208523, 210636, 211651, 211673, 212127, 213052, 213115, 213795,
    214545, 215312, 215609, 215731, 217008, 217615, 218727, 220949, 221751, 221969,
    223280, 224387, 225193, 225652, 226481, 227054, 227556, 228211, 231484, 232070,
    232470, 233804, 234517, 234904, 236049, 236086, 236137, 236281, 237704, 238781,
    240003, 241137, 244083, 244347, 248254, 249044, 252598, 252824, 253268, 253719,
    255013, 255657, 255695, 256507, 261000, 262522, 262579, 263131, 265499, 266718,
    267398, 267791, 268256, 268705, 269841, 270378, 271344, 271670, 275219, 275322,
    275381, 275749, 278609, 279095, 281053, 281966, 282792, 283314, 284533, 287457,
    290341, 290905, 291477, 291913, 292933, 293215, 293303, 293452, 294060, 296017,
    297328, 301006, 301372, 303252, 304421, 304492, 305785, 306079, 306273, 306456,
    307437, 307726, 308031, 309818, 311613, 311796, 312149, 312408, 312929, 313476,
    313744, 314163, 316839, 319336, 321520, 323489, 324633, 325301, 325779, 327223,
    330416, 330856, 331607, 334376, 334481, 335676, 336555, 337366, 337453, 337920,
    338040, 338829, 338918, 339057, 339266, 339995, 340690, 342989, 344032, 345298,
    345492, 346082, 346428, 349636, 349933, 352135, 355096, 355202, 356102, 357053,
    357333, 359107, 360415, 361346, 361754, 362156, 364528, 365007, 371026, 371838,
    371944, 374316, 377241, 377344, 378559, 379087, 380025, 380229, 380361, 382508,
    383396, 384818, 385711, 387117, 388811, 389025, 393558, 394365, 394485, 397807,
    403913, 404170, 405845, 407256, 408034, 409856, 410201, 410672, 412697, 414248,
    415286, 415510, 415691, 416141, 418131, 421041, 421068, 421538, 423556, 426946,
    428390, 431433, 431880, 432086, 432749, 433548, 435779, 436412, 436707, 437068,
    438466, 440283, 440290, 440658, 442068, 445708, 446543, 446983, 449432, 451598,
    453620, 456226, 456230, 456240, 457188, 457425, 457682, 458708, 462842, 463034,
    463382, 465330, 466380, 467709, 468294, 469636, 470821, 471498, 471970, 474193,
    474589, 474805, 477743, 477892, 477928, 479504, 481520, 485662, 486459, 486697,
    491116, 492835, 494709, 498357, 499129, 499857, 500423, 501495, 502083, 502581,
    503634, 505292, 505626, 506571, 508159, 509118, 510093, 510362, 511262, 511928,
    512076, 513797, 514007, 514351, 514904, 515673, 518351, 523931, 525167, 525682,
    525922, 527059, 527159, 527919, 527928, 528828, 529052, 529383, 531178, 532404,
    532695, 533469, 533514, 539875, 540967, 543369, 544026, 544551, 545875, 545983,
    548011, 549290, 549856, 551411, 555643, 556262, 556408, 557240, 557383, 560728,
    561260, 565391, 566206, 566937, 567086, 567126, 568509, 569020, 571362, 574294,
    575051, 576387, 577471, 578311, 578687, 578811, 580289, 582043, 582744, 583589,
    584181, 586734, 590739, 591448, 591978, 592355]
  prime: 9999999967
- ksize: 22
  md5sum: 546615deeb439848a4c549652c03dc47
  mins: [0, 2314, 2516, 2789, 6123, 9485, 10330, 10816, 11255, 11849, 13685, 14097,
    14924, 15482, 15799, 15943, 18217, 19523, 20354, 20803, 21838, 22326, 24827, 25802,
    25999, 28870, 30138, 30290, 30404, 33281, 34041, 35221, 35474, 36185, 40076, 43497,
    43653, 43930, 44080, 45144, 50760, 50966, 50981, 53853, 54645, 56600, 57174, 59092,
    60326, 60872, 63629, 63747, 65774, 66258, 67305, 67524, 67608, 69784, 71268, 72360,
    73371, 73830, 76432, 79807, 80104, 80521, 81634, 82584, 84339, 85912, 86454, 87386,
    87884, 87996, 88224, 91109, 91449, 92129, 94477, 95900, 100246, 100937, 102546,
    104337, 104677, 107571, 107719, 107726, 109541, 112475, 114100, 114270, 115000,
    115961, 116145, 117658, 117729, 119351, 119505, 119541, 119919, 121574, 122268,
    122531, 124822, 125589, 127221, 130252, 131663, 132983, 134694, 134817, 135803,
    136536, 136678, 139386, 140094, 141783, 142220, 143507, 145231, 145944, 146070,
    148229, 149124, 150088, 150219, 151465, 151634, 151906, 152839, 156895, 157409,
    157430, 157990, 160329, 160628, 161671, 162408, 165870, 167131, 168042, 169414,
    174413, 174649, 177952, 178125, 182411, 182874, 183495, 183555, 186818, 188003,
    189414, 189486, 190472, 190626, 193951, 194117, 194745, 196413, 196939, 197241,
    197359, 197522, 197874, 198084, 199266, 200028, 201378, 201948, 202848, 203335,
    203848, 205493, 206155, 207078, 207341, 207485, 207534, 210328, 210767, 211523,
    211708, 211772, 214378, 215071, 217297, 217763, 218227, 218537, 219617, 221684,
    222246, 222716, 223987, 224771, 225557, 226278, 227477, 229543, 230550, 231710,
    231906, 233250, 235142, 236309, 237337, 237575, 237754, 238578, 240596, 241081,
    241137, 241924, 244358, 244922, 245175, 245347, 245604, 246192, 246194, 247350,
    247979, 248032, 249240, 250051, 250588, 251366, 251610, 255643, 256390, 257098,
    258532, 259020, 259077, 259422, 261325, 261741, 264454, 267564, 268044, 268537,
    269298, 269331, 271065, 271216, 273306, 274216, 276365, 276644, 276943, 278428,
    278463, 282083, 284171, 287133, 289939, 290144, 291973, 293642, 293917, 294357,
    294786, 294806, 297845, 298039, 298998, 300431, 300473, 300484, 301877, 302948,
    302987, 304457, 304970, 305112, 306807, 308902, 309708, 310644, 311928, 312346,
    312949, 313188, 314078, 315768, 317139, 317325, 317369, 318689, 318819, 319481,
    319707, 324227, 326029, 326862, 327183, 327736, 328153, 330159, 331284, 331774,
    332343, 332395, 332507, 332995, 333401, 338495, 338723, 346420, 347693, 349658,
    354733, 356354, 359013, 360721, 361747, 363315, 363759, 364365, 364386, 364853,
    365489, 367191, 368356, 369712, 370858, 374633, 376428, 376710, 376956, 377441,
    380560, 382746, 383028, 383246, 386033, 386499, 386506, 387823, 390649, 391630,
    392279, 392603, 392969, 394776, 395668, 397060, 397981, 398110, 399460, 400281,
    400998, 402939, 404632, 404775, 404807, 404840, 405877, 411737, 412627, 412940,
    413813, 415224, 416813, 419077, 422581, 424214, 424810, 425081, 426264, 426755,
    427978, 431816, 433369, 433486, 434945, 436035, 436170, 437471, 438593, 443647,
    443767, 446140, 448640, 452285, 452684, 453394, 453629, 453974, 455570, 455705,
    456646, 456716, 457832, 458050, 459204, 460730, 461066, 461555, 464277, 465462,
    467720, 467985, 468736, 470780, 471582, 473284, 474609, 475625, 475984, 476966,
    477099, 480948, 484295, 486087, 487068, 487747, 487841, 488501, 490239, 491384,
    492201, 492711, 494787, 497398, 498700, 499972, 501511, 503904, 504926, 505565,
    507929, 509038, 509416, 509892, 513513, 514624, 518250, 518336, 520326, 520539,
    521262, 521424, 521662, 526399, 528082, 528369, 529227, 531660, 531768, 532637,
    532705, 535767, 537154, 537392, 539681, 539789, 540638, 541237, 542768, 543571,
    543823, 544262, 546102, 546220, 548334, 548832, 548867, 550571, 550606, 550988,
    551242, 551411, 554319, 554578, 554739, 556075, 557831, 564417, 565149, 565387,
    565636, 568528, 569599, 572138, 574743, 575700, 579476, 580395, 580468, 581533,
    582801, 583743, 584572, 585748, 587157, 587392, 587814]
  prime: 9999999967
- ksize: 31
  md5sum: 4713267356cbd8d831eac714a8565419
  mins: [823, 2085, 2980, 5675, 6431, 8055, 9155, 9280, 10319, 10522, 11057, 12938,
    15087, 17436, 18377, 19652, 19867, 20848, 21185, 22702, 24427, 24452, 25703, 25927,
    26066, 29473, 31511, 32111, 32524, 33307, 34796, 41587, 42051, 43884, 45590, 45887,
    47731, 48417, 49785, 50786, 53699, 54037, 54220, 56008, 59860, 59940, 60727, 60788,
    61685, 62172, 62258, 62413, 63571, 66611, 69003, 69795, 70227, 70569, 71052, 71918,
    74066, 74221, 76297, 82491, 83266, 83471, 84247, 85547, 85925, 86195, 86559, 87101,
    88444, 89035, 89799, 92550, 93335, 94878, 97871, 98130, 100022, 102125, 103304,
    103792, 104077, 106267, 108869, 109805, 110188, 111052, 113534, 113901, 114552,
    115372, 115787, 116230, 117969, 118130, 118688, 119242, 119380, 119862, 120561,
    120797, 121116, 121468, 122320, 122492, 122974, 124888, 126092, 126771, 126803,
    127962, 131947, 133064, 133859, 133906, 135232, 135591, 135831, 137074, 138071,
    138883, 139371, 139768, 140441, 142495, 143356, 146138, 146696, 148102, 148585,
    149589, 150092, 151426, 152809, 152826, 153547, 155504, 155875, 159068, 163165,
    163453, 163511, 164508, 165362, 165988, 167093, 167827, 169912, 170632, 171318,
    175651, 176309, 178114, 178450, 178615, 178806, 178954, 182602, 183942, 184259,
    184434, 186978, 188308, 193316, 195280, 195647, 196748, 199049, 199595, 204366,
    205431, 210333, 213376, 218502, 218812, 219820, 220299, 226424, 227047, 227170,
    227888, 228364, 228507, 229563, 229705, 229976, 231337, 231838, 233218, 236276,
    238000, 239603, 239914, 240411, 241534, 241590, 242827, 243091, 244883, 245445,
    246119, 247013, 248491, 248532, 251751, 252572, 253578, 254412, 256462, 257171,
    258822, 261119, 261741, 261874, 263112, 264695, 268364, 269723, 272999, 273034,
    273886, 274738, 274886, 278247, 278429, 284316, 284759, 285115, 287645, 288237,
    290186, 291425, 291493, 291732, 293219, 294589, 295648, 296364, 297537, 302808,
    303732, 306253, 307281, 307620, 308218, 308528, 309768, 312158, 312210, 314192,
    314598, 317128, 317604, 319840, 320006, 321777, 322222, 323645, 325321, 330114,
    331299, 333907, 335518, 337794, 339126, 339186, 340174, 340433, 340505, 341868,
    343308, 344628, 344696, 346849, 355159, 355200, 356804, 357164, 358360, 360083,
    360129, 360888, 361425, 362012, 362739, 364836, 367037, 367199, 367205, 367613,
    370288, 370365, 375128, 375172, 376833, 379567, 382087, 384020, 384495, 386218,
    387627, 388676, 389558, 391935, 394232, 394533, 394869, 395342, 397232, 397506,
    397654, 398785, 400306, 400844, 403385, 403471, 403533, 405368, 406618, 408724,
    409110, 411451, 412093, 412830, 413043, 414112, 416800, 417492, 417879, 418970,
    419993, 420928, 424597, 425461, 426057, 428716, 432442, 432556, 432670, 433545,
    434055, 435135, 437185, 438037, 441292, 444134, 444810, 446810, 449587, 451571,
    452819, 454247, 454544, 455408, 455415, 456892, 458931, 459158, 459323, 459893,
    460664, 460775, 462964, 463092, 467933, 468627, 470848, 473728, 473821, 473993,
    474080, 475091, 478016, 479643, 480050, 482372, 483835, 483899, 484633, 485371,
    486976, 489991, 490330, 491034, 493944, 495547, 497818, 498752, 500101, 500279,
    501911, 502952, 503672, 509067, 509179, 509596, 511072, 511364, 512618, 513987,
    514223, 515186, 515618, 515892, 515906, 518696, 519739, 520389, 522279, 522795,
    523313, 523768, 526146, 526380, 526411, 526496, 526614, 526906, 530160, 530945,
    531153, 532278, 532861, 533212, 533650, 535343, 536501, 540566, 543734, 543901,
    544386, 549236, 550222, 555309, 556284, 558440, 558458, 559074, 559405, 561314,
    562125, 562210, 562744, 562779, 564365, 566313, 569894, 572029, 572378, 576648,
    577163, 577187, 578570, 578663, 578786, 581643, 584277, 584376, 585449, 587028,
    587044, 588121, 588806, 590733, 591297, 591407, 593058, 595249, 595477, 596655,
    596705, 598618, 599254, 601432, 601751, 603136, 606484, 607956, 609786, 610691,
    611114, 616806, 617859, 617984, 622456, 627188, 628061, 629570, 629795, 635800,
    637013, 637960, 639482, 639489, 640132, 641891, 641907]
  prime: 9999999967
- ksize: 32
  md5sum: 9a2d4a36493c5388f47392313dd8b50e
  mins: [0, 219, 493, 1114, 3488, 10315, 12927, 13967, 14196, 18704, 18716, 20333,
    21377, 22065, 24651, 24890, 28075, 28187, 28986, 29703, 29789, 31264, 32621, 32795,
    33205, 34433, 35694, 36472, 37425, 38216, 40596, 42268, 44060, 44192, 45473, 46435,
    46795, 46932, 49837, 52478, 52737, 53619, 53720, 57979, 59430, 62195, 62525, 63803,
    64007, 64175, 65297, 67838, 70607, 72501, 72539, 73568, 73702, 76043, 76289, 77153,
    77428, 78331, 78604, 80274, 80494, 84094, 85668, 85900, 92710, 94552, 95302, 96020,
    96941, 97844, 98012, 98095, 99780, 99959, 100169, 101240, 101897, 102984, 103027,
    103630, 104727, 105316, 106452, 107817, 109303, 113165, 114509, 115743, 115758,
    118181, 118758, 121242, 122382, 123461, 126244, 126248, 126742, 127362, 131576,
    131845, 132151, 133046, 133515, 133557, 134407, 134534, 135794, 136346, 140666,
    141629, 142143, 142621, 143143, 143696, 144508, 144711, 145692, 146372, 150173,
    150316, 150554, 150908, 155456, 158962, 158965, 159164, 159299, 160031, 160458,
    160855, 162466, 162563, 162571, 163427, 165163, 165681, 166704, 167302, 167398,
    169198, 170498, 170564, 170827, 171695, 172343, 174402, 176755, 179274, 182209,
    187932, 191001, 191113, 192381, 192447, 194374, 196346, 196628, 197976, 201906,
    202084, 202579, 202728, 203243, 204380, 205877, 206670, 207257, 209741, 212878,
    214878, 215524, 215628, 215768, 216678, 217013, 218352, 218882, 220968, 221024,
    222587, 222982, 224722, 224918, 225856, 227900, 228262, 230681, 231906, 233413,
    233835, 235305, 235941, 236866, 237576, 238488, 239869, 241168, 241612, 242329,
    243350, 243355, 243358, 243625, 249040, 249248, 250841, 254057, 254639, 257375,
    259549, 260595, 261075, 261321, 261839, 261991, 264129, 265496, 266122, 267097,
    267214, 267456, 271109, 271776, 271810, 272257, 273264, 273930, 274323, 275200,
    277612, 278675, 279079, 280165, 281338, 283330, 284414, 285018, 287043, 288503,
    290187, 293484, 293778, 293974, 294253, 294834, 299831, 301224, 301434, 301999,
    305691, 308293, 310130, 311089, 312902, 313947, 314975, 317016, 320364, 320974,
    321558, 322072, 322452, 322875, 325977, 326507, 328621, 329191, 331624, 333144,
    333303, 334532, 335014, 335046, 335216, 336037, 336649, 336946, 337996, 338470,
    340165, 340529, 343943, 344117, 345722, 345928, 348199, 349845, 351845, 354407,
    354421, 355667, 358379, 360231, 361169, 364800, 365117, 365785, 366566, 367234,
    368597, 368717, 369472, 371738, 371860, 372242, 372541, 372895, 373513, 375309,
    379636, 380398, 382095, 383295, 383981, 386555, 390931, 391102, 391251, 391270,
    391413, 393916, 395225, 395478, 396092, 396291, 396973, 398003, 399379, 399427,
    399471, 399608, 401750, 402352, 406810, 407398, 408635, 412602, 413480, 414744,
    415363, 415450, 416490, 418093, 419954, 420922, 421145, 423617, 423737, 425013,
    425217, 425714, 426055, 431050, 431191, 431904, 438396, 438876, 439987, 440487,
    441897, 442219, 443927, 443998, 446524, 446848, 447091, 449262, 449855, 450415,
    451116, 452705, 453181, 453454, 455896, 456969, 457206, 458300, 458309, 459170,
    460698, 462990, 463215, 464718, 465783, 466122, 467073, 467496, 470218, 471219,
    471494, 475629, 476321, 476899, 480520, 482517, 483481, 483980, 483999, 485059,
    487581, 489525, 490088, 491092, 492998, 493109, 493401, 493876, 494693, 495540,
    501233, 501720, 503030, 504425, 506879, 506935, 508067, 508814, 511125, 511532,
    511655, 512104, 512193, 512439, 513701, 513867, 514506, 515085, 515776, 518147,
    520315, 523553, 529830, 530895, 532195, 533217, 534793, 535528, 536786, 536887,
    539159, 540340, 540352, 541341, 542557, 542822, 542892, 543021, 543339, 543745,
    543783, 545150, 547282, 548900, 551069, 555844, 556109, 556251, 559613, 560896,
    561496, 561562, 563083, 563401, 564722, 564895, 565962, 566227, 568108, 568778,
    568870, 569569, 570112, 570126, 570805, 573154, 574050, 575625, 575891, 577267,
    578028, 578724, 579023, 583455, 583908, 585189, 585919, 586833, 590228, 590691,
    591276, 592250, 592511, 592716, 594018, 594918, 595648]
  prime: 9999999967
type: mrnaseq
version: '0.2'
