class: sourmash_signature
email: titus@idyll.org
filename: SRR2060939_1.fastq.gz.trimnoV.fq.gz
name: house mouse
signatures:
- ksize: 16
  md5sum: 55a451e4077b0dbfbf47a71682620791
  mins: [0, 9, 69, 123, 147, 576, 2416, 4119, 4406, 4545, 5139, 7125, 7128, 7222,
    8560, 10730, 11374, 11696, 13074, 15176, 18461, 19070, 19501, 20633, 21062, 21469,
    28444, 29864, 33265, 33448, 34058, 34261, 37256, 38018, 41500, 42947, 43101, 45736,
    46772, 47206, 48101, 50128, 50228, 53069, 53793, 53891, 54167, 54970, 55783, 56676,
    57075, 57148, 58173, 58284, 61591, 62581, 63214, 63798, 64134, 64458, 64758, 65082,
    66074, 67205, 67875, 68170, 68673, 68801, 69347, 69872, 71326, 73454, 74129, 74479,
    75223, 75346, 76329, 77075, 78478, 79008, 80593, 80829, 81720, 83813, 84471, 85981,
    86683, 87563, 90121, 90576, 90756, 90784, 91968, 93792, 94660, 94872, 95269, 95825,
    97747, 98630, 101047, 102236, 103183, 103580, 103588, 104709, 104982, 105327,
    105706, 106797, 108642, 110252, 110648, 112213, 113340, 114569, 114904, 115224,
    115764, 116204, 116688, 118479, 118621, 119348, 119602, 121487, 121772, 122964,
    123402, 123629, 123841, 124869, 125376, 125592, 130165, 132927, 133435, 134291,
    134568, 135091, 135280, 136189, 136230, 136484, 138331, 140035, 140271, 140283,
    140969, 141509, 143216, 144170, 146788, 146863, 149799, 150455, 151515, 151886,
    151959, 154765, 159210, 160023, 160547, 162323, 164695, 165378, 166197, 166769,
    169559, 170412, 171321, 172906, 176058, 177048, 177597, 178128, 178660, 181666,
    182701, 182723, 183268, 183596, 185837, 188202, 189238, 189472, 189616, 190188,
    190326, 192023, 193363, 194155, 195733, 197643, 199292, 199807, 202392, 202483,
    205237, 208523, 208722, 210792, 212139, 214401, 215731, 216018, 217008, 221373,
    221602, 221751, 222140, 222503, 223280, 223983, 224387, 225324, 225652, 225660,
    226481, 227430, 228082, 228351, 230281, 232070, 232470, 235247, 237704, 237751,
    238871, 239044, 242322, 243659, 245118, 245221, 246726, 248254, 249044, 249140,
    250656, 251194, 251421, 251555, 252598, 253728, 254143, 254258, 255363, 255657,
    256041, 256709, 257234, 258164, 258663, 261240, 261707, 261922, 262522, 262823,
    263131, 263317, 263804, 265499, 265592, 265605, 267392, 267398, 268313, 268705,
    269912, 270378, 270810, 271344, 273617, 273929, 275322, 275763, 276928, 277112,
    277127, 278609, 278843, 279529, 281265, 281277, 281547, 283209, 283213, 283928,
    285286, 285667, 291510, 291913, 292933, 293215, 294060, 294668, 294943, 296017,
    296631, 299670, 303252, 304055, 304428, 304565, 305785, 306273, 306456, 306584,
    307359, 307583, 307726, 308245, 310411, 311184, 311492, 312087, 312929, 313753,
    314610, 314995, 317076, 318331, 319712, 320381, 321513, 322118, 322885, 323489,
    324633, 325972, 326128, 329192, 329802, 333337, 334020, 334121, 334135, 334297,
    335676, 337366, 337453, 337920, 339266, 340098, 343226, 345492, 346428, 346894,
    348535, 349933, 350045, 352135, 353221, 355067, 357333, 358193, 359077, 359107,
    359218, 359434, 361346, 361754, 362972, 364078, 366452, 367458, 369313, 369570,
    369790, 369875, 371017, 373225, 373655, 374132, 374316, 375554, 376314, 376573,
    377556, 377967, 378641, 381885, 383396, 383813, 386694, 387117, 388811, 389025,
    390967, 391334, 392367, 394628, 394754, 395394, 396935, 397221, 399169, 400648,
    401794, 403681, 404776, 405845, 407401, 408640, 409266, 410201, 411257, 412697,
    412907, 415286, 415510, 417467, 417476, 418131, 419345, 420987, 421041, 421068,
    421538, 421641, 422432, 423556, 423662, 425317, 425630, 426381, 426444, 427147,
    427402, 431433, 431588, 431880, 432574, 433548, 434226, 434783, 435303, 435779,
    436412, 437068, 437337, 440290, 441272, 443013, 446781, 446983, 452797, 453166,
    453620, 454388, 455735, 456226, 456230, 456240, 456860, 458868, 459434, 460077,
    460389, 461227, 463034, 463382, 463631, 464317, 468103, 468294, 471498, 471519,
    472140, 473427, 473922, 474374, 474805, 475067, 476241, 477063, 477743, 477928,
    480901, 480956, 481158, 483249, 484590, 484659, 484993, 485376, 485504, 485580,
    485662, 485934, 486697, 487903, 488968, 489380, 491796, 494861, 495182, 499588,
    500012, 500048]
  prime: 9999999967
- ksize: 22
  md5sum: 2335f9a47be80e20498f6075006dd49e
  mins: [0, 359, 1062, 1108, 1114, 1897, 2485, 3257, 3884, 6123, 6249, 6355, 6571,
    7050, 7481, 7523, 9485, 10666, 11177, 11688, 12880, 13267, 13295, 13685, 14097,
    15692, 15943, 16354, 18178, 18217, 19523, 20016, 20354, 20680, 20803, 21344, 23776,
    23944, 24827, 25073, 25768, 26205, 27178, 28870, 29265, 31380, 31584, 32284, 35221,
    36191, 39842, 41479, 43653, 43930, 45144, 50832, 51393, 51936, 53353, 53853, 55140,
    55399, 55593, 56717, 60058, 60087, 60326, 60560, 60800, 60872, 62932, 63747, 64121,
    66167, 67305, 67524, 71070, 71268, 71840, 71911, 72286, 72492, 73371, 76448, 76571,
    77370, 79379, 80521, 81634, 82584, 82940, 83225, 84539, 85159, 86454, 86679, 88224,
    90030, 91014, 91211, 91238, 92772, 93701, 96495, 96748, 97578, 98997, 99427, 100051,
    100246, 100937, 102999, 104337, 104677, 105426, 105816, 106556, 107726, 109213,
    111364, 111401, 113678, 114506, 115666, 116896, 118749, 119541, 119618, 119919,
    120950, 122357, 122647, 124270, 127748, 130252, 130337, 131663, 132249, 132983,
    135318, 135780, 135817, 136678, 137116, 141762, 141813, 142202, 142220, 142261,
    142508, 142760, 144446, 144752, 145231, 145961, 147502, 147550, 148459, 150088,
    150219, 151676, 152839, 153481, 154952, 155479, 156160, 157745, 158604, 159214,
    159272, 162895, 165559, 165870, 166685, 167911, 169414, 169637, 169950, 170292,
    171830, 172044, 173607, 174649, 174711, 174805, 177408, 178298, 179022, 180758,
    181368, 182874, 183555, 185248, 186818, 187577, 187757, 189585, 190102, 190386,
    190472, 190626, 190963, 191132, 194117, 194321, 196413, 197874, 198084, 199266,
    199291, 199933, 200028, 200743, 201378, 201656, 202848, 204979, 205633, 205697,
    205722, 206016, 207485, 207534, 211772, 212746, 214107, 214378, 215960, 216960,
    217733, 218227, 219619, 221684, 222842, 224214, 225357, 226278, 226591, 226606,
    227547, 230550, 233250, 234637, 234976, 235142, 236897, 237180, 237658, 239288,
    241137, 241924, 242035, 245571, 245604, 246192, 246614, 247222, 249117, 249350,
    249569, 250393, 251582, 251610, 252820, 253838, 258532, 259077, 261325, 261736,
    264854, 264927, 268288, 268879, 269752, 271065, 273306, 274026, 274070, 274075,
    275115, 275954, 278394, 278428, 278463, 278675, 280251, 280309, 280926, 282083,
    282696, 283421, 283466, 286493, 288239, 288433, 288587, 290129, 290933, 291973,
    292002, 292347, 292862, 293917, 294041, 294516, 298039, 299462, 299783, 301877,
    301914, 302768, 302898, 302948, 302987, 303665, 305959, 308545, 308902, 309214,
    309708, 312346, 312639, 312949, 313673, 313897, 315092, 315877, 316291, 316371,
    317369, 318689, 318819, 319832, 321454, 323384, 323598, 327183, 329738, 330566,
    331188, 332343, 332395, 332599, 332822, 332995, 333179, 333431, 338174, 338342,
    338434, 338495, 341164, 341765, 342544, 342692, 346181, 346353, 347693, 349232,
    349554, 350177, 355014, 356333, 357350, 357737, 358232, 359013, 360721, 362527,
    362971, 363054, 363297, 363759, 363921, 364140, 364386, 368282, 369484, 369945,
    370574, 373461, 376956, 377441, 377632, 378285, 378897, 379144, 380090, 380104,
    382464, 383641, 385049, 385758, 385862, 386033, 386534, 388024, 388607, 389923,
    390655, 392603, 392969, 393249, 394444, 395668, 395701, 396614, 399345, 399360,
    399489, 400281, 400998, 401068, 401708, 402939, 404807, 404840, 408660, 408702,
    408901, 412627, 414289, 415809, 416813, 422584, 423105, 424694, 424810, 425081,
    425789, 429340, 429497, 431816, 433486, 433896, 434164, 434271, 435122, 436035,
    436070, 436170, 437889, 438054, 438589, 439947, 442593, 443647, 444335, 444483,
    446140, 448640, 451955, 452006, 452308, 452684, 453797, 455373, 455570, 455705,
    455758, 456125, 456186, 456418, 456716, 457775, 459075, 459420, 461577, 462081,
    463479, 464156, 464746, 465462, 466167, 467512, 467985, 468531, 468736, 469817,
    470331, 470387, 472223, 472585, 472654, 473284, 475984, 476966, 477099, 478539,
    485389, 487747, 488501, 488617, 489956, 490833, 490876, 490899, 492431, 492497,
    492711]
  prime: 9999999967
- ksize: 31
  md5sum: 3f5c795e5afcfcd39f1bd171b86a00be
  mins: [580, 2085, 2894, 6305, 6431, 7481, 8662, 9489, 9694, 10709, 11057, 12938,
    13217, 13523, 14654, 15028, 15374, 17085, 17371, 18156, 19686, 20848, 21185, 21760,
    22415, 22646, 22782, 24452, 25703, 26066, 26873, 28296, 29506, 30911, 32111, 32524,
    33202, 33318, 34566, 35195, 35577, 41810, 42295, 42498, 42925, 45887, 46634, 48627,
    49253, 50286, 50786, 52172, 52717, 52843, 56498, 57712, 59860, 59940, 61587, 62258,
    63265, 63571, 66611, 69003, 70029, 70569, 71010, 74221, 74721, 76806, 77055, 77216,
    79318, 79797, 80069, 80210, 80299, 81974, 82284, 82491, 82532, 84955, 86195, 86559,
    87101, 88569, 88795, 89799, 91120, 91238, 91381, 93076, 93335, 94835, 94878, 96186,
    97871, 100022, 100621, 101318, 102539, 103272, 103304, 106059, 108043, 108523,
    109537, 109634, 109805, 109969, 110229, 111164, 112069, 112198, 113293, 113534,
    113707, 113901, 116709, 119094, 119241, 119380, 119862, 120568, 120797, 122016,
    122345, 122492, 123185, 123770, 125075, 125576, 126092, 126407, 127826, 128527,
    130811, 133728, 133906, 133964, 135232, 135828, 136762, 137074, 137750, 138057,
    138247, 139371, 140357, 143027, 143654, 143720, 145009, 146138, 147847, 148102,
    148585, 148842, 148883, 150092, 151290, 151426, 152231, 152826, 153888, 156562,
    157505, 158366, 158470, 160689, 162730, 166083, 167093, 168297, 171338, 172687,
    177062, 178421, 178450, 179208, 182416, 183136, 184404, 186978, 188196, 188308,
    188485, 190266, 192128, 192518, 194960, 195285, 195647, 198073, 199313, 200589,
    200696, 201058, 201361, 203587, 207714, 207816, 209048, 209304, 209494, 210266,
    210742, 211898, 212573, 212629, 212773, 215683, 215764, 216570, 218812, 218938,
    218958, 218961, 220017, 222004, 224717, 224852, 225019, 226497, 227170, 228294,
    228407, 228507, 228614, 229705, 229976, 231337, 232188, 233218, 233738, 235375,
    235474, 236276, 237233, 240583, 240734, 241531, 241534, 241590, 243091, 243613,
    244883, 245445, 245888, 246119, 247411, 248019, 252572, 254412, 256033, 256462,
    258754, 258791, 259219, 259420, 260703, 262291, 263316, 264695, 266344, 267318,
    268364, 269469, 270986, 274233, 275099, 276240, 276384, 276982, 284759, 284788,
    285312, 285943, 286394, 287645, 288864, 290033, 290231, 290275, 291512, 293680,
    294512, 295981, 296851, 299322, 299966, 302548, 303422, 303732, 306253, 310074,
    312158, 312987, 313756, 314019, 315267, 316502, 316581, 320006, 320061, 321579,
    321731, 321777, 323058, 323645, 324725, 326256, 326314, 326898, 326927, 327382,
    329378, 329907, 330114, 330980, 331086, 333907, 337756, 337870, 338827, 339186,
    339860, 340174, 340702, 342797, 342823, 343022, 343487, 343777, 343795, 346475,
    347643, 350456, 351937, 352041, 352582, 353367, 354127, 354705, 356697, 358165,
    358360, 358475, 358550, 361413, 362573, 362739, 363259, 363437, 364774, 365698,
    367037, 367458, 367630, 367716, 370288, 370803, 370837, 375916, 376754, 376789,
    377092, 377201, 377372, 379323, 379567, 379859, 382420, 382604, 384020, 385690,
    386409, 387809, 387899, 388311, 389576, 391635, 393604, 394275, 396694, 397232,
    397654, 398515, 399454, 400820, 401572, 403879, 404071, 404903, 405250, 406206,
    406237, 407194, 407942, 410851, 411796, 412093, 412963, 413043, 415066, 415437,
    415540, 415837, 416569, 417282, 417313, 417492, 419946, 421130, 421325, 422235,
    424441, 425883, 426014, 426996, 427106, 428600, 429141, 430333, 431365, 431432,
    431963, 432556, 432670, 434055, 434892, 436222, 437605, 440572, 442299, 442980,
    444134, 444429, 444862, 447506, 449055, 449567, 451571, 452758, 452819, 453690,
    454961, 455994, 456137, 457278, 457499, 458455, 458913, 462563, 462964, 464224,
    465172, 466448, 466901, 467608, 468816, 473274, 473728, 473776, 473821, 474320,
    475091, 476128, 476599, 478016, 478628, 479643, 481078, 482372, 482689, 482754,
    483481, 484602, 488398, 489328, 489395, 490927, 491146, 495400, 495547, 496503,
    497078, 498378, 498752, 498769, 501911, 502525, 505323, 507690, 508757, 509067,
    509596, 512618, 513987, 514265]
  prime: 9999999967
- ksize: 32
  md5sum: 53106c8eb31cd4a0e25417879617477f
  mins: [0, 219, 285, 1195, 3029, 3426, 4562, 6047, 9308, 10011, 10315, 11016, 11224,
    11411, 12550, 12927, 14196, 14780, 17699, 17734, 18149, 18560, 18704, 19003, 19722,
    21126, 21446, 21467, 22121, 22972, 24922, 25417, 25634, 25696, 26018, 26083, 27226,
    27281, 27543, 30016, 30402, 30554, 30768, 31729, 32186, 32317, 32658, 32795, 34459,
    34504, 35544, 36472, 36899, 38216, 38916, 39283, 39635, 40596, 40635, 43105, 44192,
    45799, 46435, 46620, 47560, 47783, 48336, 49278, 50551, 52235, 52278, 53491, 53840,
    54264, 56295, 57855, 58444, 59430, 59573, 59727, 60468, 60858, 61232, 61421, 62013,
    64107, 65347, 65696, 67558, 69405, 70607, 70982, 71039, 71546, 74703, 76289, 76492,
    77153, 78133, 78331, 80353, 81251, 83434, 84007, 84317, 85668, 87425, 88722, 89005,
    93146, 93238, 94524, 95277, 95302, 96941, 97844, 98012, 98918, 99401, 99627, 99707,
    99780, 100169, 101240, 102382, 103027, 103630, 106779, 107657, 107817, 107857,
    108836, 109664, 111866, 114609, 114907, 115225, 115743, 118691, 120738, 121233,
    122589, 123143, 124405, 126244, 127362, 127771, 130170, 131845, 132696, 133515,
    133557, 137033, 138130, 140666, 141629, 142621, 145711, 146064, 146224, 146376,
    146589, 148024, 148641, 149265, 149722, 150554, 150900, 151120, 151808, 152109,
    152231, 153020, 153394, 155728, 156067, 157494, 161135, 163146, 163427, 166704,
    166911, 167302, 167398, 168201, 168815, 169198, 169285, 169735, 171371, 171465,
    172227, 172343, 174922, 175395, 178782, 179576, 180763, 182117, 182209, 182489,
    182526, 184679, 185344, 187932, 189347, 191113, 191872, 193254, 194395, 194407,
    197012, 197098, 197976, 198602, 199886, 201906, 202043, 202579, 205412, 206380,
    207220, 207822, 208904, 209053, 209421, 210442, 210916, 212277, 212878, 214579,
    220287, 220969, 222296, 222587, 222982, 223161, 223203, 224722, 225856, 227813,
    228262, 229157, 232901, 233760, 234645, 235305, 235488, 236156, 236866, 238488,
    238518, 239393, 242329, 243625, 243657, 244028, 244256, 244555, 244970, 245874,
    246275, 246805, 247884, 248154, 250344, 252102, 254969, 256126, 257375, 257411,
    258016, 258601, 260479, 261613, 261991, 264129, 264292, 265453, 265470, 266077,
    266122, 266221, 267097, 267214, 267288, 268846, 269275, 269712, 272195, 272241,
    273042, 273583, 276741, 277612, 277974, 278772, 279101, 280113, 280649, 281730,
    282939, 284414, 285018, 286543, 287950, 289041, 290171, 290754, 291682, 293389,
    294236, 294397, 295437, 296875, 300802, 301224, 302857, 302963, 304372, 305691,
    306231, 308221, 312893, 313947, 314313, 314652, 314758, 314975, 315537, 316089,
    316730, 318593, 318801, 320974, 322092, 322149, 322599, 322875, 324919, 326507,
    331624, 331778, 331786, 334016, 334955, 335788, 336649, 337835, 338259, 339074,
    339222, 339929, 339952, 341942, 342081, 343096, 344223, 345722, 347389, 350187,
    350882, 350931, 351093, 351800, 351845, 356760, 359998, 362752, 363637, 364864,
    366566, 366658, 367442, 368395, 368597, 368873, 369108, 371002, 371244, 372538,
    372748, 373175, 373513, 376821, 376826, 376870, 378180, 378362, 379544, 382810,
    383275, 387170, 387313, 390931, 391085, 393577, 393916, 394991, 395478, 396533,
    398024, 398049, 398131, 404922, 405140, 405182, 406136, 406810, 409099, 409295,
    409340, 410679, 412510, 412837, 413480, 413846, 415363, 415450, 419473, 419615,
    421305, 422020, 424102, 425296, 425566, 426055, 426153, 432336, 432745, 433989,
    435732, 437065, 437794, 438442, 441443, 442219, 442312, 442572, 447054, 447153,
    448938, 449142, 450002, 450376, 452948, 454987, 456413, 457669, 457692, 458300,
    458309, 459685, 460229, 460867, 465204, 465599, 465783, 466786, 468714, 469189,
    470136, 473289, 473559, 476166, 476321, 477184, 477474, 478545, 479225, 479754,
    480803, 480980, 482517, 483189, 483954, 484385, 485546, 486205, 486644, 486785,
    487581, 490705, 491294, 492206, 493876, 494051, 495494, 496142, 497181, 498021,
    501522, 502209, 504158, 505712, 506647, 506879, 506935, 507639, 511532]
  prime: 9999999967
type: mrnaseq
version: '0.2'
