class: sourmash_signature
email: titus@idyll.org
filename: SRR2255622_1.fastq.gz.trimnoV.fq.gz
name: disease mouse
signatures:
- ksize: 16
  md5sum: eda5c76d64dfbd06b18ebe7a65bb1943
  mins: [0, 1114, 1206, 3397, 8777, 9199, 11374, 18461, 20544, 24045, 33265, 34261,
    38018, 41500, 42787, 49483, 54167, 54911, 55258, 57075, 57148, 61591, 62537, 62621,
    63214, 64134, 65082, 68853, 69347, 73454, 83813, 88075, 91968, 94022, 96313, 99814,
    102236, 103588, 104415, 105196, 106797, 108384, 108642, 109392, 114904, 115086,
    118894, 122393, 124869, 126591, 129876, 133211, 133961, 135594, 136230, 136484,
    137752, 140271, 140692, 143998, 146788, 148438, 151515, 157952, 160483, 160547,
    170057, 174094, 177575, 181552, 182810, 183596, 185011, 185267, 186282, 189238,
    189472, 192023, 192297, 192363, 194155, 198051, 202821, 204305, 204338, 205689,
    208523, 211651, 212127, 213115, 214545, 215609, 215731, 217008, 220949, 221751,
    223280, 225193, 225652, 226481, 228211, 232070, 232470, 234904, 236049, 236137,
    236281, 244083, 244347, 248254, 249044, 252824, 253719, 255657, 261000, 262579,
    263131, 265499, 266718, 267791, 268705, 270378, 271670, 275219, 275381, 279095,
    281053, 281966, 282792, 284533, 290341, 290905, 291477, 291913, 293215, 294060,
    296017, 297328, 301006, 304421, 305785, 306079, 306273, 312149, 313476, 319336,
    321520, 325301, 327223, 330416, 330856, 331607, 334376, 336555, 337453, 338829,
    339057, 339266, 342989, 346428, 349933, 352135, 355202, 356102, 357053, 357333,
    360415, 361346, 361754, 362156, 365007, 371838, 371944, 374316, 377344, 380025,
    383396, 397807, 404170, 405845, 410201, 410672, 412697, 415286, 418131, 421041,
    421068, 421538, 423556, 431433, 432086, 432749, 433548, 435779, 436412, 437068,
    440290, 445708, 451598, 453620, 456230, 457188, 457682, 463034, 463382, 465330,
    469636, 477743, 486459, 491116, 492835, 494709, 498357, 499129, 500423, 501495,
    502083, 505626, 506571, 508159, 510093, 510362, 511262, 511928, 512076, 513797,
    514007, 514351, 514904, 518351, 525167, 527059, 527159, 527928, 528828, 529052,
    532404, 532695, 539875, 548011, 555643, 556262, 557240, 560728, 565391, 566206,
    566937, 567086, 568509, 569020, 574294, 575051, 578311, 578811, 582744, 583589,
    584181, 591978, 592970, 595349, 601320, 602759, 604212, 605201, 606869, 606990,
    608744, 609738, 610210, 610313, 611027, 611880, 615401, 615606, 619142, 620401,
    624298, 624760, 625952, 627073, 630560, 633769, 636007, 640853, 641122, 644293,
    653390, 655985, 664658, 665109, 669166, 669841, 671405, 672866, 677649, 679776,
    681230, 689410, 690488, 692726, 695086, 698966, 705710, 716972, 717076, 719310,
    719703, 719748, 720513, 722650, 725398, 726006, 732772, 735662, 740663, 740771,
    742711, 744516, 748146, 751634, 752649, 758176, 758215, 758745, 759571, 761869,
    766906, 775121, 776626, 776717, 778474, 779049, 779293, 786836, 789136, 792165,
    808912, 810283, 813727, 814589, 823344, 823580, 832050, 834114, 842148, 842889,
    842926, 844617, 852998, 857463, 857537, 857818, 857863, 860619, 860733, 862317,
    865125, 869610, 879945, 882112, 883014, 885052, 885579, 888388, 895111, 898624,
    898910, 901322, 911159, 911660, 916006, 916759, 918506, 919476, 919633, 920191,
    927672, 928572, 931450, 931568, 933294, 934562, 940389, 941646, 948994, 954160,
    957299, 957633, 958152, 972020, 975385, 983015, 983039, 984282, 990022, 993599,
    994497, 998138, 999325, 1001199, 1003342, 1004944, 1009607, 1016266, 1017934,
    1018489, 1019274, 1020560, 1022533, 1022564, 1028084, 1029412, 1031834, 1036421,
    1041223, 1048491, 1050770, 1056634, 1057005, 1060889, 1063107, 1064226, 1067768,
    1068129, 1071790, 1076845, 1078121, 1078510, 1079126, 1081161, 1081352, 1093428,
    1101413, 1102770, 1109685, 1111583, 1114760, 1115147, 1120420, 1121243, 1121310,
    1122856, 1124199, 1126571, 1126936, 1128894, 1130161, 1131200, 1135452, 1136727,
    1138392, 1139759, 1140857, 1141199, 1141937, 1143263, 1145954, 1146209, 1148205,
    1154403, 1154959, 1154970, 1157314, 1157932, 1159587, 1159982, 1160666, 1161150,
    1162425, 1162761, 1165233, 1167042, 1168509, 1168696, 1173380, 1177043, 1179013,
    1186542, 1186567, 1192138, 1192745, 1193303, 1193815, 1197493, 1198395, 1201329,
    1203060, 1204316, 1205134, 1210982, 1211139, 1215226, 1216606, 1217759, 1220368,
    1222191, 1224383, 1226417, 1229117, 1232813]
  prime: 9999999967
- ksize: 22
  md5sum: c911565f3331188cd8fc09c8f4d83665
  mins: [0, 2789, 6123, 9485, 10816, 14097, 14924, 15482, 15943, 18217, 19523, 20354,
    20803, 21838, 24827, 25802, 25999, 28870, 33281, 34041, 35221, 35474, 36185, 43497,
    43930, 45144, 50760, 50966, 50981, 53853, 54645, 56600, 59092, 60872, 63629, 63747,
    65774, 66258, 67524, 67608, 73371, 73830, 79807, 81634, 82584, 84339, 87386, 87996,
    88224, 91109, 91449, 94477, 95900, 100246, 100937, 104337, 107571, 107719, 107726,
    114100, 114270, 115000, 115961, 116145, 117658, 117729, 119351, 119505, 119919,
    122268, 125589, 130252, 131663, 132983, 134694, 134817, 135803, 136536, 136678,
    139386, 143507, 145944, 146070, 150088, 151465, 152839, 157990, 162408, 165870,
    174649, 177952, 182411, 186818, 188003, 190472, 190626, 193951, 194117, 196939,
    197241, 197359, 197874, 199266, 201378, 201948, 202848, 203335, 203848, 205493,
    206155, 207485, 207534, 214378, 217297, 218537, 219617, 222716, 223987, 227477,
    230550, 231710, 231906, 233250, 235142, 236309, 237337, 237754, 238578, 240596,
    241924, 244922, 245347, 245604, 246194, 247979, 248032, 249240, 251366, 251610,
    257098, 259077, 267564, 269331, 271216, 274216, 276365, 278428, 278463, 284171,
    287133, 289939, 290144, 291973, 293917, 294786, 298039, 298998, 300431, 301877,
    302987, 304457, 306807, 308902, 309708, 310644, 311928, 312949, 314078, 315768,
    318819, 326862, 327183, 330159, 332343, 332395, 332507, 333401, 338723, 346420,
    347693, 349658, 354733, 356354, 359013, 360721, 363759, 364365, 367191, 368356,
    370858, 376710, 383028, 386033, 386499, 386506, 392279, 392969, 397981, 400281,
    400998, 402939, 404807, 405877, 413813, 416813, 419077, 425081, 427978, 431816,
    433486, 436035, 436170, 437471, 438593, 448640, 452285, 452684, 453974, 456716,
    460730, 461066, 464277, 465462, 467985, 470780, 473284, 475625, 475984, 476966,
    477099, 484295, 486087, 487747, 488501, 491384, 492201, 497398, 498700, 499972,
    505565, 507929, 509038, 509892, 513513, 514624, 518250, 518336, 520326, 520539,
    526399, 528082, 528369, 529227, 531660, 532637, 532705, 535767, 539789, 542768,
    544262, 546102, 546220, 548334, 550988, 551411, 554578, 556075, 557831, 564417,
    568528, 574743, 585748, 590415, 590730, 591444, 591747, 593822, 594928, 599753,
    602217, 602562, 603121, 603871, 606259, 608518, 611790, 614507, 614596, 615757,
    616972, 618463, 619654, 622881, 629060, 630248, 632528, 632649, 634518, 637392,
    638358, 638675, 640040, 645151, 646477, 647179, 656344, 656463, 659393, 660974,
    662973, 664028, 664124, 664322, 667703, 669554, 675268, 678963, 680018, 682441,
    683305, 687859, 691383, 692403, 692446, 694224, 694977, 698010, 698896, 700398,
    704951, 710869, 712245, 715971, 720205, 721279, 723060, 725316, 728713, 731165,
    732337, 734310, 736187, 736207, 736366, 737338, 738345, 738488, 738758, 740051,
    744285, 749606, 750061, 750923, 758158, 758169, 760081, 760430, 763255, 763968,
    764151, 766975, 770551, 776861, 778459, 778855, 782031, 786620, 786803, 787005,
    787174, 788925, 790285, 791772, 791945, 794688, 794998, 797421, 800560, 801136,
    802125, 803594, 807371, 816066, 816084, 817965, 820118, 820614, 822647, 823985,
    824035, 824060, 824123, 841016, 841886, 846728, 846767, 852063, 853426, 854448,
    855352, 856995, 859439, 860942, 861307, 863401, 865617, 867879, 868574, 870019,
    874146, 884421, 886053, 887835, 887977, 890586, 892964, 901956, 902722, 904572,
    907184, 910117, 911739, 912906, 913061, 914131, 916048, 916051, 917988, 918370,
    921055, 922824, 922905, 923042, 927269, 936819, 942025, 944497, 945018, 946544,
    946551, 947889, 949411, 949712, 949824, 950065, 950628, 950681, 951406, 951821,
    953373, 954411, 956132, 956335, 961208, 962205, 966838, 967013, 968334, 969797,
    970564, 974276, 974994, 978229, 980464, 981802, 983289, 984491, 991549, 991621,
    992719, 992925, 996016, 998012, 1005943, 1008418, 1015248, 1023757, 1024670, 1028297,
    1028754, 1028897, 1036235, 1037769, 1039540, 1041307, 1045623, 1047377, 1057287,
    1062667, 1062840, 1070887, 1071720, 1073979, 1076688, 1079747, 1079857, 1080475,
    1082464, 1086290, 1090804]
  prime: 9999999967
- ksize: 31
  md5sum: fc987898b2f3d0c48a92f7c5f481c170
  mins: [6431, 9155, 10319, 12938, 17436, 21185, 24427, 24452, 25927, 26066, 32111,
    32524, 33307, 42051, 45887, 47731, 50786, 53699, 54037, 54220, 56008, 59860, 61685,
    62258, 62413, 63571, 69795, 71052, 71918, 76297, 82491, 83266, 86195, 86559, 87101,
    88444, 89035, 89799, 92550, 94878, 97871, 98130, 100022, 103304, 103792, 106267,
    108869, 109805, 111052, 113901, 114552, 115787, 116230, 117969, 119242, 119380,
    121468, 122492, 126092, 127962, 133064, 133859, 133906, 135591, 135831, 138071,
    138883, 139768, 143356, 146138, 146696, 148585, 151426, 152826, 163453, 163511,
    165362, 167827, 169912, 171318, 178615, 178806, 183942, 186978, 188308, 195280,
    195647, 204366, 205431, 210333, 213376, 220299, 227047, 227170, 227888, 228507,
    229563, 229705, 229976, 231337, 231838, 236276, 239914, 241534, 242827, 244883,
    246119, 247013, 248491, 248532, 252572, 256462, 258822, 261119, 261741, 261874,
    272999, 273034, 284316, 284759, 288237, 291425, 293219, 294589, 296364, 303732,
    307620, 308528, 309768, 312158, 312210, 314192, 314598, 317128, 320006, 321777,
    330114, 337794, 340174, 341868, 343308, 344628, 344696, 346849, 355159, 355200,
    356804, 357164, 358360, 360083, 361425, 362012, 367037, 367199, 367205, 367613,
    370365, 375172, 379567, 384020, 384495, 386218, 388676, 389558, 394533, 395342,
    397232, 397506, 397654, 400306, 403385, 403471, 405368, 406618, 408724, 411451,
    413043, 416800, 417492, 417879, 420928, 424597, 428716, 432670, 434055, 437185,
    444134, 452819, 454247, 455408, 455415, 456892, 458931, 460664, 460775, 462964,
    463092, 468627, 470848, 473728, 473993, 475091, 479643, 480050, 482372, 483899,
    485371, 486976, 489991, 491034, 493944, 495547, 497818, 498752, 500101, 500279,
    502952, 509596, 511072, 512618, 514223, 515186, 515906, 520389, 523313, 526146,
    526380, 526496, 526614, 533650, 535343, 540566, 543734, 544386, 555309, 556284,
    558440, 562125, 562744, 562779, 576648, 581643, 584277, 584376, 590733, 591297,
    591407, 595249, 595477, 596705, 598618, 599254, 601432, 601751, 606484, 607956,
    609786, 610691, 611114, 616806, 617859, 617984, 628061, 629570, 629795, 637960,
    639489, 641891, 642404, 642743, 647038, 647846, 648441, 649121, 649550, 651649,
    655248, 656472, 662125, 662863, 664980, 666423, 669432, 673268, 673777, 674024,
    674310, 674471, 675181, 675916, 675962, 682421, 683149, 684337, 684379, 684717,
    688107, 689168, 691293, 693603, 697046, 697104, 697153, 697616, 699421, 703737,
    704082, 704929, 712140, 718741, 722612, 727493, 729134, 730975, 734507, 737934,
    738623, 739986, 741064, 748128, 748338, 748368, 750808, 755658, 755828, 756454,
    756938, 757541, 759187, 760742, 761772, 768630, 768742, 769976, 770029, 770077,
    771085, 772052, 775837, 776677, 777835, 780458, 780557, 780626, 790952, 792483,
    793184, 793322, 793679, 795586, 795876, 796341, 796782, 804844, 804973, 805667,
    809203, 818874, 821945, 826899, 828672, 830329, 831392, 835968, 839318, 840185,
    848596, 853074, 857020, 862329, 871130, 876248, 877097, 878600, 878851, 879172,
    879316, 879651, 880884, 880971, 882263, 882936, 889042, 890144, 890461, 892613,
    894272, 906723, 908994, 910709, 910755, 910874, 916251, 917455, 925158, 926916,
    931028, 931973, 934397, 935359, 935882, 938506, 939066, 943779, 944452, 945357,
    946134, 947553, 951022, 951997, 961566, 965028, 965809, 970442, 973532, 975286,
    978826, 984486, 984712, 986341, 987371, 987957, 988016, 993659, 999447, 1002774,
    1006954, 1008295, 1009219, 1017556, 1017771, 1018981, 1025376, 1026962, 1027615,
    1029085, 1029525, 1031887, 1032190, 1032364, 1034327, 1041761, 1044886, 1047182,
    1053081, 1055107, 1055114, 1055857, 1057858, 1058739, 1059534, 1060248, 1060317,
    1066647, 1069692, 1070746, 1071898, 1072167, 1074474, 1075904, 1079226, 1085503,
    1089469, 1091841, 1092252, 1092294, 1095121, 1096505, 1097815, 1109288, 1111818,
    1113593, 1116788, 1118971, 1119286, 1119380, 1126566, 1127327, 1132378, 1133218,
    1134430, 1135189, 1140878, 1141918, 1144895, 1148754, 1155111, 1162893, 1166231,
    1169811, 1174661, 1178232, 1186708, 1186733, 1187645, 1190538, 1197474, 1202896,
    1204184, 1208604]
  prime: 9999999967
- ksize: 32
  md5sum: 715ab5b77d5fa558723ccdd4e4fc132a
  mins: [0, 493, 3488, 10315, 13967, 14196, 18704, 18716, 22065, 24651, 28075, 28187,
    28986, 31264, 34433, 36472, 37425, 38216, 40596, 42268, 44060, 44192, 49837, 52478,
    52737, 53619, 53720, 57979, 59430, 62195, 67838, 72539, 73702, 76289, 77153, 78331,
    80274, 80494, 84094, 85668, 92710, 95302, 96941, 97844, 98012, 98095, 100169,
    101240, 102984, 103027, 104727, 106452, 113165, 114509, 115743, 115758, 118758,
    126244, 127362, 133515, 133557, 134407, 135794, 136346, 142621, 143143, 144711,
    146372, 150316, 150554, 150908, 155456, 158962, 159299, 160855, 165681, 167398,
    169198, 170827, 171695, 172343, 174402, 176755, 179274, 191001, 191113, 192447,
    196628, 201906, 202579, 204380, 206670, 209741, 215524, 215628, 215768, 216678,
    217013, 218352, 220968, 222587, 222982, 224722, 225856, 228262, 230681, 233413,
    235305, 236866, 237576, 238488, 241168, 242329, 243350, 243358, 243625, 254057,
    259549, 260595, 261075, 261839, 266122, 267214, 271776, 271810, 273264, 273930,
    274323, 278675, 283330, 284414, 285018, 288503, 290187, 293778, 293974, 294253,
    301434, 301999, 305691, 308293, 310130, 312902, 314975, 320974, 322875, 325977,
    328621, 329191, 333144, 333303, 334532, 336649, 336946, 338470, 340165, 343943,
    344117, 345722, 345928, 348199, 351845, 360231, 361169, 364800, 365117, 365785,
    366566, 367234, 368597, 371738, 372242, 372895, 373513, 379636, 382095, 393916,
    395225, 396092, 399427, 399471, 399608, 406810, 408635, 414744, 415363, 418093,
    423617, 423737, 425217, 425714, 431191, 438396, 440487, 441897, 442219, 443927,
    443998, 447091, 449262, 449855, 450415, 453181, 453454, 455896, 457206, 458300,
    459170, 464718, 465783, 466122, 470218, 471219, 471494, 476899, 483999, 485059,
    487581, 489525, 490088, 492998, 493401, 493876, 495540, 501720, 503030, 506879,
    506935, 508067, 508814, 511532, 512193, 513701, 514506, 515085, 515776, 520315,
    523553, 529830, 530895, 532195, 534793, 536786, 539159, 540340, 542557, 542822,
    543339, 543783, 545150, 555844, 559613, 563401, 564895, 568778, 568870, 570112,
    570126, 570805, 574050, 575625, 575891, 578724, 583908, 586833, 591276, 592716,
    594918, 595648, 598043, 600422, 603983, 604376, 604775, 607723, 608761, 612780,
    614132, 614755, 624185, 624254, 625153, 626513, 631601, 632190, 632403, 632626,
    635150, 635741, 636324, 641864, 643256, 648091, 650086, 650607, 653404, 658260,
    659853, 663022, 663943, 664620, 665581, 666373, 666411, 667017, 667445, 670898,
    671871, 672408, 673886, 677011, 678572, 678818, 683118, 686214, 687367, 687955,
    690419, 694492, 698324, 698432, 700813, 703802, 711662, 717910, 718147, 720031,
    722109, 727642, 735523, 737567, 739568, 744345, 745294, 749336, 754265, 754741,
    755273, 756230, 757113, 757511, 761368, 762752, 764376, 765881, 767796, 776285,
    784370, 786270, 790163, 791942, 794026, 798094, 798096, 808007, 808339, 808724,
    811369, 812239, 813216, 820812, 824917, 825157, 826087, 827909, 830281, 831509,
    833306, 836973, 837050, 838164, 838481, 842171, 843139, 843913, 845941, 851161,
    852235, 853005, 854969, 861787, 865809, 867295, 867680, 870223, 870359, 873666,
    876720, 879002, 880100, 880565, 881933, 882155, 886482, 889638, 892528, 893779,
    895737, 896907, 899988, 902781, 905355, 906276, 906686, 906690, 911315, 911927,
    920657, 921722, 925415, 927664, 929063, 929269, 931593, 931640, 932486, 932534,
    933244, 934065, 938545, 942248, 943827, 951714, 952690, 956299, 956958, 959047,
    961510, 961559, 963131, 966494, 968111, 976220, 977858, 979572, 984113, 985601,
    989122, 989872, 991986, 992729, 994110, 1002233, 1002290, 1003452, 1005502, 1005730,
    1008297, 1009845, 1015470, 1016822, 1021662, 1022667, 1023979, 1027461, 1028406,
    1031522, 1040936, 1041360, 1042000, 1043148, 1043359, 1043832, 1048043, 1049461,
    1049763, 1051288, 1055997, 1058280, 1063912, 1064368, 1065119, 1066746, 1067239,
    1071330, 1073253, 1077381, 1081773, 1082327, 1083533, 1083910, 1087080, 1089856,
    1092930, 1093987, 1097815, 1104780, 1105385, 1106114, 1106668, 1112494, 1112542,
    1114804, 1120542, 1121048, 1121127, 1123616, 1125138, 1125995, 1126858]
  prime: 9999999967
type: mrnaseq
version: '0.2'
