class: sourmash_signature
email: titus@idyll.org
filename: SRR453570_1.fastq.gz.trimnoV.fq.gz
name: yeast
signatures:
- ksize: 16
  md5sum: 59cc4537a813f9b232ae45781bfee543
  mins: [0, 3079, 6251, 22512, 24612, 49724, 57493, 70422, 71658, 74400, 79224, 80156,
    82174, 89435, 92662, 98088, 101272, 104452, 124854, 135803, 136289, 157302, 159555,
    179222, 204312, 208857, 216826, 217651, 231281, 244853, 255164, 265797, 275227,
    279836, 284245, 288308, 296341, 301406, 315961, 318346, 322471, 323574, 325324,
    325687, 326047, 330768, 331138, 340426, 341413, 344208, 349322, 351253, 355022,
    367110, 393545, 394132, 394156, 395971, 396563, 411250, 412981, 415213, 422369,
    423863, 425012, 426532, 433518, 451113, 451461, 454300, 459611, 474807, 475144,
    475516, 476746, 489666, 492126, 504830, 505758, 508029, 511790, 518298, 518641,
    520907, 524337, 525929, 532565, 532838, 540824, 544751, 549969, 556884, 562551,
    563520, 564764, 565352, 581210, 582021, 582226, 586207, 588337, 590370, 591839,
    609206, 609629, 611027, 619831, 624418, 629990, 635022, 643596, 646892, 662980,
    666127, 670331, 670827, 672104, 674254, 680285, 698860, 710594, 720486, 726229,
    728419, 733662, 745830, 748375, 748487, 756841, 757960, 763707, 772733, 780982,
    784341, 786968, 794776, 797395, 798365, 802279, 805712, 823371, 833338, 839993,
    841480, 855895, 862091, 866148, 866591, 871363, 872892, 876521, 878288, 881251,
    882005, 883954, 890488, 897866, 901323, 903403, 910124, 911792, 919660, 930671,
    932383, 933950, 939954, 940035, 945619, 963685, 964071, 972484, 979318, 984287,
    994662, 997823, 1003036, 1016165, 1017341, 1020468, 1024930, 1031857, 1053834,
    1068938, 1069517, 1078087, 1081497, 1081942, 1082349, 1089384, 1095579, 1100410,
    1108549, 1119098, 1127318, 1136185, 1142431, 1146771, 1154717, 1161657, 1164125,
    1165507, 1167770, 1180306, 1187476, 1190594, 1192932, 1196097, 1197466, 1200407,
    1202103, 1204490, 1232808, 1240453, 1248324, 1251724, 1255178, 1273574, 1280289,
    1285243, 1292864, 1295009, 1305293, 1309197, 1318066, 1318837, 1319922, 1338932,
    1344416, 1349526, 1358114, 1361800, 1363435, 1368300, 1379177, 1386677, 1393244,
    1393450, 1395775, 1395781, 1407712, 1418604, 1425040, 1425217, 1442754, 1447521,
    1450968, 1455962, 1459026, 1466258, 1475775, 1484856, 1492855, 1496784, 1511798,
    1514456, 1515014, 1527443, 1531785, 1533499, 1537022, 1538729, 1544829, 1549270,
    1549438, 1550587, 1562420, 1564434, 1566754, 1573192, 1578434, 1582810, 1597994,
    1600536, 1602981, 1608381, 1610193, 1611484, 1621880, 1628390, 1633886, 1635190,
    1635447, 1651656, 1654392, 1663117, 1669737, 1675044, 1688911, 1690292, 1697773,
    1697780, 1699810, 1710723, 1718602, 1726173, 1731271, 1732714, 1754272, 1759743,
    1763729, 1774190, 1786633, 1786924, 1795358, 1799382, 1801511, 1810263, 1824687,
    1834098, 1842380, 1844871, 1855237, 1855244, 1857553, 1862422, 1867344, 1875368,
    1881649, 1885546, 1886939, 1915338, 1916940, 1920837, 1921810, 1927869, 1938019,
    1941201, 1948272, 1951464, 1956960, 1974874, 1986538, 1997281, 2011689, 2019724,
    2025345, 2027480, 2029007, 2031559, 2046046, 2058948, 2064528, 2078549, 2087285,
    2090985, 2091832, 2100671, 2104877, 2116764, 2126091, 2128885, 2131230, 2136857,
    2149466, 2159462, 2160412, 2164456, 2169744, 2171651, 2178415, 2185407, 2192591,
    2208726, 2212899, 2224914, 2226840, 2228564, 2236020, 2236182, 2242767, 2256939,
    2258241, 2272449, 2272868, 2274041, 2275266, 2284734, 2287598, 2292068, 2293652,
    2295151, 2319409, 2330252, 2330276, 2330643, 2334361, 2340392, 2341047, 2341743,
    2344285, 2352151, 2352539, 2353575, 2360043, 2360607, 2363398, 2364753, 2376537,
    2382651, 2387211, 2388770, 2396163, 2397316, 2400802, 2422179, 2422782, 2442267,
    2444281, 2449445, 2450382, 2455591, 2477401, 2478044, 2480693, 2490506, 2504484,
    2519534, 2522266, 2537931, 2543378, 2545967, 2552721, 2563011, 2567472, 2567852,
    2568518, 2574839, 2582937, 2585199, 2594687, 2595773, 2597424, 2598765, 2614095,
    2618730, 2623250, 2628084, 2630870, 2633819, 2640135, 2643572, 2644356, 2650633,
    2650948, 2654894, 2658242, 2662749, 2666435, 2675114, 2679434, 2690423, 2694182,
    2710080, 2717933, 2721452, 2724855, 2732752, 2736935, 2752387, 2752774, 2755379,
    2761500, 2781643, 2814681, 2820149, 2827993, 2828502, 2832144, 2832917, 2839432,
    2896176, 2896760, 2902272, 2930348, 2939405, 2952204, 2956109, 2957850, 2977399,
    2979700, 2981609, 2984890, 2989582, 2992125, 3001558, 3002595, 3007779, 3008407,
    3020446, 3020888, 3050370, 3053613, 3077798, 3080178, 3081512, 3083690, 3084015,
    3091950, 3112246, 3113977]
  prime: 9999999967
- ksize: 22
  md5sum: 471b7c0de2ff064808989e024927541d
  mins: [0, 3431, 7071, 17102, 28496, 32543, 53119, 56221, 58092, 64428, 69677, 82205,
    84595, 85664, 85758, 87672, 90696, 92542, 99144, 99432, 99771, 102037, 103407,
    111288, 121281, 124606, 140102, 142599, 143297, 143306, 157148, 159416, 160030,
    168958, 170283, 175289, 180073, 183965, 189614, 189736, 199766, 200161, 210538,
    212121, 212817, 217569, 220538, 225828, 249405, 251560, 256205, 276754, 277047,
    289451, 295277, 301181, 301837, 304803, 306860, 322249, 328801, 333722, 349081,
    351418, 360575, 376584, 377833, 389090, 396137, 404368, 405674, 408929, 421217,
    422137, 434345, 438511, 450143, 464075, 481332, 491663, 493647, 498068, 502891,
    512537, 520562, 521835, 524332, 525795, 527225, 530961, 538774, 542135, 545728,
    556782, 557032, 561423, 566711, 571655, 587884, 593294, 602386, 604516, 604524,
    604855, 609472, 617378, 621633, 623532, 629230, 631353, 633868, 637217, 638152,
    638177, 638680, 649334, 658126, 669521, 678749, 678800, 687660, 688770, 689728,
    689970, 690734, 692838, 699261, 700275, 700433, 702210, 703118, 706615, 707246,
    716310, 719829, 726910, 727124, 733892, 734286, 753947, 759340, 770494, 770766,
    774517, 782104, 798617, 799924, 800457, 802037, 802633, 813531, 816874, 819305,
    824477, 839301, 845658, 853749, 862953, 899186, 903916, 905624, 909370, 920033,
    921942, 928003, 928017, 937442, 949228, 955715, 960461, 961192, 962688, 963158,
    963375, 968166, 975566, 976829, 979639, 980133, 984846, 995415, 995880, 1000609,
    1004125, 1007101, 1013718, 1015913, 1016937, 1018528, 1018604, 1019210, 1024573,
    1033844, 1037222, 1040327, 1042559, 1045850, 1047078, 1052038, 1058510, 1059494,
    1063133, 1078808, 1086104, 1091180, 1095748, 1101205, 1103683, 1108595, 1113993,
    1116241, 1117392, 1125195, 1136333, 1159004, 1165794, 1167366, 1168526, 1175726,
    1195295, 1198151, 1201628, 1206730, 1215457, 1222589, 1224419, 1229925, 1234803,
    1236305, 1244691, 1251613, 1257657, 1259839, 1266959, 1267484, 1276097, 1276734,
    1282190, 1289357, 1290235, 1302793, 1320864, 1328881, 1331170, 1350841, 1356749,
    1378843, 1381204, 1385040, 1389581, 1395586, 1397330, 1399859, 1400519, 1402105,
    1413402, 1414247, 1416134, 1429854, 1449566, 1453811, 1456486, 1466003, 1466620,
    1469952, 1490030, 1492967, 1498044, 1513317, 1514708, 1517616, 1518138, 1519601,
    1522709, 1528079, 1528514, 1532492, 1539011, 1540411, 1556401, 1559625, 1564138,
    1570246, 1576833, 1593208, 1602205, 1612749, 1614390, 1622639, 1627446, 1638992,
    1639066, 1644938, 1652225, 1663490, 1664504, 1668177, 1670415, 1674105, 1674796,
    1676265, 1679566, 1709708, 1710273, 1715625, 1721219, 1726480, 1729618, 1729740,
    1734340, 1741513, 1746756, 1751635, 1759141, 1763248, 1771239, 1780933, 1798284,
    1798792, 1801762, 1812852, 1824589, 1866827, 1869217, 1880909, 1881036, 1885134,
    1885426, 1886317, 1899571, 1902364, 1916231, 1917946, 1919108, 1924511, 1931384,
    1932675, 1939072, 1944264, 1945963, 1962180, 1966817, 1969593, 1970462, 1975126,
    1975458, 1995469, 1995940, 2021937, 2022431, 2031817, 2046161, 2048982, 2054381,
    2073233, 2075919, 2082266, 2083115, 2088137, 2097167, 2097533, 2114597, 2117907,
    2124938, 2126203, 2126811, 2141471, 2146133, 2165414, 2176675, 2185646, 2194020,
    2195713, 2227940, 2229084, 2240909, 2241716, 2241929, 2243097, 2243174, 2245969,
    2246196, 2249985, 2255612, 2256842, 2262532, 2268372, 2273107, 2273222, 2278536,
    2287313, 2289974, 2311836, 2315575, 2317789, 2323425, 2327089, 2330549, 2332458,
    2333561, 2335153, 2338071, 2338841, 2343365, 2348014, 2350784, 2363741, 2364844,
    2368602, 2376406, 2377453, 2384613, 2386919, 2391929, 2391948, 2404512, 2405668,
    2410408, 2410674, 2411849, 2413688, 2416115, 2422033, 2426293, 2426415, 2427066,
    2440381, 2446441, 2446471, 2448407, 2450744, 2465797, 2476184, 2481451, 2496842,
    2499247, 2507532, 2513630, 2514658, 2516654, 2528912, 2531183, 2533332, 2535619,
    2538833, 2569175, 2582885, 2591671, 2595786, 2608803, 2609284, 2613968, 2615353,
    2619494, 2620893, 2631453, 2632920, 2633567, 2634944, 2646716, 2651933, 2654218,
    2663875, 2664516, 2678031, 2686105, 2699273, 2715907, 2716830, 2728493, 2729043,
    2732168, 2743823, 2744554, 2750302, 2752394, 2755419, 2763369, 2763723, 2772743,
    2781473, 2787602, 2789138, 2795607, 2801495, 2803499, 2815622, 2816836, 2817187,
    2817415, 2828064, 2828395, 2833765, 2846975, 2847300, 2851542, 2853336, 2854733,
    2856199, 2858678]
  prime: 9999999967
- ksize: 31
  md5sum: b3eb090b2c13251a61aaab53b9823ff7
  mins: [857, 3130, 14715, 24482, 38385, 50871, 57955, 58272, 62708, 65336, 72462,
    83055, 90168, 93731, 98953, 108729, 109410, 109867, 114055, 116524, 117090, 122318,
    133648, 138588, 146310, 146383, 148988, 153772, 154484, 162910, 170753, 179617,
    189030, 195919, 198258, 204993, 233824, 259693, 267953, 280506, 290859, 290995,
    301412, 306667, 309923, 310161, 325324, 327764, 328283, 332812, 339808, 340473,
    345807, 360283, 362565, 363586, 366805, 368600, 394431, 401348, 403636, 406788,
    408166, 412761, 413985, 424618, 430333, 431120, 440121, 446122, 451750, 460044,
    474019, 476551, 485466, 490539, 495119, 496401, 498307, 499687, 503907, 506425,
    515312, 519389, 521229, 521280, 531820, 546716, 547489, 549513, 556642, 563126,
    570397, 572240, 591689, 596582, 598374, 601280, 602542, 611987, 612147, 620670,
    631128, 640705, 641234, 646003, 648510, 650878, 657467, 666517, 669939, 674725,
    677327, 680471, 688809, 691468, 696870, 703962, 706324, 709672, 710522, 722912,
    722955, 726244, 727496, 727885, 734023, 735103, 735161, 737404, 739024, 742901,
    744690, 753542, 757405, 758906, 760793, 766742, 766782, 767569, 769371, 770400,
    782938, 789271, 796480, 806810, 815221, 827799, 827832, 833819, 834167, 834245,
    835347, 849057, 849058, 864856, 891313, 899309, 900018, 917204, 922931, 923226,
    933086, 952688, 955329, 966846, 988446, 991194, 992361, 994585, 1001869, 1007611,
    1015696, 1018742, 1022432, 1031819, 1035203, 1037420, 1039441, 1053353, 1057598,
    1068024, 1068833, 1071496, 1071625, 1072419, 1073884, 1076933, 1084293, 1088657,
    1095047, 1097745, 1107540, 1110985, 1125933, 1133606, 1148938, 1160077, 1162518,
    1163725, 1167424, 1176826, 1177517, 1179600, 1182964, 1199727, 1205506, 1209008,
    1215463, 1223806, 1249782, 1255914, 1259276, 1271539, 1274183, 1285339, 1286267,
    1292880, 1293316, 1310023, 1317353, 1334128, 1349702, 1350186, 1356243, 1357665,
    1357990, 1359235, 1365805, 1367990, 1375290, 1375328, 1383743, 1384371, 1389137,
    1389767, 1390270, 1397257, 1397873, 1406615, 1407260, 1408262, 1411027, 1411660,
    1414213, 1414572, 1422324, 1425201, 1428780, 1434385, 1438557, 1442789, 1446612,
    1455772, 1456567, 1462503, 1464805, 1473869, 1476837, 1483098, 1486820, 1503460,
    1525578, 1537456, 1537780, 1542739, 1544321, 1556153, 1558333, 1562642, 1564436,
    1569706, 1572865, 1580814, 1586188, 1592425, 1604181, 1605893, 1621895, 1634079,
    1638408, 1640615, 1641033, 1646546, 1648314, 1649612, 1655380, 1660864, 1663548,
    1687463, 1687472, 1689265, 1694998, 1709866, 1717353, 1719287, 1729548, 1734300,
    1737636, 1741854, 1754179, 1798147, 1799016, 1817615, 1824323, 1824360, 1829923,
    1841393, 1841808, 1843932, 1857780, 1860129, 1865440, 1868148, 1872239, 1874849,
    1883515, 1884207, 1886034, 1898045, 1906072, 1907116, 1909832, 1914351, 1922640,
    1926236, 1927295, 1927415, 1936114, 1937947, 1948245, 1951740, 1954945, 1955460,
    1962465, 1971150, 1971492, 1976702, 1986529, 1995848, 2000727, 2008274, 2014497,
    2023490, 2036519, 2036901, 2041430, 2042782, 2043740, 2058490, 2060029, 2060811,
    2078685, 2079897, 2080453, 2081783, 2082256, 2082291, 2086689, 2086964, 2087150,
    2094510, 2099032, 2103278, 2111891, 2113275, 2121291, 2123956, 2130739, 2131218,
    2134156, 2136061, 2136097, 2136615, 2143188, 2152281, 2154615, 2159848, 2159913,
    2169110, 2171474, 2173427, 2198047, 2202666, 2204207, 2210010, 2212065, 2227420,
    2239530, 2244429, 2248636, 2250286, 2259414, 2267901, 2271609, 2272201, 2281552,
    2287391, 2295348, 2299876, 2302007, 2308065, 2309248, 2315383, 2322004, 2323730,
    2328465, 2329983, 2334819, 2340488, 2343389, 2345137, 2348555, 2354162, 2363406,
    2364416, 2365089, 2368764, 2373438, 2380190, 2389105, 2391588, 2391852, 2396119,
    2421606, 2432118, 2438211, 2438659, 2443046, 2449288, 2453328, 2453899, 2459557,
    2465499, 2468894, 2498387, 2502874, 2504425, 2506453, 2508210, 2511107, 2512673,
    2520188, 2522906, 2523543, 2524363, 2531635, 2538488, 2538511, 2542047, 2551025,
    2556305, 2558453, 2574392, 2579561, 2580601, 2584867, 2613442, 2619370, 2622905,
    2625655, 2630363, 2631052, 2632946, 2635462, 2642308, 2649852, 2651515, 2653174,
    2658277, 2670499, 2672971, 2677068, 2678649, 2678879, 2679087, 2679768, 2679973,
    2683985, 2685111, 2685156, 2696082, 2696388, 2703431, 2712642, 2714599, 2718181,
    2719043, 2729272, 2734057, 2736252, 2737160, 2738263, 2756404, 2758489, 2759017,
    2765760, 2767324, 2770930, 2772079]
  prime: 9999999967
- ksize: 32
  md5sum: 914c59bc7b30a5fd97d486d5bc37a4b3
  mins: [1923, 3563, 13401, 16347, 36896, 57787, 59688, 63265, 63864, 78496, 86316,
    89950, 92488, 96929, 104445, 113198, 124422, 127288, 153918, 155987, 156838, 163721,
    171800, 180958, 184019, 186976, 188926, 193660, 194615, 198045, 209888, 210274,
    213680, 232260, 244692, 252499, 252702, 258413, 262260, 269112, 274969, 279682,
    283236, 289075, 290545, 294799, 309740, 309989, 312082, 335218, 337210, 363568,
    373073, 373199, 382709, 386031, 390359, 390861, 393645, 395699, 410040, 413672,
    421392, 421409, 425724, 428900, 456012, 464366, 473552, 476580, 477660, 479653,
    481005, 481310, 483831, 494198, 495923, 496184, 499731, 500708, 508908, 512102,
    524054, 528396, 530708, 532439, 545920, 550259, 551419, 563145, 568511, 570006,
    576391, 577982, 584400, 594627, 595436, 605054, 608082, 615787, 621347, 623083,
    627372, 642056, 650124, 655204, 660186, 661415, 672165, 676528, 676824, 677970,
    679939, 682210, 690314, 702690, 707162, 707965, 713582, 719471, 720842, 733364,
    738149, 743647, 746550, 756575, 758024, 761621, 765451, 773983, 774882, 780024,
    793643, 795918, 800178, 804872, 817133, 834403, 836732, 838852, 842104, 845323,
    852598, 853089, 854846, 857099, 858788, 871861, 872579, 884046, 893748, 907880,
    914411, 915370, 921127, 926513, 926965, 932786, 937548, 941136, 956132, 959312,
    968180, 971658, 973871, 977974, 991068, 993666, 997845, 998450, 1003052, 1006443,
    1013515, 1015639, 1016299, 1020215, 1050403, 1061636, 1062967, 1064427, 1068993,
    1069841, 1077398, 1080814, 1088434, 1090739, 1110887, 1115624, 1122489, 1132266,
    1138362, 1140139, 1152092, 1157486, 1173353, 1175774, 1178236, 1183241, 1200242,
    1206470, 1207252, 1213320, 1221773, 1225201, 1228542, 1229228, 1233159, 1237331,
    1242656, 1243234, 1243985, 1262859, 1270029, 1273780, 1275160, 1277198, 1286033,
    1293645, 1295587, 1304003, 1309073, 1318104, 1319251, 1325054, 1335741, 1339188,
    1341032, 1341708, 1341905, 1341962, 1357544, 1365929, 1368606, 1378341, 1379095,
    1380306, 1396377, 1410566, 1414076, 1431531, 1432623, 1437022, 1448399, 1458623,
    1463424, 1502182, 1514127, 1516389, 1521788, 1530850, 1543413, 1543992, 1564829,
    1565790, 1568578, 1571437, 1572678, 1573044, 1589509, 1597136, 1613216, 1613874,
    1629493, 1630472, 1632261, 1652471, 1658201, 1660153, 1661397, 1672016, 1691307,
    1704168, 1709647, 1711843, 1721701, 1725678, 1726701, 1741397, 1742279, 1742329,
    1748232, 1752659, 1755712, 1756721, 1756821, 1763644, 1769832, 1772000, 1777218,
    1784620, 1788334, 1789795, 1791590, 1793309, 1799573, 1809742, 1816548, 1818260,
    1818303, 1818661, 1827414, 1837146, 1848793, 1849389, 1853970, 1855468, 1869560,
    1886830, 1888533, 1888757, 1889029, 1900268, 1901951, 1910946, 1916998, 1924353,
    1936154, 1939106, 1940806, 1955363, 1967812, 1977541, 1977713, 1994891, 2003843,
    2008372, 2054285, 2058160, 2059010, 2060215, 2070385, 2079119, 2082073, 2090614,
    2092473, 2095188, 2099660, 2115942, 2117634, 2117882, 2122311, 2126161, 2138106,
    2139695, 2140684, 2141949, 2144143, 2145290, 2146530, 2156530, 2168881, 2175849,
    2177916, 2178179, 2195260, 2195517, 2196822, 2198368, 2220145, 2220267, 2223655,
    2243250, 2256447, 2269803, 2271749, 2272670, 2273506, 2277829, 2279335, 2285990,
    2286507, 2287693, 2288135, 2290154, 2290781, 2293026, 2296723, 2303017, 2305389,
    2315210, 2316615, 2318580, 2329858, 2350926, 2368023, 2369449, 2380289, 2390773,
    2392580, 2397000, 2412896, 2414426, 2417672, 2423374, 2423825, 2425200, 2432018,
    2435420, 2445581, 2448483, 2459978, 2461028, 2471144, 2471980, 2499548, 2500268,
    2502469, 2505092, 2510202, 2510237, 2517861, 2519184, 2526081, 2527355, 2528320,
    2536657, 2539348, 2545681, 2545869, 2554227, 2557510, 2564831, 2575546, 2592303,
    2606551, 2618964, 2621371, 2626618, 2643357, 2644712, 2645694, 2663666, 2668877,
    2669365, 2678726, 2679197, 2685351, 2686928, 2694814, 2696141, 2696208, 2700139,
    2713933, 2716533, 2724711, 2730846, 2731312, 2733548, 2736295, 2740227, 2743987,
    2760526, 2761219, 2762296, 2763295, 2770860, 2771440, 2774398, 2777053, 2784655,
    2787118, 2788920, 2790332, 2798864, 2799096, 2818579, 2826396, 2833382, 2834232,
    2838906, 2844678, 2852488, 2859788, 2860114, 2868967, 2869685, 2870141, 2876899,
    2879587, 2883466, 2909175, 2910846, 2957768, 2964394, 2972255, 2985452, 3008748,
    3014509, 3028471, 3030334, 3034464, 3037963, 3037964, 3039448, 3044837, 3048684,
    3062604, 3070069, 3075554, 3086347]
  prime: 9999999967
type: mrnaseq
version: '0.2'
