class: sourmash_signature
email: titus@idyll.org
filename: SRR453566_1.fastq.gz.trimnoV.fq.gz
name: yeast
signatures:
- ksize: 16
  md5sum: 6c10907c3f36ebcc45059b74c8ead8d6
  mins: [0, 2221, 4016, 6533, 7289, 12457, 13526, 13982, 14335, 15568, 17783, 20057,
    22512, 23558, 23633, 24612, 25002, 25473, 31493, 34364, 37412, 37523, 41076, 45514,
    46545, 48972, 49431, 49724, 50080, 51530, 57493, 57891, 58269, 60084, 63804, 67859,
    68801, 69394, 69599, 70422, 71658, 73582, 74030, 74400, 75723, 79224, 80156, 82174,
    86281, 89435, 92662, 93876, 94285, 96962, 98088, 99734, 100761, 101272, 102608,
    103223, 104452, 107303, 108445, 110252, 112132, 112997, 113596, 114708, 116889,
    120295, 122140, 124854, 131956, 135690, 135803, 136289, 141925, 155335, 157302,
    158524, 159555, 162250, 162928, 163291, 163455, 165788, 169703, 178110, 179222,
    181052, 183445, 190629, 190819, 195550, 196304, 199936, 200865, 200872, 204312,
    204387, 208857, 208916, 214739, 215810, 216826, 217651, 218599, 221030, 225766,
    227703, 227833, 230560, 231281, 232623, 233567, 233631, 234074, 234182, 235131,
    237408, 237671, 240895, 244454, 248473, 249129, 250766, 251581, 253149, 255164,
    260138, 263815, 264841, 265797, 273074, 275227, 281350, 284245, 286658, 287510,
    288308, 290500, 292933, 295038, 296341, 296554, 298698, 299775, 301406, 304724,
    304910, 305651, 306142, 311264, 312275, 314541, 314802, 315961, 318019, 318346,
    319934, 322471, 323438, 323574, 324328, 324907, 325324, 325687, 325993, 326047,
    327210, 330768, 331138, 331582, 333887, 334212, 335489, 339488, 339736, 340426,
    340704, 341413, 342857, 344208, 346100, 346775, 349322, 349349, 349934, 351300,
    352135, 354131, 354716, 355022, 357556, 357671, 360898, 362097, 363789, 364596,
    371659, 374350, 375648, 376029, 377139, 378418, 378853, 381201, 384426, 384739,
    388010, 390509, 392432, 393545, 393573, 393951, 394132, 394156, 395971, 398660,
    399465, 401994, 411250, 412424, 412981, 417476, 417930, 419484, 420124, 421821,
    422369, 423863, 424686, 425012, 426414, 426532, 426929, 429131, 429665, 429929,
    432204, 433518, 433975, 434394, 436281, 437197, 445451, 446201, 451113, 451293,
    451461, 454300, 455451, 457019, 457561, 458839, 459158, 459611, 461030, 464513,
    466771, 469308, 474807, 475144, 475516, 476383, 476746, 480038, 481080, 486399,
    489666, 489873, 490410, 491498, 492126, 492248, 493391, 494314, 495999, 499846,
    500243, 502229, 504825, 504830, 505758, 508010, 508029, 509533, 511790, 518298,
    518614, 518641, 520907, 521845, 521858, 522473, 523647, 524337, 525929, 526342,
    531178, 531819, 532838, 536420, 536624, 538336, 538908, 544524, 544751, 545827,
    548077, 548293, 548954, 549969, 551682, 554196, 556884, 557250, 557459, 558292,
    563515, 563520, 564764, 565352, 581210, 581907, 582021, 582226, 582470, 586207,
    588337, 588934, 590370, 591349, 591794, 591839, 593051, 594414, 596710, 601320,
    602112, 604201, 608223, 609206, 609629, 611027, 611730, 612485, 613129, 613482,
    613735, 619831, 623950, 624219, 624418, 625086, 625653, 629546, 629990, 631700,
    632477, 635022, 636225, 636416, 637309, 637546, 640680, 643007, 643596, 646285,
    646892, 650250, 651880, 652159, 652660, 653391, 656214, 662980, 663662, 664094,
    666127, 666475, 670241, 670567, 670827, 671053, 672104, 674071, 681604, 684006,
    691393, 695686, 696975, 697983, 698655, 698860, 709753, 710594, 714143, 719770,
    720486, 723994, 726229, 726338, 726746, 728655, 730444, 733662, 737799, 739353,
    743774, 744045, 744128, 744190, 748218, 748375, 748487, 749865, 752241, 754938,
    755566, 755701, 756841, 757960, 759619, 760432, 761044, 763647, 763707, 765161,
    767233, 770994, 772733, 773452, 777069, 778412, 779523, 780982, 781105, 784341,
    784659, 786968, 789473, 792547, 794776, 795963, 797342, 797395, 798321, 799409,
    802279, 803888, 806623, 808882, 813415, 817442, 822507, 823371, 824360, 828391,
    828571, 829792, 832361, 833338, 834425, 836702, 839148, 839993, 841480, 843024,
    843636, 845534, 852092, 855895, 855913, 857165, 864600, 864971, 866148, 866591,
    866864, 871363, 871677, 871791, 872892, 876521, 877470, 877815, 878288, 881251,
    882005, 882620, 883661, 883948, 883954, 888508, 890247, 890488, 897866, 900354,
    903403]
  prime: 9999999967
- ksize: 22
  md5sum: df43fde36ceac26af6287e3b3a041c7f
  mins: [0, 2346, 3431, 7071, 7206, 12734, 14002, 14290, 17102, 22218, 24457, 24854,
    25409, 26169, 28496, 28628, 28735, 31100, 32543, 34528, 35193, 35885, 36648, 39384,
    41358, 45988, 52901, 53119, 53940, 56085, 56221, 57358, 58092, 59719, 59764, 62253,
    64286, 64380, 64428, 65170, 69677, 70619, 70921, 78999, 79461, 80132, 82205, 84283,
    84595, 85758, 87672, 87751, 90696, 91289, 91552, 93543, 93625, 93792, 94094, 94615,
    96570, 97040, 97230, 98294, 99144, 99771, 100622, 102037, 102774, 104347, 105288,
    108260, 109734, 110144, 111288, 118042, 121234, 121281, 128668, 129167, 133161,
    133334, 140102, 143297, 145749, 150539, 151746, 152910, 153104, 155895, 158423,
    159416, 160030, 160948, 162088, 162216, 162421, 163266, 163822, 168958, 170283,
    170727, 173434, 173678, 175289, 175645, 176003, 176783, 180073, 180716, 182553,
    183017, 183965, 185367, 189614, 189736, 192148, 193432, 198044, 199766, 200161,
    203116, 203769, 210538, 212512, 212817, 216869, 217569, 220538, 225828, 229136,
    229994, 230736, 234127, 235448, 236088, 237955, 238664, 239850, 241866, 242240,
    243411, 243982, 245873, 249405, 250844, 251140, 254216, 255149, 255510, 256205,
    257301, 257911, 258099, 260153, 260651, 261787, 261870, 263599, 263816, 265648,
    270299, 270829, 271455, 271734, 272153, 274842, 275820, 276754, 277047, 281803,
    282756, 282964, 283048, 284014, 284798, 286344, 289451, 294450, 295277, 295708,
    301181, 301264, 301837, 304656, 305895, 306860, 308619, 308622, 317517, 318863,
    322961, 326184, 328801, 329821, 331113, 335449, 335554, 335649, 340793, 342598,
    344922, 346554, 349081, 350665, 351378, 351418, 352766, 356017, 356333, 356501,
    360575, 360723, 363166, 365868, 367824, 367915, 376584, 377240, 377566, 377833,
    384022, 385908, 389090, 390409, 391958, 392628, 394962, 396137, 401463, 401671,
    402839, 404368, 405674, 408526, 408754, 408929, 409075, 410200, 410715, 413364,
    414688, 417641, 420615, 421217, 422137, 425452, 430169, 432148, 432298, 434345,
    438511, 438904, 443222, 444668, 445088, 448049, 450143, 451138, 453971, 461317,
    462064, 464075, 469226, 470311, 470405, 478515, 480867, 481332, 482780, 483801,
    484515, 487423, 487778, 491663, 492560, 493647, 496867, 498068, 499625, 500407,
    500568, 502891, 505084, 506564, 506753, 507419, 512537, 512982, 513488, 516915,
    519274, 520562, 520915, 520996, 521234, 521835, 522758, 523536, 524332, 525795,
    526307, 527225, 530961, 532960, 539620, 540930, 542135, 544691, 551885, 556367,
    556537, 556782, 556870, 557032, 559587, 560939, 561423, 564740, 566711, 567655,
    570372, 571635, 571655, 579057, 582331, 584237, 585870, 587447, 587884, 588564,
    589986, 590649, 590671, 591103, 593294, 596007, 599310, 600414, 602386, 602548,
    602683, 603950, 604516, 604524, 604855, 605120, 606749, 606894, 609472, 611118,
    611393, 611460, 612231, 613420, 615264, 617378, 618386, 621633, 622504, 623532,
    624034, 624303, 629230, 629904, 631353, 632975, 633493, 633868, 634309, 635858,
    637217, 638177, 638680, 639144, 642869, 646295, 647461, 649334, 653568, 656132,
    656751, 658126, 660105, 660521, 660995, 664144, 668252, 676226, 678242, 678749,
    678800, 680524, 683713, 685979, 687660, 687895, 688770, 689688, 689728, 689970,
    690734, 692838, 693151, 694653, 698334, 699261, 700275, 700433, 701758, 702210,
    706615, 707149, 707246, 708383, 709331, 710409, 712789, 716159, 716310, 717896,
    719067, 719829, 720633, 723669, 724183, 726910, 727124, 728709, 733229, 734286,
    737087, 739415, 746587, 746779, 747546, 748557, 750923, 752221, 753947, 754462,
    755672, 756472, 759340, 762699, 763614, 764371, 768772, 769521, 770494, 774390,
    774517, 777691, 778573, 778784, 780046, 780529, 790623, 791202, 792058, 795041,
    795944, 797307, 798617, 798857, 799858, 799924, 800457, 801108, 802633, 804585,
    805233, 809251, 809324, 812573, 815018, 816874, 819305, 820798, 822405, 823117,
    824477, 828262, 829608, 830555, 830733, 834510, 840037, 840415, 842470, 842546,
    844092, 845658, 850205, 851401, 853749, 857347, 859639, 862953, 867478]
  prime: 9999999967
- ksize: 31
  md5sum: e0d61e133b546d40f37b942c1392cb9b
  mins: [857, 2949, 3130, 9192, 11475, 13772, 13887, 13980, 14715, 15179, 20582, 24482,
    25490, 25910, 26368, 29785, 32665, 38446, 39229, 45098, 50871, 51572, 57955, 58272,
    58295, 62708, 65336, 66827, 70704, 72120, 72320, 72462, 74109, 74802, 76910, 78322,
    80796, 82836, 83024, 84394, 85880, 86420, 90150, 90168, 93731, 95017, 95051, 95751,
    96795, 97898, 98953, 100204, 108310, 108729, 109410, 109590, 109867, 114055, 116524,
    117090, 117549, 118235, 122253, 122318, 123102, 123456, 124229, 124267, 124579,
    127945, 133648, 136379, 138588, 143112, 144229, 146310, 146383, 147254, 147501,
    147683, 158420, 162501, 162910, 168591, 168781, 169747, 169826, 170016, 170388,
    170406, 170753, 170873, 177450, 178180, 178321, 179617, 189030, 189793, 191207,
    191510, 192150, 195919, 201904, 205632, 206638, 206741, 207163, 210028, 213080,
    213152, 214340, 220369, 220480, 223851, 225409, 226311, 227601, 229272, 229610,
    230314, 230318, 239920, 241566, 246139, 248805, 249835, 250552, 259462, 259693,
    261340, 264498, 265825, 267476, 267813, 267953, 268168, 269344, 269986, 270357,
    274241, 275205, 276789, 279965, 280506, 281426, 281677, 281989, 282230, 282621,
    287762, 288784, 289369, 290623, 290859, 290995, 292682, 293507, 297032, 299730,
    300485, 301412, 306667, 308490, 309923, 310161, 310565, 313163, 314197, 316268,
    318684, 319143, 321782, 321883, 322982, 325324, 327764, 327788, 328283, 329450,
    332812, 333823, 334689, 336157, 339777, 339808, 340254, 340473, 342244, 345730,
    345807, 346280, 352872, 354524, 355777, 360283, 362565, 363586, 364309, 366174,
    366805, 367185, 368600, 376517, 376682, 377128, 377182, 378757, 380238, 384804,
    387498, 388594, 391584, 394431, 395576, 396418, 397705, 400512, 401348, 403636,
    404799, 408087, 408166, 409076, 410644, 412040, 412761, 414730, 417067, 417642,
    418184, 419361, 420988, 421843, 423611, 424618, 425907, 426808, 427496, 428174,
    430333, 430354, 431120, 433603, 434450, 438250, 442707, 444608, 445335, 446122,
    448980, 450765, 450781, 451745, 451750, 459166, 459861, 460044, 460123, 466330,
    466591, 467239, 474019, 476144, 476645, 477729, 479352, 481487, 485466, 486059,
    490539, 494609, 495119, 496401, 498307, 499123, 499687, 500093, 500590, 501393,
    501706, 501811, 504413, 506425, 508114, 512483, 515312, 516135, 517909, 519363,
    519389, 521280, 522325, 524831, 526667, 531270, 531789, 531820, 533472, 533835,
    535301, 537368, 538452, 539650, 541606, 546716, 547489, 554105, 556220, 556642,
    556659, 556756, 557421, 558443, 559425, 561240, 563126, 563876, 564342, 565350,
    565793, 567464, 570397, 572240, 572828, 573387, 580683, 581252, 581854, 584432,
    585448, 585754, 586125, 589563, 590924, 591689, 592554, 596582, 598374, 599421,
    600935, 601280, 602341, 602542, 604217, 608718, 611987, 612473, 618520, 618666,
    620342, 620670, 621143, 625279, 628939, 629549, 631128, 631413, 637932, 638996,
    640705, 641234, 641646, 646003, 647107, 648510, 650878, 651418, 652836, 656440,
    657005, 657467, 658524, 663642, 664445, 664889, 665144, 666517, 666764, 669138,
    669939, 673599, 674725, 675866, 677747, 677806, 680471, 685941, 688166, 688809,
    689804, 690623, 691468, 696087, 696870, 702020, 706324, 708207, 708588, 709672,
    710522, 711656, 713505, 714786, 715651, 715773, 717148, 720875, 721346, 722861,
    722912, 722955, 726244, 726695, 727496, 727885, 727955, 729191, 729245, 729870,
    731374, 732957, 734023, 734892, 735103, 735161, 737114, 737404, 737937, 739024,
    740146, 741016, 742901, 743019, 743668, 744144, 746676, 748809, 749483, 751392,
    751574, 751899, 753542, 755765, 757405, 758352, 758906, 760793, 762916, 765557,
    766742, 766782, 766805, 767569, 770400, 772723, 772902, 778629, 782938, 783279,
    784247, 787445, 789271, 790487, 796202, 798955, 799591, 800223, 800983, 801907,
    801948, 802753, 803182, 804269, 804882, 806810, 811834, 813389, 815221, 815562,
    817428, 817540, 817842, 819205, 826211, 827799, 827807, 828695, 828831, 831010,
    834167, 834192, 834245, 834616, 835331, 835347, 836121, 838125, 840510, 841433,
    843301]
  prime: 9999999967
- ksize: 32
  md5sum: b119baa17b68130ae2b1a0c6af0d48ed
  mins: [0, 1764, 1923, 2279, 3058, 3563, 5306, 11213, 11734, 13187, 16347, 16499,
    19817, 21666, 27844, 30953, 32663, 33245, 36896, 38374, 39383, 39700, 41929, 45993,
    47802, 49139, 51746, 56785, 58311, 59176, 60541, 62964, 69150, 71422, 72405, 73742,
    75181, 76257, 76434, 78266, 78496, 80006, 81446, 82000, 84898, 86316, 89950, 92488,
    92867, 97433, 101068, 104445, 105530, 106696, 113198, 119870, 123531, 124422,
    124511, 124531, 125241, 125695, 132000, 134967, 135492, 136593, 139011, 139315,
    139724, 140669, 145019, 146365, 150783, 152342, 153918, 154033, 155453, 155987,
    156838, 158744, 163721, 164481, 166608, 166730, 169482, 170141, 170190, 170968,
    171223, 171800, 175296, 175841, 175858, 176011, 176100, 180667, 182524, 184019,
    185656, 186976, 187176, 187789, 188926, 189732, 191437, 193660, 194615, 195508,
    195632, 198045, 204301, 204874, 206446, 207351, 209888, 210274, 211059, 211819,
    213680, 215968, 217546, 217982, 218024, 221200, 221235, 228088, 232260, 235224,
    236677, 236756, 238854, 239330, 240094, 244866, 245505, 245819, 247945, 248473,
    250220, 251005, 252702, 254036, 255934, 256749, 262260, 262360, 262473, 265447,
    266546, 266899, 269112, 271710, 273491, 274969, 276687, 279682, 281957, 282606,
    282976, 283236, 289075, 290545, 294285, 294432, 294799, 295794, 299440, 300168,
    305093, 309740, 309989, 310193, 311979, 312082, 314914, 315351, 316494, 317096,
    318328, 320993, 322934, 323314, 324464, 324675, 330601, 331043, 331297, 332745,
    335218, 336079, 336527, 337210, 340461, 347046, 347121, 348345, 348619, 348874,
    348989, 351663, 353835, 354752, 355591, 357665, 360387, 360592, 361131, 361383,
    362792, 362850, 363568, 368350, 368502, 369037, 373073, 373199, 374896, 379684,
    380646, 382709, 386031, 386421, 388274, 390359, 390861, 392552, 393645, 395699,
    400072, 408730, 409443, 410040, 410825, 411018, 413672, 414225, 414729, 415976,
    421100, 421409, 421579, 425724, 427097, 427345, 427691, 428576, 428900, 430646,
    436723, 439027, 440929, 443590, 446766, 449123, 449260, 455344, 456012, 457139,
    458423, 464366, 466548, 466624, 471042, 473552, 474967, 475475, 475679, 476580,
    478654, 479653, 479819, 480847, 481310, 482108, 482494, 483241, 483831, 494198,
    495384, 495923, 496184, 498918, 499731, 500708, 506679, 508109, 508908, 510543,
    512102, 514236, 522922, 523067, 524054, 526000, 526860, 527785, 528396, 531679,
    532439, 534094, 535363, 538247, 541048, 543255, 543965, 544487, 545239, 545920,
    547646, 548807, 550259, 550826, 551025, 551419, 554546, 556004, 558121, 560041,
    563145, 564663, 568167, 568511, 568764, 570006, 572714, 572728, 576391, 576921,
    577982, 579458, 580635, 584312, 585503, 590229, 592008, 594460, 594627, 595130,
    595436, 595662, 597034, 597277, 598951, 602584, 604529, 605054, 605924, 606332,
    606732, 607212, 607719, 608082, 609622, 611219, 611501, 615787, 616695, 618745,
    620186, 621347, 621577, 621939, 623083, 624573, 627372, 629455, 631361, 631538,
    632316, 642056, 653387, 653664, 655204, 655436, 658241, 660186, 660957, 661415,
    662063, 663965, 664354, 666976, 668245, 669739, 672165, 672614, 674491, 676074,
    676244, 676528, 676824, 677970, 679939, 680070, 682210, 690314, 694027, 700441,
    702690, 707162, 707965, 708026, 709930, 711075, 713189, 713582, 715023, 715974,
    716790, 717565, 717773, 718916, 719471, 720842, 721325, 721358, 721472, 723572,
    723868, 724110, 724768, 726300, 727056, 727906, 730034, 730924, 731919, 733364,
    734964, 737098, 737958, 738149, 739595, 742651, 745177, 746550, 755974, 756575,
    756972, 758024, 759118, 759398, 760375, 760801, 761621, 762335, 762742, 765451,
    765685, 766169, 773448, 773983, 774882, 775593, 780024, 780445, 781515, 783019,
    783719, 787700, 788240, 788244, 793643, 793917, 795475, 795918, 795933, 799001,
    800014, 800178, 800917, 801452, 804872, 805072, 809280, 809398, 809821, 809990,
    812447, 814288, 815076, 816164, 817081, 831044, 831808, 834403, 835694, 835967,
    837048, 837810, 837920, 838852, 839526, 840625, 840930, 842104, 845323, 846965,
    849918, 851806]
  prime: 9999999967
type: mrnaseq
version: '0.2'
