class: sourmash_signature
email: titus@idyll.org
filename: SRR453569_1.fastq.gz.trimnoV.fq.gz
name: yeast
signatures:
- ksize: 16
  md5sum: 4eefb0b3ef23e281012c51c08b65bafc
  mins: [0, 6251, 22512, 24612, 34364, 49724, 57493, 70422, 71658, 79224, 80156, 82174,
    92662, 96962, 98088, 101272, 135803, 157302, 159555, 179222, 204312, 208857, 216826,
    217651, 231281, 244853, 275227, 279836, 284245, 288308, 296341, 301406, 315961,
    318346, 322471, 323574, 325324, 325687, 330768, 340426, 341413, 344208, 351253,
    355022, 367110, 393545, 394156, 395971, 411250, 412981, 423863, 425012, 426532,
    436281, 451113, 454300, 459611, 474807, 475144, 475516, 476746, 489666, 492126,
    505758, 511790, 518298, 518641, 520907, 524337, 525929, 532838, 549969, 556884,
    562551, 563520, 564764, 565352, 581210, 582021, 582226, 586207, 588337, 590370,
    591839, 609206, 609629, 611027, 619831, 629990, 643596, 646892, 662980, 670827,
    672104, 674254, 698860, 710594, 726229, 733662, 748375, 748487, 757960, 763707,
    772733, 780982, 784341, 784659, 786968, 792547, 794776, 797395, 798365, 805712,
    823371, 833338, 839993, 855895, 862091, 871363, 872892, 876521, 878288, 881251,
    882005, 883954, 890488, 897866, 901323, 903403, 910124, 911792, 919660, 930671,
    932383, 939954, 945619, 946342, 963685, 964071, 964084, 994662, 997823, 1016165,
    1017341, 1020468, 1024930, 1031857, 1053834, 1069517, 1078087, 1081497, 1081942,
    1082349, 1095579, 1100410, 1108549, 1119098, 1127318, 1136185, 1142431, 1146771,
    1154717, 1165507, 1167770, 1180306, 1187476, 1190594, 1192932, 1197466, 1200407,
    1202103, 1232808, 1240453, 1248324, 1251724, 1255178, 1273574, 1280289, 1285243,
    1295009, 1305293, 1309197, 1318066, 1318837, 1338932, 1344416, 1358114, 1361800,
    1363435, 1368300, 1379177, 1393244, 1393450, 1395775, 1395781, 1406461, 1407712,
    1418604, 1425040, 1442754, 1447521, 1450968, 1455962, 1459026, 1466258, 1484856,
    1492855, 1496784, 1511798, 1511960, 1514456, 1527443, 1533499, 1537022, 1538729,
    1549270, 1550587, 1564434, 1566754, 1573192, 1582810, 1600536, 1608381, 1610193,
    1611484, 1621880, 1628390, 1633886, 1634442, 1635190, 1635447, 1651656, 1654392,
    1663117, 1669737, 1684825, 1688911, 1690292, 1697773, 1697780, 1699810, 1706113,
    1710723, 1718602, 1726173, 1731271, 1732714, 1763729, 1774190, 1786633, 1786924,
    1795358, 1799382, 1801511, 1810263, 1824687, 1834098, 1842380, 1844871, 1855237,
    1857553, 1857634, 1862422, 1867344, 1871289, 1875368, 1881649, 1886939, 1915338,
    1921810, 1938019, 1948272, 1951464, 1974874, 1997281, 2011689, 2019724, 2025345,
    2027480, 2029007, 2031559, 2046046, 2058948, 2064528, 2078549, 2087285, 2091832,
    2095485, 2100671, 2104877, 2116764, 2136857, 2149466, 2159462, 2160835, 2164456,
    2169744, 2171651, 2177270, 2185407, 2192591, 2212899, 2224914, 2226840, 2228564,
    2256939, 2258241, 2260169, 2272449, 2272868, 2274041, 2284734, 2287598, 2292068,
    2293652, 2295151, 2319409, 2330276, 2334361, 2340392, 2341743, 2344285, 2352539,
    2353575, 2360043, 2360607, 2363398, 2371841, 2376537, 2387211, 2388770, 2396163,
    2400802, 2422179, 2442267, 2449445, 2450382, 2477401, 2478044, 2490506, 2504484,
    2522266, 2537931, 2543378, 2545967, 2552721, 2563011, 2567472, 2567852, 2568518,
    2574839, 2577500, 2580177, 2585199, 2595773, 2597424, 2598765, 2614095, 2618730,
    2623250, 2628084, 2630870, 2640135, 2643572, 2650948, 2654894, 2658242, 2666435,
    2675114, 2679434, 2694182, 2710080, 2717933, 2721452, 2722720, 2724855, 2732752,
    2752387, 2752774, 2755379, 2761500, 2781643, 2814681, 2820149, 2825655, 2827993,
    2828502, 2832144, 2832917, 2839432, 2896176, 2902272, 2939405, 2952204, 2956109,
    2957850, 2966642, 2970081, 2979700, 2981609, 2982477, 2984890, 2992125, 3001558,
    3002595, 3008407, 3020446, 3020888, 3053613, 3077798, 3080178, 3081512, 3084015,
    3085527, 3091950, 3112246, 3114363, 3116382, 3121300, 3122073, 3141681, 3145518,
    3152707, 3167189, 3174155, 3176765, 3190412, 3196589, 3196712, 3199235, 3201376,
    3204134, 3209786, 3210522, 3220772, 3225167, 3227636, 3235583, 3244614, 3252696,
    3267302, 3275169, 3277601, 3281238, 3282773, 3286715, 3290567, 3296277, 3300119,
    3305374, 3312938, 3320082, 3342086, 3344400, 3346423, 3354180, 3355377, 3359237,
    3359781, 3361235, 3362492, 3367825, 3376748, 3397513, 3402179, 3403638, 3405239,
    3419393, 3421600, 3424455, 3430889, 3447753, 3453513, 3459275, 3471503, 3471726,
    3473918, 3474914, 3487463, 3492454, 3493006, 3502552, 3506176, 3509147, 3527884,
    3538540, 3538837, 3550692, 3563768, 3570188, 3585121, 3592238, 3592648, 3597832,
    3627897, 3642292, 3649633, 3656735, 3662683, 3667185]
  prime: 9999999967
- ksize: 22
  md5sum: 96df23f16d87564398f142a5cb6ee7f6
  mins: [0, 2346, 3431, 7071, 17102, 28496, 32543, 53119, 56221, 58092, 64380, 82205,
    84595, 85758, 99144, 99432, 99771, 103407, 111288, 121281, 124606, 143306, 157148,
    159416, 160030, 168958, 170283, 175289, 180073, 183965, 189736, 200161, 210538,
    212817, 217569, 220538, 225828, 239850, 249405, 251560, 256205, 276754, 277047,
    282756, 295277, 301181, 301837, 306860, 322249, 328801, 333722, 349081, 351418,
    360575, 376584, 377566, 389090, 396137, 404368, 405674, 408929, 422137, 434345,
    450143, 464075, 481332, 491663, 493647, 498068, 502891, 512537, 519274, 520562,
    521835, 524332, 525795, 527225, 530961, 538774, 542135, 545728, 556782, 557032,
    561423, 566711, 574567, 587884, 593294, 604516, 604524, 604855, 609472, 617378,
    621633, 629230, 633868, 637217, 638152, 638680, 649334, 658126, 678749, 687660,
    688770, 689728, 689970, 692838, 699261, 700275, 700433, 702210, 706615, 716310,
    719829, 726910, 733892, 734286, 753947, 759340, 774390, 782104, 798617, 799924,
    800457, 802037, 802633, 813531, 816874, 819305, 839301, 845658, 853749, 862953,
    869583, 903916, 905624, 920033, 921942, 928003, 928017, 930354, 937442, 940080,
    949228, 955715, 960461, 961192, 962688, 963158, 968166, 975566, 976829, 979639,
    984846, 995415, 995880, 1000609, 1004125, 1015913, 1018528, 1018604, 1019210,
    1033844, 1037222, 1042559, 1047078, 1052038, 1058510, 1059494, 1078808, 1086104,
    1095748, 1101205, 1103683, 1108595, 1113993, 1116241, 1117392, 1125195, 1151149,
    1167366, 1168526, 1175726, 1195295, 1198151, 1201628, 1206730, 1215457, 1224419,
    1229925, 1251613, 1252769, 1257657, 1259710, 1259839, 1267484, 1276097, 1276734,
    1282190, 1289357, 1290235, 1302793, 1320864, 1328881, 1343898, 1350841, 1352120,
    1356749, 1378843, 1385040, 1389071, 1389581, 1397330, 1399859, 1400519, 1413402,
    1414247, 1416134, 1429854, 1449566, 1453811, 1456486, 1466620, 1469952, 1490927,
    1492967, 1498044, 1514708, 1517616, 1518138, 1519601, 1522709, 1528079, 1528514,
    1532736, 1539011, 1540411, 1564138, 1570246, 1576833, 1600635, 1602205, 1612749,
    1614390, 1627446, 1638992, 1639066, 1642798, 1652225, 1663490, 1668177, 1670415,
    1674105, 1674796, 1676265, 1679566, 1709708, 1710273, 1715625, 1719369, 1721219,
    1726480, 1729618, 1729740, 1734340, 1741513, 1751635, 1763248, 1771239, 1774999,
    1798284, 1798792, 1801755, 1801762, 1812852, 1824589, 1849521, 1863684, 1866827,
    1880909, 1881036, 1885134, 1885426, 1886317, 1902364, 1916231, 1917946, 1919108,
    1924511, 1931384, 1932675, 1944264, 1945963, 1966817, 1969593, 1970462, 1975126,
    1995469, 1995940, 2021937, 2031817, 2046161, 2054381, 2075919, 2082266, 2083115,
    2097167, 2097533, 2114597, 2117907, 2126811, 2141471, 2146133, 2176675, 2185646,
    2194020, 2195713, 2227940, 2229084, 2240909, 2241716, 2241929, 2243097, 2243174,
    2245969, 2246196, 2253763, 2255612, 2256842, 2259283, 2262532, 2268372, 2273107,
    2278536, 2287313, 2311836, 2317789, 2323425, 2327089, 2330549, 2332458, 2333561,
    2338071, 2338841, 2343365, 2348014, 2350784, 2363741, 2364672, 2368602, 2376406,
    2377453, 2381606, 2384613, 2386919, 2391929, 2391948, 2395997, 2405668, 2410408,
    2410674, 2411849, 2413688, 2416115, 2422033, 2426293, 2426415, 2440381, 2440837,
    2446441, 2448407, 2455798, 2465797, 2476184, 2481451, 2496842, 2499247, 2506164,
    2507532, 2513630, 2514658, 2516654, 2528912, 2533332, 2569175, 2591671, 2595786,
    2609284, 2613968, 2615353, 2619494, 2620893, 2632920, 2633567, 2634944, 2646716,
    2651933, 2654218, 2663875, 2664982, 2678031, 2715907, 2722680, 2728493, 2729043,
    2732168, 2743823, 2744554, 2750302, 2752394, 2755419, 2763369, 2763723, 2772743,
    2781473, 2787602, 2789138, 2795607, 2803499, 2815622, 2816836, 2817187, 2817415,
    2828064, 2828395, 2831177, 2833765, 2846975, 2847300, 2854733, 2858678, 2885027,
    2886027, 2886046, 2886443, 2901887, 2911938, 2912575, 2912874, 2935008, 2935962,
    2952539, 2953988, 2960745, 2973561, 2981401, 2983286, 2983777, 2991110, 2991628,
    2998161, 3006457, 3006495, 3009198, 3009991, 3011371, 3021672, 3025633, 3027429,
    3040585, 3042219, 3050954, 3062306, 3066320, 3068238, 3070080, 3070448, 3071199,
    3077680, 3086933, 3088345, 3096738, 3125728, 3128894, 3159381, 3161509, 3163384,
    3174892, 3187777, 3209632, 3221181, 3222607, 3229096, 3230847, 3242264, 3242771,
    3249753, 3252777, 3253933, 3259784, 3263611, 3263744, 3268168, 3272644, 3273859,
    3278870, 3289916, 3296551, 3301666, 3317744]
  prime: 9999999967
- ksize: 31
  md5sum: 6d1a095d4c2f1c0e3932410b32cdb8bf
  mins: [857, 3130, 38385, 50871, 57955, 58272, 58295, 62708, 65336, 90168, 93731,
    98953, 108729, 109410, 109867, 114055, 116524, 117090, 133648, 138588, 146383,
    148988, 153772, 162910, 168591, 170753, 179617, 189030, 195919, 204993, 220369,
    229610, 233824, 259693, 274241, 280506, 290995, 301412, 306667, 309923, 310161,
    325324, 328283, 332812, 339808, 340473, 345807, 360283, 362565, 363586, 366805,
    394431, 395576, 403636, 408166, 412761, 417067, 424618, 430333, 431120, 446122,
    451750, 460044, 474019, 476551, 485466, 490539, 495119, 496401, 498307, 499687,
    503907, 506425, 519389, 521229, 521280, 531820, 546716, 547489, 549513, 563126,
    570397, 572240, 591689, 596582, 598374, 601280, 602542, 611987, 612147, 620670,
    631128, 640705, 641234, 646003, 648510, 650878, 657467, 664445, 666517, 669939,
    674725, 680471, 691468, 703962, 706324, 709672, 710522, 722912, 722955, 727885,
    729245, 734023, 735103, 735161, 739024, 742901, 744690, 753542, 758906, 760793,
    766742, 766782, 770400, 789271, 796480, 804269, 806810, 815221, 827799, 827832,
    833819, 834167, 835347, 849057, 849058, 849551, 864856, 864889, 879930, 883072,
    891313, 899309, 900018, 917204, 922931, 923226, 933086, 952688, 955329, 991194,
    992361, 1007611, 1015696, 1018742, 1022432, 1031819, 1035203, 1037420, 1039441,
    1053353, 1068833, 1071496, 1071625, 1072419, 1073884, 1076933, 1084293, 1088657,
    1090925, 1095047, 1097745, 1110985, 1125933, 1160077, 1162518, 1163725, 1182964,
    1199727, 1205506, 1209008, 1215463, 1223806, 1249782, 1259276, 1274183, 1285339,
    1292880, 1293316, 1298892, 1310023, 1317353, 1334128, 1349702, 1356243, 1357665,
    1365805, 1367990, 1375290, 1375328, 1383743, 1389290, 1389767, 1390270, 1397257,
    1397873, 1406615, 1411027, 1411660, 1414572, 1422324, 1425201, 1428780, 1438557,
    1442789, 1443705, 1446612, 1455772, 1456567, 1464805, 1476837, 1503460, 1503735,
    1525578, 1537780, 1542739, 1544321, 1556153, 1558333, 1562642, 1564436, 1566836,
    1572865, 1586188, 1592425, 1604181, 1605893, 1621895, 1632111, 1634079, 1640615,
    1646054, 1646129, 1646546, 1648314, 1649612, 1655380, 1661576, 1663548, 1687463,
    1689265, 1694998, 1709866, 1719287, 1721597, 1729548, 1734300, 1737636, 1741854,
    1754179, 1783465, 1798147, 1799016, 1817615, 1824323, 1824360, 1841393, 1841808,
    1843932, 1860129, 1865440, 1868148, 1886034, 1897786, 1898045, 1906072, 1913190,
    1914351, 1922640, 1927295, 1927415, 1936114, 1937947, 1951740, 1954945, 1955460,
    1962465, 1971150, 1971492, 1986529, 1995848, 2000727, 2008274, 2014497, 2023490,
    2036519, 2036901, 2041430, 2042782, 2043740, 2058490, 2060029, 2060811, 2078685,
    2079897, 2081783, 2082291, 2086689, 2086964, 2087150, 2094510, 2099032, 2103278,
    2112447, 2113275, 2121291, 2123956, 2130739, 2131218, 2134156, 2136061, 2136097,
    2136615, 2143188, 2152281, 2154615, 2159913, 2166595, 2169110, 2171474, 2173427,
    2195181, 2198047, 2202666, 2204207, 2210010, 2239530, 2244429, 2248406, 2248636,
    2250286, 2259414, 2267901, 2271609, 2272201, 2281552, 2287391, 2295348, 2299876,
    2302007, 2311885, 2315383, 2322004, 2323730, 2328465, 2329983, 2334819, 2340488,
    2348555, 2354162, 2363406, 2364416, 2365089, 2368764, 2373438, 2380190, 2386690,
    2389105, 2391588, 2391852, 2421606, 2432118, 2438211, 2438659, 2443046, 2453328,
    2453899, 2459557, 2465499, 2468894, 2498387, 2502874, 2504425, 2506453, 2508210,
    2510915, 2511107, 2512673, 2522906, 2523543, 2531635, 2542047, 2558453, 2572224,
    2574392, 2579561, 2580601, 2584867, 2619370, 2622905, 2625655, 2630363, 2632946,
    2642308, 2649852, 2651515, 2658277, 2670499, 2677068, 2678649, 2678879, 2679087,
    2679768, 2683985, 2685111, 2696082, 2696388, 2703431, 2712642, 2714599, 2718181,
    2719043, 2729272, 2734057, 2736252, 2756404, 2758489, 2759017, 2765760, 2767324,
    2770930, 2772079, 2773054, 2784731, 2786981, 2791199, 2801097, 2818773, 2831896,
    2841213, 2857323, 2863816, 2878560, 2886676, 2891937, 2893250, 2895485, 2899783,
    2904692, 2913684, 2915190, 2916193, 2924710, 2936746, 2943920, 2952550, 2961513,
    2992992, 3000158, 3000993, 3006964, 3020174, 3023285, 3047534, 3050247, 3052421,
    3053740, 3059034, 3059489, 3084321, 3087120, 3097073, 3101654, 3101795, 3104659,
    3116392, 3119623, 3132429, 3135842, 3142976, 3145676, 3149437, 3160294, 3187272,
    3188772, 3188935, 3193380, 3199248, 3201766, 3202596, 3227518, 3231216, 3234558,
    3240367, 3242470, 3243576, 3253696, 3253960, 3267022, 3268423]
  prime: 9999999967
- ksize: 32
  md5sum: 04a32c5a2ef7808548ae069813d41feb
  mins: [1923, 3563, 13401, 19817, 36896, 56785, 57787, 63265, 63864, 86316, 89950,
    92488, 96929, 104445, 113198, 150783, 153918, 154033, 155987, 156838, 163721,
    184019, 188926, 194615, 198045, 209888, 210274, 213680, 217228, 232260, 244692,
    252499, 252702, 257478, 262260, 269112, 274969, 279682, 283236, 289075, 295794,
    305093, 309740, 309989, 312082, 315351, 335218, 337210, 363568, 373199, 382709,
    386031, 390359, 390861, 393645, 395699, 421409, 425724, 428900, 456012, 464366,
    473552, 476580, 477660, 481005, 483831, 495923, 496184, 499731, 500708, 508908,
    512102, 524054, 528396, 532439, 545920, 550259, 551419, 563145, 568511, 577982,
    584400, 594627, 595436, 605054, 608082, 615787, 621347, 623083, 627372, 642056,
    650124, 655204, 660186, 661415, 672165, 676528, 676824, 677970, 679939, 682210,
    690314, 702690, 707162, 707965, 713582, 719471, 720842, 723868, 733364, 737098,
    738149, 743647, 746550, 756575, 758024, 760375, 761621, 773983, 774882, 793643,
    795918, 800178, 804872, 817133, 834403, 835967, 836732, 838852, 842104, 845323,
    852598, 853089, 854846, 857099, 871861, 872579, 884046, 893748, 907880, 914411,
    915370, 926513, 932786, 937548, 941136, 949951, 956132, 959312, 968180, 971658,
    973871, 991068, 993666, 997845, 1003052, 1006443, 1013515, 1015639, 1016299, 1034070,
    1050403, 1061636, 1064427, 1068993, 1069841, 1077398, 1080814, 1088434, 1090739,
    1110887, 1115624, 1132266, 1140139, 1152092, 1178236, 1183241, 1200242, 1206470,
    1213320, 1221064, 1221773, 1225201, 1229228, 1233159, 1237331, 1242656, 1245798,
    1258803, 1266154, 1270029, 1273780, 1275160, 1277198, 1286033, 1293645, 1295587,
    1304003, 1309073, 1325054, 1335741, 1341708, 1341905, 1341962, 1368606, 1379095,
    1380306, 1396377, 1414076, 1422063, 1432623, 1437022, 1458623, 1463424, 1464471,
    1502182, 1514127, 1516389, 1521788, 1530850, 1543413, 1549704, 1558843, 1563347,
    1565790, 1571437, 1572678, 1573044, 1589509, 1597136, 1613216, 1629493, 1630472,
    1645473, 1658201, 1660153, 1691307, 1704168, 1709647, 1725678, 1726701, 1741397,
    1742279, 1742329, 1748232, 1752659, 1755712, 1763644, 1769832, 1772000, 1777218,
    1784620, 1788334, 1789795, 1791590, 1799573, 1809742, 1816548, 1818260, 1818303,
    1818661, 1848793, 1849389, 1853970, 1855468, 1869560, 1886830, 1888533, 1888757,
    1889029, 1900268, 1901951, 1910946, 1924353, 1928751, 1939106, 1940806, 1955363,
    1967812, 1977541, 1977713, 2008372, 2054285, 2058160, 2060215, 2070385, 2095188,
    2115942, 2117634, 2117882, 2122311, 2138106, 2139695, 2140684, 2141949, 2145290,
    2156530, 2168881, 2175849, 2178179, 2195260, 2195517, 2196822, 2198368, 2220145,
    2223655, 2243250, 2269803, 2271749, 2273506, 2277829, 2279335, 2285990, 2286507,
    2287693, 2288135, 2290154, 2290781, 2290967, 2296723, 2303017, 2305389, 2318580,
    2330981, 2368023, 2390773, 2392580, 2397000, 2412896, 2414426, 2417672, 2423374,
    2423825, 2432018, 2459978, 2461028, 2471144, 2471980, 2499548, 2500268, 2502469,
    2505092, 2510202, 2525364, 2526081, 2527355, 2528320, 2534596, 2536657, 2539348,
    2540522, 2545681, 2545869, 2557510, 2564831, 2572846, 2592303, 2593417, 2606551,
    2618964, 2626618, 2643357, 2644712, 2647938, 2666677, 2667493, 2669365, 2678726,
    2679197, 2686928, 2694814, 2696141, 2696208, 2730846, 2733548, 2735038, 2736295,
    2740227, 2743987, 2753392, 2757746, 2760526, 2762296, 2763295, 2770860, 2774398,
    2777053, 2779367, 2784655, 2788920, 2790332, 2799096, 2818579, 2833382, 2834232,
    2844678, 2859788, 2860114, 2868967, 2869685, 2876899, 2879587, 2883466, 2909175,
    2925710, 2957768, 2964394, 2967542, 2972255, 2985452, 3014509, 3034464, 3037964,
    3039448, 3044837, 3048684, 3062604, 3070069, 3075554, 3095723, 3096639, 3097515,
    3099048, 3101880, 3104088, 3133232, 3136805, 3137039, 3155244, 3161099, 3165854,
    3166893, 3174961, 3175395, 3179422, 3185484, 3195983, 3205922, 3211514, 3217378,
    3221938, 3224594, 3236325, 3236752, 3265516, 3268186, 3268737, 3269223, 3276077,
    3278726, 3284835, 3286284, 3299354, 3300665, 3318978, 3336251, 3340025, 3340896,
    3345719, 3350875, 3363986, 3367390, 3370174, 3372502, 3381967, 3382127, 3388588,
    3393978, 3400913, 3403889, 3405400, 3421871, 3422113, 3422505, 3423448, 3428818,
    3429264, 3429719, 3430242, 3435654, 3435765, 3447275, 3451273, 3453357, 3459138,
    3478542, 3489311, 3501884, 3502803, 3511668, 3527370, 3541114, 3544682, 3557204,
    3579896, 3591394, 3601592, 3603614, 3614013, 3632961]
  prime: 9999999967
type: mrnaseq
version: '0.2'
