class: sourmash_signature
email: titus@idyll.org
filename: SRR453566_1.fastq.gz.trimnoV.fq.gz
name: yeast
signatures:
- ksize: 16
  md5sum: 0a946520aaeab96f1d6a7f3100ee195f
  mins: [0, 14335, 20057, 22512, 23633, 24612, 25473, 34364, 49724, 57493, 57891,
    60084, 63804, 70422, 71658, 74400, 79224, 82174, 86281, 92662, 98088, 101272,
    102608, 103223, 135803, 157302, 158524, 159555, 162250, 162928, 169703, 179222,
    183445, 204312, 208857, 208916, 216826, 227833, 231281, 234074, 251581, 255164,
    260138, 265797, 273074, 275227, 288308, 296341, 299775, 301406, 305651, 312275,
    315961, 322471, 325324, 330768, 331138, 333887, 335489, 340426, 340704, 341413,
    344208, 346775, 355022, 360898, 375648, 390509, 393545, 394156, 395971, 411250,
    412981, 419484, 422369, 423863, 425012, 426532, 429929, 433518, 436281, 445451,
    451113, 454300, 459611, 474807, 475144, 475516, 476746, 489666, 492126, 504830,
    505758, 508010, 508029, 511790, 518298, 518641, 520907, 522473, 524337, 525929,
    526342, 531819, 532838, 538908, 544524, 544751, 545827, 549969, 556884, 563520,
    564764, 565352, 581210, 582021, 582226, 586207, 588337, 588934, 590370, 591839,
    593051, 596710, 609206, 609629, 611027, 613482, 619831, 625653, 629990, 632477,
    635022, 636416, 643596, 646285, 646892, 656214, 662980, 666127, 670241, 670567,
    670827, 672104, 681604, 697983, 698860, 710594, 726746, 733662, 748375, 748487,
    754938, 755566, 756841, 761044, 763707, 767233, 772733, 778412, 784341, 784659,
    786968, 792547, 794776, 797395, 802279, 823371, 829792, 832361, 833338, 839993,
    841480, 855895, 857165, 866591, 871363, 872892, 876521, 878288, 881251, 882005,
    883948, 883954, 897866, 903403, 906101, 910124, 911792, 919660, 930671, 932383,
    939954, 963685, 965782, 965797, 977289, 979318, 984287, 997823, 999488, 1003036,
    1016165, 1017341, 1020468, 1024930, 1026483, 1027644, 1031857, 1049024, 1055171,
    1057689, 1069517, 1074635, 1078087, 1078787, 1081497, 1082349, 1089384, 1095579,
    1100410, 1108549, 1112414, 1119098, 1127318, 1136185, 1146771, 1154717, 1161657,
    1164125, 1165507, 1167770, 1168161, 1168880, 1169486, 1169999, 1180306, 1181325,
    1187476, 1196097, 1197466, 1200407, 1202103, 1202531, 1203251, 1211876, 1232808,
    1238852, 1240337, 1248029, 1248324, 1251724, 1252655, 1255178, 1273574, 1292864,
    1294704, 1305293, 1308411, 1309197, 1318066, 1331500, 1338932, 1344416, 1349526,
    1355283, 1358114, 1361570, 1361800, 1368300, 1368784, 1369558, 1379177, 1384280,
    1393244, 1395781, 1406461, 1406770, 1407712, 1410404, 1415800, 1418604, 1425040,
    1425217, 1442754, 1447521, 1450968, 1455962, 1459026, 1464149, 1466258, 1472941,
    1482921, 1484856, 1488225, 1488795, 1492316, 1492855, 1496784, 1497272, 1501870,
    1511798, 1511960, 1515014, 1533499, 1538729, 1543602, 1544829, 1549270, 1549438,
    1554514, 1555840, 1562420, 1562700, 1564434, 1566754, 1569834, 1573192, 1582810,
    1583301, 1597994, 1598261, 1600158, 1600536, 1602981, 1610193, 1610262, 1611484,
    1621880, 1634442, 1635190, 1640156, 1651656, 1653630, 1653834, 1657353, 1663117,
    1669737, 1683848, 1684825, 1685076, 1688911, 1689561, 1696593, 1697773, 1699810,
    1701386, 1704701, 1706113, 1706822, 1709267, 1710723, 1718602, 1726173, 1729240,
    1731271, 1732714, 1741491, 1744190, 1763729, 1765019, 1771206, 1771738, 1774190,
    1782299, 1786633, 1786924, 1795358, 1799382, 1801511, 1803840, 1810263, 1812617,
    1820065, 1823485, 1824392, 1824687, 1834098, 1837353, 1842380, 1844230, 1845285,
    1849622, 1855237, 1855244, 1855450, 1857634, 1875368, 1881649, 1885546, 1885761,
    1886939, 1890773, 1893597, 1904680, 1915338, 1916940, 1920837, 1921810, 1927869,
    1930958, 1935322, 1938019, 1941201, 1948272, 1950211, 1951464, 1956960, 1974874,
    1979653, 1986538, 1991523, 1997281, 1998013, 2011689, 2019724, 2025345, 2028246,
    2029007, 2032874, 2045597, 2045849, 2046046, 2058948, 2078549, 2081966, 2087285,
    2090985, 2091832, 2100671, 2104877, 2111695, 2116764, 2126091, 2136857, 2143692,
    2159462, 2160412, 2160835, 2162352, 2163074, 2168082, 2169744, 2171651, 2177270,
    2182870, 2185407, 2192591, 2195399, 2196830, 2205234, 2206272, 2207911, 2212899,
    2226840, 2236020, 2236182, 2248116, 2255817, 2256939, 2258241, 2260169, 2261211,
    2266168, 2271823, 2272449, 2272868, 2284734, 2287598, 2288799, 2290234, 2292068,
    2293515, 2293652, 2295151, 2307211, 2310166, 2319409, 2330276, 2333229, 2334361,
    2340392, 2341743, 2344285, 2352151, 2352539, 2352575, 2352792, 2353575, 2360043,
    2360607, 2363398, 2368567, 2371841, 2375742, 2376537, 2379867, 2381268, 2385352,
    2386921]
  prime: 9999999967
- ksize: 22
  md5sum: b65b04cc1bbd156905c0892211207e80
  mins: [0, 3431, 7071, 14290, 17102, 28496, 32543, 56221, 57358, 58092, 64286, 64380,
    64428, 65170, 70619, 70921, 78999, 82205, 84595, 85758, 87672, 93792, 99144, 102037,
    104347, 109734, 110144, 111288, 121234, 121281, 129167, 133334, 140102, 160030,
    163822, 168958, 170283, 175289, 176783, 180073, 183965, 189614, 189736, 193432,
    199766, 200161, 203116, 210538, 212817, 217569, 220538, 225828, 238664, 239850,
    242240, 249405, 251140, 255510, 256205, 261870, 270299, 277047, 282756, 289451,
    295277, 301181, 301837, 306860, 322961, 328801, 335649, 346554, 349081, 351418,
    356333, 356501, 360575, 376584, 377833, 389090, 392628, 396137, 405674, 408526,
    408929, 421217, 422137, 438511, 438904, 445088, 450143, 453971, 469226, 480867,
    483801, 487778, 491663, 498068, 506753, 512537, 513488, 516915, 519274, 521835,
    524332, 525795, 527225, 530961, 532960, 542135, 551885, 556537, 556782, 557032,
    559587, 560939, 561423, 564740, 567655, 571635, 571655, 585870, 587884, 590649,
    593294, 600414, 602386, 602548, 603950, 604516, 604524, 604855, 609472, 611118,
    612231, 621633, 623532, 629230, 633868, 637217, 638177, 638680, 639144, 649334,
    658126, 660521, 664144, 668252, 678749, 678800, 687660, 688770, 689728, 689970,
    699261, 700275, 700433, 702210, 706615, 707149, 710409, 716310, 719829, 726910,
    727124, 734286, 737087, 739415, 753947, 754462, 759340, 769521, 770494, 774390,
    774517, 778573, 795944, 798617, 799858, 799924, 800457, 816874, 819305, 824477,
    845658, 851401, 853749, 859639, 862953, 867864, 869583, 899186, 900434, 903097,
    903916, 905624, 908688, 909370, 913668, 920033, 921942, 928003, 928017, 937442,
    940080, 947736, 949228, 955715, 960461, 963158, 975566, 979639, 980133, 984846,
    995415, 995880, 1000609, 1002989, 1004125, 1007101, 1009243, 1009529, 1013718,
    1015913, 1018528, 1019210, 1025819, 1035106, 1036979, 1037222, 1042559, 1045850,
    1052038, 1053554, 1057288, 1058510, 1059494, 1063133, 1078808, 1091067, 1095748,
    1097534, 1100121, 1101205, 1108595, 1116241, 1117392, 1121662, 1140669, 1141282,
    1151149, 1151388, 1158665, 1159004, 1164729, 1164815, 1165794, 1168526, 1175726,
    1185129, 1191472, 1195295, 1198151, 1201628, 1206730, 1208416, 1214165, 1226993,
    1229925, 1236305, 1238033, 1244691, 1251613, 1252769, 1257657, 1259710, 1259839,
    1266959, 1276097, 1289357, 1290235, 1299175, 1299923, 1302054, 1302793, 1320864,
    1322810, 1328881, 1334364, 1337502, 1339203, 1344332, 1349935, 1350841, 1352120,
    1356749, 1378843, 1381204, 1384881, 1385040, 1389071, 1389581, 1397330, 1399859,
    1400519, 1414247, 1427518, 1440790, 1445547, 1449566, 1453811, 1456486, 1466620,
    1482615, 1490030, 1490927, 1491152, 1492967, 1502523, 1513317, 1514708, 1517616,
    1518138, 1519601, 1528079, 1528514, 1532516, 1539011, 1540411, 1543506, 1559625,
    1564138, 1567019, 1576833, 1581628, 1588038, 1593208, 1600635, 1602205, 1612749,
    1614390, 1619000, 1627446, 1633104, 1638992, 1639066, 1642798, 1652225, 1663490,
    1665199, 1670415, 1672214, 1674105, 1676265, 1689100, 1709708, 1715625, 1719369,
    1721219, 1726480, 1729618, 1729740, 1734340, 1741513, 1746756, 1751635, 1756005,
    1758998, 1759141, 1771002, 1771239, 1771377, 1780933, 1798284, 1798792, 1801755,
    1801762, 1812852, 1822861, 1824589, 1825401, 1830538, 1834555, 1847669, 1852455,
    1859499, 1868220, 1869217, 1872404, 1880909, 1881036, 1882598, 1885134, 1885426,
    1886317, 1887594, 1898265, 1902364, 1904243, 1913811, 1916231, 1917589, 1917946,
    1919035, 1919108, 1925627, 1931384, 1933203, 1942501, 1944264, 1945963, 1966817,
    1969523, 1969593, 1970462, 1974690, 1975126, 1975458, 1994415, 1995469, 1995940,
    2004859, 2007389, 2014065, 2017149, 2021937, 2022431, 2031817, 2048982, 2054381,
    2082266, 2097167, 2097533, 2102593, 2107163, 2113382, 2114597, 2117907, 2126811,
    2141471, 2145213, 2146133, 2156088, 2165414, 2167418, 2175074, 2176675, 2176829,
    2178286, 2189424, 2193848, 2200982, 2220458, 2227940, 2241716, 2241929, 2243097,
    2243174, 2246196, 2249985, 2252169, 2254717, 2255612, 2256842, 2259283, 2268372,
    2278536, 2287313, 2302105, 2303382, 2315575, 2323425, 2324953, 2327089, 2330549,
    2332458, 2333561, 2335153, 2338071, 2338841, 2340854, 2343365, 2348014, 2352418,
    2363741, 2368602, 2376406, 2377266, 2381606, 2386919, 2390240, 2391929, 2391948,
    2399806, 2403818, 2404512, 2405668, 2405836, 2410408, 2410674]
  prime: 9999999967
- ksize: 31
  md5sum: 91bb7c5a85450028a647d41c2ff330d0
  mins: [857, 3130, 14715, 24482, 50871, 57955, 58272, 58295, 62708, 65336, 66827,
    72462, 76910, 84394, 85880, 90168, 93731, 97898, 100204, 108729, 109410, 109867,
    114055, 117090, 117549, 122318, 123456, 127945, 133648, 138588, 146310, 146383,
    147254, 147683, 162910, 168591, 168781, 169826, 170406, 170753, 178321, 179617,
    189030, 195919, 205632, 206638, 207163, 213080, 220369, 226311, 229610, 239920,
    241566, 250552, 259693, 267953, 274241, 279965, 280506, 281426, 281677, 288784,
    290859, 290995, 301412, 306667, 309923, 310565, 314197, 321782, 325324, 327764,
    328283, 333823, 339808, 340473, 345807, 352872, 360283, 362565, 363586, 366174,
    366805, 367185, 368600, 376517, 377182, 394431, 395576, 401348, 403636, 408166,
    412761, 417067, 418184, 421843, 424618, 430333, 431120, 434450, 444608, 445335,
    446122, 451745, 451750, 460044, 474019, 485466, 490539, 495119, 496401, 498307,
    499687, 501811, 504413, 506425, 521280, 531789, 531820, 537368, 541606, 546716,
    547489, 556756, 558443, 563126, 570397, 572240, 581252, 591689, 598374, 601280,
    602542, 611987, 618520, 618666, 620670, 621143, 631128, 631413, 637932, 640705,
    641234, 646003, 647107, 648510, 650878, 656440, 657005, 657467, 666517, 669939,
    674725, 680471, 685941, 689804, 690623, 691468, 706324, 710522, 715651, 717148,
    722861, 722912, 722955, 726244, 727496, 727885, 727955, 729191, 729245, 734892,
    735103, 735161, 739024, 742901, 748809, 753542, 755765, 758906, 760793, 762916,
    766742, 766782, 770400, 782938, 789271, 799591, 804269, 806810, 811834, 813389,
    817842, 827807, 834167, 834245, 835347, 840510, 849057, 849058, 849551, 851652,
    855917, 864700, 864856, 864889, 865576, 879930, 885850, 891313, 899183, 899309,
    900018, 910020, 914181, 917183, 917204, 918384, 921759, 922931, 923226, 935870,
    940693, 941509, 952688, 955329, 966846, 972209, 973434, 988446, 989257, 991194,
    992361, 994585, 996380, 997271, 1001869, 1015696, 1022432, 1031462, 1031819, 1035203,
    1037420, 1039441, 1053086, 1054453, 1060575, 1068325, 1068833, 1071496, 1071583,
    1071625, 1072419, 1073884, 1075130, 1076933, 1084293, 1084385, 1088577, 1088657,
    1090925, 1095047, 1097745, 1102255, 1107540, 1110985, 1119369, 1125933, 1144323,
    1147586, 1148426, 1160077, 1160594, 1162518, 1163725, 1177517, 1179600, 1182964,
    1185445, 1193371, 1195960, 1198732, 1205506, 1209008, 1215463, 1223806, 1227074,
    1252672, 1255914, 1256542, 1259276, 1277510, 1286267, 1292880, 1293316, 1293640,
    1301904, 1308817, 1310023, 1314231, 1317353, 1349702, 1350186, 1355572, 1356243,
    1357665, 1359235, 1367599, 1367990, 1369244, 1375290, 1375328, 1384371, 1386823,
    1389137, 1389290, 1390270, 1397257, 1406615, 1408151, 1408262, 1411027, 1411660,
    1414213, 1414572, 1422324, 1425201, 1428780, 1436490, 1438557, 1446612, 1450627,
    1451984, 1455772, 1456567, 1464805, 1473869, 1474617, 1476837, 1483126, 1484461,
    1486820, 1503460, 1504209, 1519165, 1525578, 1528219, 1537456, 1553106, 1556153,
    1558333, 1561991, 1564436, 1566836, 1580814, 1586122, 1586188, 1592425, 1595920,
    1605893, 1610835, 1621895, 1627327, 1630489, 1632111, 1634079, 1638408, 1640615,
    1645973, 1646054, 1646129, 1646546, 1648314, 1655380, 1660864, 1661152, 1661576,
    1663548, 1677840, 1684898, 1687463, 1689265, 1694998, 1699147, 1709866, 1710897,
    1712382, 1714736, 1729548, 1741854, 1750670, 1754179, 1762172, 1768204, 1776261,
    1783465, 1788943, 1791873, 1798147, 1799016, 1805284, 1816636, 1817615, 1818128,
    1822784, 1824323, 1826293, 1829923, 1843932, 1860129, 1865440, 1868148, 1871780,
    1874849, 1886034, 1887998, 1895711, 1897786, 1898045, 1906072, 1907116, 1909258,
    1909832, 1910902, 1913190, 1916863, 1927415, 1932561, 1936114, 1938869, 1948673,
    1951740, 1954945, 1955460, 1962465, 1971150, 1971492, 1976178, 1986529, 1995848,
    2000727, 2006503, 2007859, 2008274, 2011546, 2019569, 2023490, 2027798, 2030416,
    2036901, 2039573, 2041430, 2042782, 2058490, 2060029, 2060811, 2076971, 2078685,
    2079897, 2080453, 2081783, 2082256, 2082291, 2086689, 2086964, 2087150, 2094510,
    2098544, 2099032, 2104016, 2106522, 2112447, 2116571, 2121291, 2123956, 2129332,
    2130739, 2131218, 2134156, 2136061, 2136097, 2136615, 2146137, 2152281, 2154615,
    2159848, 2161310, 2166595, 2169110, 2171474, 2173427, 2191564, 2195390, 2202666,
    2204207, 2207846, 2221940, 2222726, 2235071, 2239524]
  prime: 9999999967
- ksize: 32
  md5sum: 16f9aba9f47605e041993dd9583c74f6
  mins: [0, 1923, 3563, 11213, 16347, 16499, 21666, 27844, 36896, 38374, 45993, 56785,
    58311, 59176, 60541, 69150, 78496, 86316, 101068, 104445, 113198, 124511, 124531,
    134967, 136593, 140669, 150783, 153918, 154033, 155987, 156838, 163721, 166730,
    171223, 171800, 175841, 175858, 176011, 184019, 188926, 193660, 194615, 195508,
    195632, 198045, 204874, 210274, 213680, 217546, 221235, 228088, 232260, 235224,
    245505, 248473, 252702, 256749, 262473, 266546, 269112, 274969, 279682, 282976,
    283236, 289075, 295794, 305093, 309740, 309989, 312082, 315351, 317096, 324464,
    335218, 337210, 348874, 353835, 357665, 361131, 361383, 363568, 373073, 373199,
    379684, 382709, 386031, 390359, 395699, 408730, 410040, 413672, 421409, 421579,
    425724, 428900, 436723, 458423, 464366, 466624, 473552, 475475, 476580, 479653,
    481310, 483831, 494198, 495923, 496184, 499731, 500708, 508908, 512102, 524054,
    528396, 532439, 545920, 550259, 551025, 554546, 556004, 563145, 568511, 570006,
    576391, 579458, 580635, 594627, 595436, 602584, 605054, 608082, 611219, 615787,
    621347, 623083, 627372, 632316, 642056, 655204, 655436, 660186, 661415, 662063,
    672165, 676528, 676824, 677970, 679939, 682210, 690314, 702690, 707162, 707965,
    715023, 719471, 720842, 721358, 723868, 724110, 724768, 730924, 737098, 737958,
    738149, 739595, 745177, 746550, 756575, 758024, 760375, 760801, 761621, 762742,
    773983, 774882, 780445, 787700, 795918, 795933, 800178, 809280, 817081, 834403,
    835694, 835967, 838852, 842104, 845323, 853089, 854846, 859748, 865920, 871861,
    872579, 880655, 892934, 893748, 907880, 909461, 918305, 926513, 932786, 934105,
    936543, 937548, 939897, 941136, 945488, 947309, 948561, 951677, 958142, 958485,
    959312, 968180, 971658, 973871, 977974, 979910, 991068, 993666, 994263, 995129,
    997757, 998450, 1003052, 1006443, 1013515, 1015639, 1017990, 1019801, 1020215,
    1022729, 1034070, 1061636, 1068993, 1069841, 1077398, 1080814, 1088434, 1090571,
    1090739, 1098815, 1110887, 1122489, 1128824, 1130345, 1130560, 1132266, 1138362,
    1140139, 1141109, 1144280, 1152092, 1157486, 1170651, 1175774, 1178236, 1198942,
    1200242, 1206470, 1206522, 1210128, 1213320, 1217134, 1221773, 1225201, 1229228,
    1233159, 1236366, 1236564, 1237331, 1240736, 1241331, 1242656, 1243985, 1244489,
    1254929, 1257404, 1258741, 1260630, 1262859, 1266154, 1270029, 1273229, 1273780,
    1275160, 1277198, 1286033, 1290485, 1291069, 1293645, 1295587, 1304003, 1309073,
    1312764, 1313182, 1319251, 1329624, 1335741, 1338172, 1339188, 1341708, 1341905,
    1357544, 1365929, 1368606, 1370828, 1375921, 1379095, 1379593, 1380306, 1393385,
    1396397, 1403714, 1406153, 1414076, 1416112, 1422234, 1431531, 1437022, 1442908,
    1455004, 1458623, 1463424, 1474973, 1484311, 1497292, 1502182, 1506760, 1514127,
    1516389, 1521788, 1529335, 1529451, 1530850, 1543413, 1543992, 1544408, 1549704,
    1558843, 1560768, 1563347, 1564829, 1565790, 1568578, 1570277, 1571437, 1573044,
    1582602, 1589509, 1602866, 1611537, 1613216, 1613874, 1614927, 1614990, 1629493,
    1630472, 1632261, 1645473, 1652471, 1658201, 1660153, 1672016, 1672060, 1678427,
    1691307, 1704168, 1707197, 1716414, 1719018, 1726041, 1726701, 1728745, 1729241,
    1738292, 1741397, 1742329, 1742496, 1755712, 1756721, 1756821, 1768227, 1769832,
    1777218, 1788334, 1788804, 1789795, 1798994, 1799573, 1809742, 1816548, 1818260,
    1818303, 1818661, 1819794, 1821715, 1822827, 1824540, 1827414, 1837146, 1848793,
    1849389, 1853970, 1854181, 1855468, 1857921, 1869128, 1869560, 1879726, 1886830,
    1888533, 1888757, 1889029, 1892346, 1893784, 1900268, 1924353, 1936154, 1940806,
    1955363, 1963124, 1964407, 1967812, 1971392, 1977541, 1977713, 1981822, 1994891,
    2008372, 2024446, 2028750, 2036711, 2036730, 2040012, 2054285, 2057118, 2058160,
    2060215, 2070385, 2079119, 2080473, 2082073, 2090614, 2092372, 2092829, 2099660,
    2103871, 2117634, 2117882, 2122311, 2122472, 2126161, 2136158, 2138106, 2139207,
    2139695, 2140684, 2141949, 2145290, 2168881, 2172628, 2178179, 2191654, 2195260,
    2195517, 2196822, 2198368, 2220145, 2220267, 2227399, 2231075, 2243250, 2256447,
    2269803, 2270591, 2273506, 2273783, 2277829, 2279335, 2280639, 2282851, 2285990,
    2287693, 2288033, 2288135, 2290154, 2293026, 2296723, 2303017, 2315210, 2316615,
    2316941, 2318580, 2329858, 2330981, 2341529, 2350926, 2362170]
  prime: 9999999967
type: mrnaseq
version: '0.2'
