class: sourmash_signature
email: titus@idyll.org
filename: SRR453566_1.fastq.gz.trimnoV.fq.gz
name: yeast
signatures:
- ksize: 16
  md5sum: 31b8c8aea6dcc995eaef62c69061380e
  mins: [0, 14335, 22512, 24612, 25473, 49724, 57493, 57891, 71658, 74400, 79224,
    92662, 98088, 157302, 159555, 169703, 179222, 183445, 204312, 216826, 231281,
    255164, 265797, 273074, 275227, 288308, 296341, 301406, 315961, 322471, 325324,
    330768, 331138, 340426, 341413, 344208, 390509, 393545, 395971, 412981, 423863,
    425012, 426532, 436281, 451113, 459611, 474807, 475144, 476746, 489666, 492126,
    505758, 508029, 511790, 518298, 520907, 532838, 538908, 545827, 549969, 564764,
    565352, 581210, 582021, 582226, 586207, 588337, 590370, 591839, 609206, 609629,
    611027, 619831, 629990, 635022, 636416, 643596, 646285, 646892, 662980, 670567,
    670827, 672104, 710594, 726746, 733662, 748375, 748487, 756841, 763707, 772733,
    784341, 784659, 794776, 797395, 802279, 833338, 839993, 841480, 855895, 866591,
    871363, 872892, 876521, 878288, 881251, 882005, 883954, 897866, 910124, 911792,
    919660, 939954, 963685, 965782, 979318, 984287, 997823, 1016165, 1017341, 1020468,
    1024930, 1031857, 1069517, 1078087, 1081497, 1082349, 1089384, 1095579, 1100410,
    1108549, 1112414, 1119098, 1127318, 1136185, 1154717, 1167770, 1168880, 1169486,
    1169999, 1180306, 1187476, 1200407, 1202103, 1211876, 1232808, 1240337, 1248324,
    1255178, 1273574, 1292864, 1305293, 1308411, 1309197, 1318066, 1338932, 1361800,
    1368300, 1384280, 1393244, 1395781, 1406770, 1407712, 1415800, 1418604, 1442754,
    1447521, 1450968, 1455962, 1466258, 1482921, 1484856, 1492855, 1496784, 1497272,
    1511798, 1533499, 1538729, 1543602, 1544829, 1549270, 1562420, 1564434, 1566754,
    1573192, 1582810, 1597994, 1600158, 1602981, 1610193, 1611484, 1621880, 1635190,
    1651656, 1657353, 1663117, 1688911, 1696593, 1697773, 1699810, 1701386, 1706822,
    1710723, 1729240, 1731271, 1782299, 1786633, 1786924, 1799382, 1801511, 1810263,
    1823485, 1824687, 1834098, 1842380, 1844230, 1849622, 1855237, 1855244, 1855450,
    1875368, 1881649, 1886939, 1890773, 1920837, 1921810, 1927869, 1938019, 1941201,
    1948272, 1950211, 1974874, 1997281, 2011689, 2019724, 2025345, 2029007, 2032874,
    2045597, 2058948, 2078549, 2087285, 2100671, 2104877, 2116764, 2126091, 2136857,
    2159462, 2163074, 2168082, 2171651, 2192591, 2206272, 2212899, 2226840, 2255817,
    2256939, 2258241, 2260169, 2261211, 2272449, 2272868, 2284734, 2292068, 2293515,
    2293652, 2295151, 2307211, 2319409, 2330276, 2334361, 2341743, 2344285, 2352539,
    2353575, 2360043, 2360607, 2363398, 2376537, 2386921, 2387211, 2388770, 2397316,
    2400802, 2422179, 2422782, 2450382, 2455591, 2478044, 2490506, 2522266, 2545967,
    2552721, 2563011, 2567472, 2567852, 2571965, 2595773, 2597424, 2598765, 2608980,
    2614095, 2618730, 2623250, 2630870, 2640135, 2643572, 2644356, 2650948, 2654894,
    2658242, 2717933, 2721452, 2722720, 2724855, 2732752, 2752387, 2761500, 2763744,
    2771605, 2781643, 2784143, 2784983, 2808011, 2820149, 2822406, 2832917, 2839432,
    2853214, 2876930, 2896760, 2939405, 2956109, 2970081, 2977399, 2981609, 2984890,
    2992125, 3001558, 3002595, 3008407, 3020446, 3020888, 3053613, 3077798, 3080178,
    3081512, 3091950, 3112246, 3114363, 3116382, 3117648, 3141681, 3152707, 3167189,
    3168947, 3190412, 3196589, 3196712, 3209786, 3210522, 3225167, 3227636, 3234836,
    3235583, 3243777, 3252696, 3267302, 3275169, 3277601, 3281238, 3282773, 3287589,
    3290567, 3300119, 3300552, 3312938, 3320082, 3326250, 3344400, 3346423, 3354180,
    3355377, 3359237, 3362492, 3376748, 3389242, 3402179, 3403638, 3405239, 3419393,
    3421600, 3429136, 3445659, 3447753, 3459275, 3471726, 3473918, 3487463, 3495961,
    3506176, 3527884, 3538540, 3538837, 3550692, 3556722, 3570188, 3585121, 3592648,
    3597832, 3642292, 3647852, 3649633, 3656735, 3662028, 3662198, 3667185, 3669584,
    3672799, 3674589, 3689243, 3692869, 3692984, 3697826, 3700668, 3700681, 3727136,
    3727688, 3732607, 3735326, 3738036, 3740027, 3767250, 3773513, 3780286, 3786901,
    3798002, 3799655, 3812339, 3812660, 3821249, 3825495, 3833728, 3847353, 3850681,
    3859974, 3866169, 3874327, 3875282, 3882804, 3883110, 3887769, 3888304, 3897723,
    3973635, 3985845, 3986488, 3987614, 3989043, 3997791, 4004690, 4009962, 4013315,
    4021143, 4022290, 4051465, 4052055, 4068074, 4068696, 4072621, 4076712, 4091763,
    4100831, 4103933, 4120700, 4121603, 4126072, 4129280, 4132238, 4138489, 4153519,
    4165571, 4167590, 4171333, 4183894, 4193121, 4203725, 4214299, 4221329, 4223471,
    4226543, 4226722, 4246413, 4253353, 4256719, 4270374, 4275634, 4277298, 4278041,
    4290169]
  prime: 9999999967
- ksize: 22
  md5sum: 4f1f653b83123f642f617d86c406a361
  mins: [0, 3431, 7071, 17102, 28496, 32543, 56221, 58092, 64286, 82205, 84595, 85758,
    99144, 104347, 111288, 121234, 121281, 133334, 160030, 168958, 170283, 180073,
    189614, 189736, 193432, 199766, 200161, 210538, 217569, 220538, 225828, 238664,
    239850, 249405, 277047, 295277, 301181, 301837, 306860, 349081, 351418, 376584,
    389090, 396137, 405674, 408929, 421217, 422137, 438511, 450143, 483801, 491663,
    498068, 512537, 521835, 524332, 525795, 527225, 530961, 542135, 556537, 557032,
    561423, 564740, 571655, 587884, 593294, 600414, 604516, 604524, 609472, 621633,
    633868, 637217, 649334, 658126, 678749, 687660, 688770, 689728, 700275, 700433,
    702210, 707149, 716310, 719829, 727124, 734286, 753947, 759340, 774390, 774517,
    798617, 799858, 799924, 800457, 819305, 845658, 853749, 859639, 862953, 869583,
    899186, 903916, 905624, 913668, 921942, 928017, 937442, 955715, 960461, 963158,
    975566, 979639, 980133, 984846, 995415, 995880, 1000609, 1002989, 1004125, 1007101,
    1015913, 1019210, 1035106, 1036979, 1037222, 1042559, 1052038, 1058510, 1059494,
    1078808, 1091067, 1095748, 1101205, 1108595, 1116241, 1117392, 1141282, 1151149,
    1159004, 1168526, 1175726, 1191472, 1195295, 1201628, 1206730, 1229925, 1236305,
    1244691, 1251613, 1257657, 1259710, 1259839, 1266959, 1289357, 1290235, 1302793,
    1320864, 1322810, 1328881, 1334364, 1337502, 1350841, 1356749, 1378843, 1385040,
    1389071, 1389581, 1397330, 1399859, 1400519, 1414247, 1440790, 1449566, 1453811,
    1456486, 1466620, 1490030, 1490927, 1491152, 1492967, 1513317, 1514708, 1517616,
    1518138, 1519601, 1528079, 1528514, 1539011, 1540411, 1564138, 1576833, 1581628,
    1600635, 1602205, 1612749, 1614390, 1619000, 1627446, 1638992, 1639066, 1663490,
    1670415, 1672214, 1674105, 1676265, 1709708, 1715625, 1719369, 1721219, 1729740,
    1734340, 1741513, 1756005, 1758998, 1771239, 1798284, 1798792, 1801762, 1812852,
    1824589, 1834555, 1847669, 1852455, 1881036, 1885134, 1885426, 1886317, 1898265,
    1902364, 1916231, 1917946, 1919108, 1933203, 1945963, 1969593, 1970462, 1975126,
    1994415, 1995469, 1995940, 2021937, 2031817, 2054381, 2082266, 2097533, 2102593,
    2114597, 2117907, 2141471, 2146133, 2167418, 2175074, 2176675, 2178286, 2227940,
    2241716, 2241929, 2243097, 2249985, 2255612, 2256842, 2259283, 2278536, 2287313,
    2323425, 2324953, 2327089, 2330549, 2332458, 2335153, 2338071, 2338841, 2343365,
    2348014, 2363741, 2368602, 2376406, 2386919, 2390240, 2391929, 2391948, 2403818,
    2410408, 2410674, 2411849, 2413688, 2426293, 2426415, 2448407, 2465797, 2481451,
    2491159, 2496842, 2499247, 2513630, 2514658, 2516654, 2533332, 2591671, 2595786,
    2615353, 2619494, 2632920, 2634944, 2646716, 2651933, 2654218, 2664982, 2666434,
    2671070, 2689695, 2728493, 2729043, 2732168, 2743823, 2744554, 2750302, 2755419,
    2763369, 2763723, 2781473, 2787602, 2795607, 2814263, 2815622, 2816836, 2828064,
    2833765, 2841673, 2846975, 2847300, 2847439, 2854733, 2858678, 2885027, 2886046,
    2886443, 2901887, 2912575, 2912874, 2918167, 2933504, 2935008, 2944921, 2973561,
    2983777, 2991110, 2998161, 3006457, 3011371, 3040585, 3042219, 3043679, 3050954,
    3062306, 3068238, 3070010, 3070448, 3071199, 3077680, 3086933, 3088345, 3096738,
    3103023, 3159381, 3161079, 3163384, 3174892, 3183503, 3187116, 3187777, 3222607,
    3229096, 3242771, 3244739, 3249753, 3253933, 3258710, 3268168, 3272644, 3273859,
    3275553, 3286076, 3296551, 3301666, 3310142, 3317744, 3327928, 3329284, 3331045,
    3331966, 3339675, 3348098, 3353757, 3356600, 3360620, 3364355, 3367624, 3373573,
    3374055, 3380605, 3384091, 3394546, 3394585, 3426363, 3441888, 3444904, 3458413,
    3463178, 3469131, 3483696, 3514913, 3531906, 3542286, 3568025, 3578253, 3585210,
    3586333, 3597015, 3601094, 3602365, 3609016, 3611946, 3615699, 3627022, 3630675,
    3639176, 3646327, 3648345, 3655987, 3662114, 3668998, 3669383, 3673076, 3674820,
    3692601, 3705549, 3707532, 3711090, 3718958, 3736863, 3751490, 3751784, 3770286,
    3773766, 3782459, 3805947, 3815325, 3819178, 3828261, 3840085, 3845585, 3845628,
    3850832, 3860581, 3863284, 3865620, 3865930, 3870991, 3872372, 3875481, 3878749,
    3882055, 3887610, 3914636, 3919989, 3920509, 3926517, 3940117, 3942643, 3945944,
    3955992, 3963167, 3964384, 3966158, 3981265, 3992375, 4011289, 4033262, 4040658,
    4040741, 4053613, 4061055, 4071986, 4079258, 4081814, 4083343, 4084420, 4090622,
    4090623, 4096362, 4097629, 4103952, 4113446, 4114900, 4146066, 4148510, 4158905]
  prime: 9999999967
- ksize: 31
  md5sum: 6af1191cdbf508d6856c607b5222a5c3
  mins: [857, 24482, 50871, 57955, 58272, 58295, 62708, 65336, 66827, 90168, 93731,
    97898, 108729, 109410, 109867, 114055, 117090, 133648, 146310, 146383, 162910,
    170406, 178321, 189030, 195919, 220369, 226311, 239920, 250552, 259693, 267953,
    274241, 279965, 280506, 281677, 290859, 290995, 301412, 306667, 309923, 325324,
    328283, 339808, 340473, 345807, 360283, 362565, 363586, 366805, 394431, 395576,
    403636, 408166, 412761, 421843, 424618, 430333, 431120, 446122, 460044, 474019,
    485466, 490539, 495119, 496401, 498307, 499687, 506425, 521280, 531820, 537368,
    546716, 547489, 563126, 570397, 572240, 591689, 598374, 601280, 602542, 618666,
    620670, 621143, 631128, 631413, 637932, 641234, 646003, 647107, 648510, 657467,
    666517, 669939, 674725, 690623, 691468, 706324, 710522, 715651, 722955, 727885,
    729191, 729245, 735103, 735161, 739024, 742901, 753542, 758906, 760793, 766782,
    770400, 789271, 813389, 834167, 834245, 835347, 849057, 849058, 864856, 891313,
    899309, 900018, 910020, 914181, 917204, 923226, 940693, 941509, 952688, 955329,
    973434, 988446, 989257, 992361, 994585, 1001869, 1015696, 1022432, 1031819, 1035203,
    1037420, 1054453, 1068325, 1068833, 1071496, 1071625, 1073884, 1075130, 1084293,
    1088657, 1095047, 1097745, 1102255, 1107540, 1125933, 1147586, 1160077, 1160594,
    1162518, 1163725, 1182964, 1185445, 1198732, 1205506, 1209008, 1215463, 1223806,
    1255914, 1259276, 1286267, 1292880, 1293640, 1314231, 1317353, 1356243, 1357665,
    1367990, 1369244, 1375290, 1375328, 1389137, 1389290, 1390270, 1397257, 1408262,
    1411027, 1411660, 1414572, 1422324, 1425201, 1438557, 1446612, 1451984, 1455772,
    1464805, 1473869, 1474617, 1476837, 1484461, 1486820, 1503460, 1525578, 1537456,
    1556153, 1558333, 1564436, 1566836, 1586188, 1592425, 1621895, 1634079, 1646054,
    1646546, 1655380, 1660864, 1677840, 1694998, 1699147, 1709866, 1710897, 1712382,
    1729548, 1741854, 1754179, 1762172, 1783465, 1799016, 1824323, 1829923, 1843932,
    1860129, 1865440, 1868148, 1886034, 1906072, 1907116, 1909832, 1927415, 1932561,
    1951740, 1954945, 1955460, 1962465, 1971150, 1971492, 1986529, 1995848, 2000727,
    2008274, 2023490, 2030416, 2036901, 2041430, 2042782, 2060811, 2078685, 2079897,
    2080453, 2081783, 2082291, 2086689, 2086964, 2087150, 2094510, 2099032, 2106522,
    2116571, 2121291, 2130739, 2131218, 2136061, 2136097, 2136615, 2152281, 2154615,
    2171474, 2173427, 2202666, 2204207, 2244429, 2250286, 2258569, 2259414, 2267901,
    2271609, 2272201, 2276317, 2281552, 2287391, 2299876, 2308065, 2322004, 2323730,
    2348555, 2354162, 2363406, 2364416, 2365089, 2368764, 2373438, 2386690, 2389105,
    2391588, 2391852, 2421606, 2438211, 2438659, 2443046, 2453328, 2459557, 2465499,
    2498387, 2502874, 2511107, 2522906, 2531635, 2542047, 2558453, 2579561, 2580601,
    2584867, 2604134, 2622905, 2625655, 2630363, 2631052, 2632946, 2649852, 2651515,
    2655736, 2658277, 2672558, 2678879, 2683985, 2685111, 2696388, 2703431, 2714599,
    2718181, 2729272, 2734057, 2738263, 2765760, 2767324, 2773054, 2791199, 2801097,
    2831896, 2846417, 2858224, 2859302, 2878244, 2878560, 2891937, 2895485, 2916193,
    2924132, 2924710, 2943920, 2952550, 3000158, 3000993, 3006964, 3041540, 3047534,
    3052421, 3052444, 3097073, 3100081, 3101654, 3101795, 3105493, 3116392, 3119623,
    3132429, 3183803, 3188772, 3188935, 3199248, 3201766, 3213852, 3227518, 3240367,
    3242470, 3243576, 3253696, 3253951, 3253960, 3268423, 3271020, 3291125, 3294037,
    3302766, 3304604, 3307223, 3321213, 3343514, 3347813, 3349286, 3386000, 3391881,
    3392905, 3395255, 3399526, 3401639, 3403911, 3404223, 3404826, 3415178, 3417608,
    3430512, 3459626, 3462526, 3465271, 3467166, 3479710, 3487398, 3488160, 3495892,
    3496514, 3509300, 3513567, 3514568, 3527673, 3532894, 3558678, 3561111, 3570411,
    3574359, 3578749, 3587033, 3604592, 3620967, 3626236, 3635647, 3635715, 3664819,
    3670668, 3671427, 3679404, 3694756, 3699119, 3707992, 3718847, 3727918, 3729461,
    3737018, 3738499, 3746272, 3766615, 3770485, 3773406, 3781338, 3781615, 3784638,
    3787341, 3787974, 3792909, 3804756, 3821989, 3825409, 3826483, 3826972, 3843734,
    3847644, 3855517, 3858206, 3860480, 3861210, 3870443, 3880744, 3883767, 3899461,
    3921044, 3942112, 3946224, 3951153, 3954119, 3957486, 3957943, 3971822, 3983408,
    3989482, 3996537, 4012850, 4017007, 4027654, 4030375, 4032263, 4035468, 4043927,
    4046059, 4051772, 4070414, 4074700, 4076407, 4086846, 4089884, 4106426]
  prime: 9999999967
- ksize: 32
  md5sum: 0e71d1c14add90d92e9717aab2ac615a
  mins: [1923, 3563, 16347, 36896, 56785, 60541, 69150, 78496, 86316, 113198, 134967,
    136593, 140669, 153918, 154033, 155987, 163721, 171800, 184019, 188926, 193660,
    198045, 210274, 213680, 217546, 232260, 245505, 248473, 252702, 269112, 274969,
    279682, 282976, 283236, 309740, 309989, 312082, 315351, 324464, 335218, 337210,
    348874, 357665, 363568, 373199, 382709, 386031, 390359, 395699, 413672, 421409,
    425724, 458423, 466624, 473552, 476580, 479653, 481310, 483831, 495923, 500708,
    512102, 524054, 545920, 563145, 568511, 576391, 594627, 595436, 602584, 605054,
    608082, 615787, 623083, 627372, 632316, 642056, 655204, 660186, 661415, 676528,
    676824, 677970, 679939, 682210, 702690, 707162, 719471, 720842, 723868, 724768,
    738149, 739595, 746550, 756575, 758024, 761621, 774882, 795918, 800178, 817081,
    834403, 835967, 838852, 842104, 845323, 854846, 865920, 871861, 872579, 892934,
    893748, 907880, 926513, 932786, 937548, 945488, 951677, 958142, 968180, 971658,
    973871, 977974, 991068, 993666, 998450, 1003052, 1006443, 1013515, 1015639, 1017990,
    1022729, 1061636, 1068993, 1069841, 1077398, 1080814, 1088434, 1090739, 1098815,
    1130345, 1132266, 1138362, 1144280, 1152092, 1157486, 1175774, 1198942, 1210128,
    1213320, 1221773, 1225201, 1229228, 1233159, 1237331, 1242656, 1243985, 1262859,
    1270029, 1273780, 1277198, 1286033, 1293645, 1295587, 1304003, 1319251, 1329624,
    1335741, 1341708, 1341905, 1357544, 1365929, 1368606, 1379095, 1379593, 1380306,
    1393385, 1403714, 1414076, 1422234, 1431531, 1437022, 1455004, 1458623, 1497292,
    1502182, 1514127, 1516389, 1530850, 1543992, 1549704, 1558843, 1563347, 1565790,
    1568578, 1570277, 1571437, 1573044, 1589509, 1613216, 1613874, 1629493, 1630472,
    1632261, 1658201, 1660153, 1691307, 1716414, 1726041, 1726701, 1729241, 1738292,
    1741397, 1742329, 1755712, 1756721, 1769832, 1777218, 1788334, 1789795, 1799573,
    1809742, 1816548, 1818260, 1818303, 1818661, 1821715, 1827414, 1837146, 1848793,
    1849389, 1853970, 1855468, 1869128, 1888533, 1888757, 1889029, 1900268, 1924353,
    1940806, 1955363, 1963124, 1977541, 1977713, 2008372, 2054285, 2060215, 2070385,
    2079119, 2082073, 2092372, 2117634, 2122311, 2138106, 2139207, 2139695, 2140684,
    2141949, 2145290, 2195260, 2195517, 2196822, 2198368, 2220145, 2243250, 2269803,
    2273506, 2277829, 2279335, 2282851, 2285990, 2287693, 2288033, 2288135, 2290154,
    2293026, 2296723, 2316615, 2318580, 2368023, 2390773, 2392580, 2412896, 2414426,
    2417672, 2423374, 2423825, 2445581, 2461028, 2471980, 2477736, 2499548, 2500268,
    2502469, 2504548, 2505092, 2519184, 2525364, 2534596, 2534649, 2545869, 2556334,
    2557510, 2561268, 2595152, 2614043, 2618964, 2644712, 2647938, 2669365, 2674400,
    2678726, 2686928, 2689234, 2709977, 2715237, 2719810, 2733548, 2735038, 2736295,
    2740227, 2743987, 2760526, 2762296, 2763295, 2771440, 2774398, 2777053, 2784655,
    2788920, 2813023, 2834232, 2837441, 2845016, 2859788, 2868967, 2869685, 2870141,
    2883466, 2923390, 2957768, 2972255, 3014509, 3028453, 3030334, 3034464, 3037963,
    3070069, 3075554, 3096639, 3133232, 3136805, 3137039, 3144778, 3155244, 3161099,
    3174961, 3175395, 3179422, 3181665, 3195983, 3205922, 3211514, 3217378, 3221938,
    3236325, 3265516, 3268186, 3276077, 3278726, 3286284, 3299354, 3300665, 3318978,
    3327659, 3336251, 3340025, 3344146, 3345719, 3350875, 3353850, 3363986, 3367390,
    3372502, 3381967, 3382127, 3388588, 3393978, 3400913, 3406905, 3421871, 3422113,
    3423448, 3428818, 3429264, 3435654, 3435765, 3439131, 3447275, 3451273, 3452168,
    3458799, 3459138, 3460403, 3489311, 3491517, 3498531, 3501884, 3505586, 3511668,
    3518509, 3541114, 3544682, 3557204, 3579896, 3591394, 3603614, 3618834, 3632961,
    3638896, 3639517, 3645883, 3646508, 3652978, 3676477, 3691939, 3693733, 3698325,
    3703830, 3706801, 3724935, 3730910, 3732449, 3751878, 3760224, 3761753, 3769199,
    3772510, 3785313, 3787920, 3788043, 3788455, 3798473, 3806099, 3807671, 3807958,
    3825938, 3852042, 3853429, 3867125, 3880411, 3886527, 3887517, 3896939, 3916079,
    3928735, 3931673, 3932017, 3935181, 3935547, 3938109, 3947678, 3979608, 3994295,
    3994967, 3996601, 4003008, 4024852, 4027313, 4029992, 4030227, 4037023, 4041253,
    4044534, 4047374, 4075614, 4077830, 4079845, 4084769, 4103559, 4125995, 4131611,
    4139234, 4149148, 4152177, 4169809, 4205515, 4206898, 4227470, 4248733, 4256568,
    4289058, 4295848, 4306590, 4310348, 4313214, 4326077, 4331434, 4331628, 4335064]
  prime: 9999999967
type: mrnaseq
version: '0.2'
