class: sourmash_signature
email: titus@idyll.org
filename: SRR453570_1.fastq.gz.trimnoV.fq.gz
name: yeast
signatures:
- ksize: 16
  md5sum: 8061dcfca0111dacd637824b5e4e1ab5
  mins: [0, 3079, 6251, 14335, 20057, 22512, 24612, 25002, 34364, 46508, 49724, 57493,
    57891, 63804, 68801, 69394, 70422, 71658, 74400, 79224, 80156, 82174, 86281, 89435,
    92662, 96962, 98088, 101272, 102608, 104452, 124854, 135803, 136289, 157302, 159555,
    162928, 179222, 190819, 204312, 208857, 208916, 216826, 217651, 230560, 231281,
    234074, 244853, 251581, 255164, 260138, 265797, 275227, 279836, 284245, 287510,
    288308, 296341, 301406, 315961, 318346, 322471, 323574, 325324, 325687, 326047,
    330768, 331138, 340426, 341413, 344208, 349322, 351253, 355022, 363789, 367110,
    378418, 390509, 393545, 394132, 394156, 395971, 396563, 411250, 412981, 415213,
    422369, 423863, 425012, 426414, 426532, 433518, 436281, 445451, 451113, 451461,
    454300, 459611, 474807, 475144, 475516, 476383, 476746, 489666, 492126, 504830,
    505758, 508029, 511790, 518298, 518641, 520907, 524337, 525929, 526342, 531819,
    532565, 532838, 538908, 540824, 544751, 549969, 556884, 557459, 562551, 563520,
    564764, 565352, 581210, 582021, 582226, 586207, 588337, 590370, 591839, 593051,
    608223, 609206, 609629, 611027, 619831, 624418, 625653, 629990, 632477, 635022,
    636416, 640680, 643596, 646285, 646892, 652159, 662980, 666127, 670331, 670567,
    670827, 672104, 674254, 680285, 681604, 695686, 697983, 698860, 710594, 720486,
    726229, 726746, 728419, 733662, 737799, 743774, 745830, 748375, 748487, 754938,
    755566, 756841, 757960, 763707, 767233, 772733, 778412, 780982, 784341, 784659,
    786968, 792547, 794776, 797395, 798365, 802279, 805712, 823371, 829792, 833338,
    839993, 841480, 855895, 857165, 862091, 866148, 866591, 871363, 872892, 876521,
    878288, 881251, 882005, 882620, 883948, 883954, 886684, 890488, 897866, 901323,
    903403, 906101, 910124, 911792, 919660, 927798, 930671, 932383, 933128, 933950,
    939954, 940035, 943984, 944222, 945619, 946342, 963685, 964071, 964084, 966839,
    968248, 972484, 976938, 977289, 979318, 984287, 994662, 997823, 1003036, 1009448,
    1016165, 1017341, 1020468, 1024930, 1026483, 1026786, 1027644, 1031857, 1053834,
    1068938, 1069517, 1074635, 1078087, 1081497, 1081942, 1082349, 1089384, 1092109,
    1095579, 1100410, 1108549, 1109522, 1119098, 1127318, 1136185, 1142431, 1146771,
    1154717, 1159704, 1161657, 1164125, 1165507, 1167770, 1169486, 1169999, 1172622,
    1180306, 1181325, 1187476, 1190594, 1192932, 1196097, 1197466, 1200407, 1202103,
    1203251, 1204490, 1218075, 1219481, 1232808, 1240337, 1240453, 1248324, 1251724,
    1255178, 1273574, 1278720, 1280289, 1285243, 1292864, 1295009, 1305293, 1306549,
    1308411, 1309197, 1318066, 1318837, 1319922, 1338932, 1344416, 1349526, 1358114,
    1361800, 1363435, 1368300, 1370367, 1379177, 1386677, 1393244, 1393450, 1395775,
    1395781, 1406461, 1406770, 1407712, 1415800, 1418604, 1425040, 1425217, 1435396,
    1442754, 1447521, 1450968, 1455962, 1459026, 1466258, 1475775, 1482921, 1484856,
    1488225, 1488795, 1492855, 1496784, 1497272, 1499454, 1509702, 1511798, 1511960,
    1514456, 1515014, 1527443, 1531785, 1533499, 1537022, 1538729, 1544829, 1549270,
    1549438, 1550587, 1562420, 1564434, 1566754, 1567915, 1569834, 1573192, 1577615,
    1578434, 1582810, 1596365, 1597994, 1598261, 1600158, 1600536, 1602981, 1608381,
    1610193, 1610262, 1611484, 1621880, 1628390, 1630907, 1633886, 1634442, 1635190,
    1635447, 1651656, 1654392, 1663117, 1669737, 1675044, 1684825, 1685076, 1688911,
    1690292, 1696593, 1697773, 1697780, 1699810, 1704701, 1706113, 1706822, 1710723,
    1718602, 1726173, 1731271, 1732714, 1754272, 1759743, 1763729, 1765019, 1765302,
    1771206, 1771738, 1774190, 1786633, 1786924, 1795358, 1799382, 1801511, 1803840,
    1810263, 1824687, 1828924, 1834098, 1834148, 1837996, 1841593, 1842380, 1844230,
    1844871, 1849622, 1855237, 1855244, 1855450, 1856933, 1857553, 1857634, 1862422,
    1867344, 1875368, 1881649, 1884731, 1885546, 1886939, 1890773, 1904680, 1915338,
    1916940, 1920837, 1921810, 1927869, 1938019, 1941201, 1948272, 1950211, 1951464,
    1956960, 1965354, 1974874, 1979004, 1979653, 1986538, 1996961, 1997281, 1998013,
    2005523, 2011689, 2019724, 2025345, 2027480, 2029007, 2031559, 2032874, 2045597,
    2045849, 2046046, 2058948, 2064528, 2071036, 2078127, 2078549, 2087285, 2090985,
    2091832, 2100671, 2104877, 2111695, 2116764, 2126091, 2128885, 2131230, 2136857,
    2145877, 2149466, 2159462]
  prime: 9999999967
- ksize: 22
  md5sum: 15ec42f26bb334182dc77247b62318ca
  mins: [0, 2324, 2346, 3431, 7071, 17102, 28496, 32543, 53119, 56221, 58092, 64380,
    64428, 65170, 69677, 70619, 82205, 84595, 85664, 85758, 87672, 90696, 92542, 93792,
    99144, 99432, 99771, 100622, 102037, 103407, 104347, 111288, 121281, 124606, 133334,
    140102, 142599, 143297, 143306, 145749, 152910, 157148, 159416, 160030, 168958,
    170283, 175289, 180073, 183965, 189614, 189736, 193432, 199766, 200161, 203116,
    210538, 212121, 212817, 217569, 220538, 225828, 239850, 249405, 251560, 256205,
    270829, 274842, 276754, 277047, 282756, 289451, 295277, 301181, 301837, 304803,
    306860, 319653, 322249, 322961, 328801, 331113, 333722, 349081, 351418, 356501,
    360575, 367915, 376584, 377566, 377833, 389090, 392628, 396137, 404368, 405674,
    408929, 421217, 422137, 434345, 438511, 439996, 450143, 463041, 464075, 469226,
    481332, 487778, 491663, 493647, 498068, 502891, 512537, 520562, 521234, 521835,
    523536, 524332, 525795, 526334, 527225, 530961, 538774, 539620, 542135, 544691,
    545728, 551885, 556537, 556782, 556870, 557032, 560939, 561423, 564740, 566711,
    571655, 574567, 582331, 584237, 585870, 587884, 590671, 593294, 600414, 602386,
    604516, 604524, 604855, 606749, 609472, 617378, 621633, 623532, 629230, 631353,
    633868, 637217, 638152, 638177, 638680, 649334, 658126, 660105, 669521, 678749,
    678800, 687660, 688770, 689728, 689970, 690734, 692838, 699261, 700275, 700433,
    702210, 703118, 706615, 707246, 716310, 719829, 726910, 727124, 728709, 733892,
    734286, 737087, 745598, 753947, 759340, 762699, 770494, 770766, 774390, 774517,
    778573, 782104, 798617, 798857, 799924, 800457, 802037, 802633, 813531, 816874,
    819305, 824477, 839301, 840415, 844092, 845658, 853749, 862953, 863213, 869583,
    874638, 899186, 903916, 905624, 909370, 920033, 921942, 928003, 928017, 937442,
    940080, 949228, 951264, 955715, 960461, 961192, 962688, 963158, 963375, 968166,
    971188, 975566, 976829, 978971, 979639, 980133, 984846, 995415, 995880, 1000609,
    1004125, 1007101, 1009243, 1013718, 1015913, 1016937, 1018528, 1018604, 1019210,
    1020065, 1024573, 1030140, 1033844, 1036979, 1037222, 1040327, 1042559, 1045850,
    1047078, 1052038, 1058510, 1059494, 1063133, 1078808, 1086104, 1086831, 1091180,
    1095748, 1097085, 1097534, 1100121, 1101205, 1103683, 1108595, 1113993, 1116241,
    1117392, 1125195, 1136333, 1136557, 1140669, 1141282, 1151388, 1159004, 1165794,
    1167366, 1168526, 1175726, 1195295, 1198151, 1198529, 1201628, 1206730, 1215457,
    1222589, 1224419, 1228559, 1229925, 1234803, 1236305, 1244691, 1251613, 1252769,
    1257657, 1259710, 1259839, 1259885, 1266959, 1267484, 1276097, 1276734, 1282190,
    1289357, 1290235, 1302793, 1317490, 1318553, 1320864, 1324574, 1328881, 1329458,
    1331170, 1334364, 1338602, 1343898, 1348510, 1348524, 1350841, 1352120, 1356749,
    1378843, 1381204, 1384881, 1385040, 1387069, 1389071, 1389581, 1395586, 1397330,
    1399859, 1400519, 1402105, 1413402, 1414247, 1416134, 1427518, 1429854, 1438292,
    1440790, 1449566, 1453811, 1456486, 1466003, 1466620, 1469952, 1476583, 1482615,
    1490030, 1490927, 1491047, 1491152, 1492967, 1498044, 1513317, 1514708, 1517616,
    1518138, 1519601, 1522709, 1528079, 1528514, 1532492, 1539011, 1540411, 1541650,
    1543506, 1546675, 1556401, 1559625, 1564138, 1568612, 1570246, 1576833, 1581628,
    1593208, 1598063, 1600635, 1602205, 1612749, 1614390, 1622639, 1627446, 1633104,
    1638777, 1638992, 1639066, 1642798, 1644938, 1652225, 1663490, 1664504, 1668177,
    1670415, 1674105, 1674796, 1676265, 1679566, 1709708, 1710273, 1714041, 1715625,
    1719369, 1721219, 1726480, 1729618, 1729740, 1734340, 1741513, 1746756, 1751635,
    1752587, 1758998, 1759141, 1763248, 1767094, 1771002, 1771239, 1771377, 1774999,
    1777550, 1780933, 1783058, 1798284, 1798792, 1799430, 1799939, 1801755, 1801762,
    1812852, 1824589, 1834555, 1849521, 1863684, 1866827, 1869217, 1872404, 1880909,
    1881036, 1885134, 1885426, 1886317, 1898265, 1899247, 1899571, 1902364, 1916231,
    1917589, 1917946, 1919035, 1919108, 1924511, 1925876, 1930829, 1931384, 1932675,
    1933046, 1933203, 1939072, 1944264, 1945963, 1962180, 1966817, 1969523, 1969593,
    1970462, 1975126, 1975458, 1987697, 1995469, 1995940, 2004859, 2014065, 2021937,
    2022431, 2023899, 2031817, 2046161, 2048982, 2050132, 2052063, 2054381, 2073233,
    2075919, 2082266, 2083115]
  prime: 9999999967
- ksize: 31
  md5sum: 2219f3264717c6ded787b0b51c6fc986
  mins: [857, 3130, 14715, 24482, 38385, 39229, 49928, 50871, 51572, 57955, 58272,
    58295, 62708, 65336, 72462, 82836, 83055, 90168, 93731, 98953, 100204, 108729,
    109410, 109867, 114055, 116524, 117090, 122318, 127945, 133648, 138588, 146310,
    146383, 148988, 153772, 154484, 158055, 162910, 168591, 170753, 178321, 179617,
    189030, 195919, 198258, 204993, 207163, 220369, 229610, 233473, 233824, 241566,
    259693, 267953, 274241, 280506, 281677, 288784, 290859, 290995, 297032, 301412,
    306667, 308490, 309923, 310161, 325324, 327764, 328283, 332812, 339808, 340473,
    345807, 352364, 352872, 355777, 360283, 362565, 363586, 366174, 366805, 367185,
    368600, 376517, 377182, 394431, 395576, 401348, 403636, 406788, 408166, 410644,
    412040, 412761, 413985, 417067, 418184, 424618, 430333, 431120, 440121, 444608,
    446122, 450781, 451750, 460044, 474019, 476551, 485466, 490539, 495119, 496401,
    498307, 499687, 503907, 504413, 506425, 515312, 516135, 519389, 521229, 521280,
    531789, 531820, 533835, 537368, 546716, 547489, 549513, 556642, 563126, 565350,
    570397, 572240, 585754, 591689, 596582, 598374, 601280, 602542, 608718, 611987,
    612147, 618520, 620670, 631128, 640705, 641234, 646003, 648510, 650878, 656440,
    657467, 664445, 664889, 666517, 667916, 669939, 674725, 675866, 677327, 680471,
    685941, 688809, 689804, 691468, 696870, 703962, 706324, 709672, 710522, 714786,
    715651, 722912, 722955, 726244, 727496, 727885, 727955, 729191, 729245, 729870,
    734023, 734892, 735103, 735161, 737404, 739024, 742901, 744690, 748809, 753542,
    755731, 757405, 758906, 760793, 766742, 766782, 767569, 768283, 769371, 770400,
    772902, 782938, 789271, 796480, 804882, 806810, 815221, 827799, 827807, 827832,
    833819, 834167, 834245, 835347, 840510, 849057, 849058, 849551, 851652, 864856,
    864889, 883072, 885850, 891313, 899183, 899309, 900018, 900651, 907245, 917204,
    918384, 922499, 922931, 923226, 933086, 935870, 941509, 942440, 952688, 955329,
    959271, 966846, 988446, 989257, 990474, 991194, 991517, 992361, 994585, 997271,
    1001869, 1007611, 1015696, 1018742, 1018802, 1022432, 1031819, 1035203, 1037420,
    1039441, 1053353, 1057598, 1068024, 1068833, 1071496, 1071625, 1072419, 1073884,
    1075130, 1076933, 1081858, 1084293, 1088493, 1088657, 1090925, 1095047, 1097745,
    1102255, 1102560, 1107540, 1110985, 1125933, 1133606, 1147586, 1148938, 1153381,
    1160077, 1162518, 1163725, 1166416, 1167424, 1176826, 1177517, 1179600, 1182964,
    1187168, 1193371, 1195960, 1199727, 1205506, 1209008, 1215463, 1223806, 1249782,
    1255914, 1259276, 1271539, 1274183, 1285339, 1286267, 1292880, 1293316, 1301904,
    1310023, 1313187, 1314231, 1317353, 1331998, 1334128, 1349702, 1350186, 1356243,
    1357665, 1357990, 1359235, 1365805, 1367599, 1367990, 1369244, 1375290, 1375328,
    1383743, 1384371, 1386823, 1389137, 1389290, 1389767, 1390270, 1397257, 1397873,
    1406615, 1407260, 1408262, 1411027, 1411660, 1414213, 1414572, 1422324, 1425201,
    1428780, 1430078, 1434180, 1434385, 1438557, 1442789, 1443705, 1446612, 1451984,
    1455772, 1456567, 1462503, 1464805, 1473869, 1474617, 1476837, 1480351, 1483098,
    1483126, 1484461, 1486820, 1495670, 1499076, 1503460, 1503735, 1519165, 1520544,
    1525578, 1537456, 1537780, 1542739, 1544321, 1556153, 1558333, 1562642, 1564436,
    1566836, 1569706, 1572865, 1580814, 1586188, 1592425, 1595920, 1604181, 1605893,
    1610835, 1621895, 1632111, 1634079, 1638408, 1640615, 1641033, 1645928, 1645973,
    1646054, 1646129, 1646546, 1648314, 1649612, 1655380, 1660864, 1661576, 1663548,
    1687463, 1687472, 1689265, 1694998, 1709866, 1712382, 1717353, 1719287, 1729548,
    1734300, 1737636, 1741854, 1754179, 1783465, 1798147, 1799016, 1805284, 1812963,
    1813872, 1817615, 1824323, 1824360, 1825245, 1829923, 1832107, 1841393, 1841808,
    1843932, 1857780, 1860129, 1865440, 1868148, 1872239, 1874849, 1883515, 1884207,
    1886034, 1897786, 1898045, 1900400, 1902092, 1906072, 1907116, 1909832, 1910902,
    1913190, 1914351, 1916863, 1922640, 1926236, 1927295, 1927415, 1932561, 1936114,
    1937947, 1948245, 1948673, 1951740, 1954945, 1955460, 1962465, 1971150, 1971492,
    1976702, 1986529, 1995848, 1999797, 2000727, 2006503, 2008274, 2014497, 2019569,
    2023490, 2030416, 2030935, 2036519, 2036901, 2040113, 2041430, 2042782, 2043740,
    2058490, 2060029, 2060811, 2078685, 2079897]
  prime: 9999999967
- ksize: 32
  md5sum: 9c5ddc6d06fcbb3e8a069bcfb69c5bee
  mins: [1923, 3563, 11734, 13401, 16347, 17376, 19817, 21968, 32663, 36896, 38374,
    39383, 42206, 43661, 44161, 56785, 57378, 57787, 59688, 60541, 63265, 63864, 69150,
    69615, 76434, 78496, 86316, 89950, 92488, 96929, 101068, 104445, 113198, 124422,
    125241, 127288, 132000, 136593, 139315, 150783, 153918, 154033, 155987, 156838,
    163721, 164481, 171800, 176011, 180667, 180958, 184019, 186976, 188926, 193660,
    194615, 198045, 209888, 210274, 213680, 217228, 217546, 221235, 232260, 244692,
    245819, 252499, 252702, 258413, 262260, 269112, 274969, 279682, 282976, 283236,
    289075, 290545, 294799, 295794, 305093, 309740, 309989, 312082, 335218, 335552,
    336527, 337210, 357665, 361383, 362792, 363568, 373073, 373199, 382709, 386031,
    386421, 390359, 390861, 393645, 395699, 408730, 410040, 413672, 421392, 421409,
    425724, 428900, 429419, 436723, 456012, 458423, 464366, 466624, 473552, 476580,
    477660, 479653, 481005, 481310, 483831, 493572, 494198, 495923, 496184, 499731,
    500708, 508908, 512102, 524054, 528396, 530708, 532439, 545920, 550259, 551025,
    551419, 554546, 556004, 563145, 568511, 570006, 576391, 577982, 580635, 584400,
    594627, 595436, 597034, 602584, 605054, 605924, 608082, 615787, 621347, 623083,
    627372, 631361, 632316, 642056, 642201, 650124, 655204, 660186, 661415, 672165,
    676528, 676824, 677970, 679939, 682210, 690314, 702690, 707162, 707965, 713582,
    719471, 720842, 721325, 723868, 724110, 730924, 733364, 737098, 738149, 743647,
    746550, 756575, 758024, 760375, 761621, 765451, 766169, 773983, 774545, 774882,
    780024, 780164, 793643, 795918, 800178, 804872, 809821, 813646, 815076, 816164,
    817081, 817133, 834403, 835694, 835967, 836732, 837920, 838852, 842104, 845323,
    846965, 852598, 853089, 854846, 857099, 858788, 865920, 871861, 872579, 884046,
    893748, 907880, 909234, 913336, 914411, 915370, 921127, 926513, 926965, 932786,
    937548, 939897, 941136, 949951, 956132, 959284, 959312, 968180, 971658, 973871,
    977974, 991068, 993666, 995129, 996776, 997845, 998450, 1003052, 1006443, 1013515,
    1015639, 1016299, 1017990, 1020215, 1032033, 1040095, 1050403, 1057210, 1061636,
    1062967, 1064427, 1068993, 1069841, 1075918, 1077398, 1080814, 1088434, 1090739,
    1110887, 1115624, 1122489, 1130345, 1132266, 1138362, 1140139, 1144280, 1144612,
    1152092, 1157486, 1173353, 1175774, 1178236, 1183241, 1198942, 1200242, 1206470,
    1207252, 1213320, 1219602, 1219768, 1221064, 1221773, 1225201, 1228542, 1229228,
    1233159, 1236366, 1237331, 1242656, 1243234, 1243985, 1245798, 1257482, 1262859,
    1266154, 1270029, 1273780, 1275160, 1277198, 1284565, 1286033, 1291069, 1293645,
    1295587, 1304003, 1309073, 1312764, 1313182, 1318104, 1319251, 1325054, 1327428,
    1329624, 1335741, 1339188, 1341032, 1341708, 1341905, 1341962, 1355223, 1356400,
    1357544, 1365929, 1368606, 1370828, 1378341, 1379095, 1379593, 1380306, 1395288,
    1396377, 1396397, 1403714, 1406153, 1410566, 1414076, 1422234, 1431531, 1432623,
    1437022, 1437318, 1443941, 1448399, 1458623, 1463424, 1466753, 1484311, 1502182,
    1506760, 1514127, 1516389, 1521788, 1530850, 1536259, 1543413, 1543992, 1544408,
    1558843, 1563347, 1564829, 1565790, 1568578, 1571437, 1571859, 1572678, 1573044,
    1589509, 1597136, 1613216, 1613874, 1616127, 1629493, 1630472, 1632261, 1645473,
    1652471, 1658201, 1660153, 1661397, 1672016, 1685832, 1685844, 1689569, 1691307,
    1701471, 1704168, 1709647, 1711843, 1716841, 1721701, 1725678, 1726041, 1726701,
    1736338, 1741397, 1742279, 1742329, 1748232, 1752659, 1755712, 1756721, 1756821,
    1762339, 1763644, 1768227, 1769832, 1772000, 1777218, 1784620, 1788334, 1789795,
    1791590, 1793309, 1798208, 1798994, 1799573, 1809742, 1816066, 1816548, 1818260,
    1818303, 1818661, 1827414, 1837146, 1848793, 1849389, 1853970, 1854181, 1855468,
    1869560, 1880630, 1886830, 1888533, 1888757, 1889029, 1900268, 1901951, 1910946,
    1916998, 1924353, 1928751, 1936154, 1939106, 1940806, 1955363, 1963124, 1964407,
    1967812, 1971392, 1977541, 1977713, 1993829, 1994891, 2003843, 2008372, 2015116,
    2036711, 2053562, 2054285, 2054479, 2057118, 2058160, 2059010, 2060215, 2065483,
    2070385, 2079119, 2082073, 2088498, 2090614, 2092473, 2095188, 2099660, 2115942,
    2117634, 2117882, 2122311, 2122472, 2126161, 2138106, 2139207, 2139695, 2140684,
    2141949, 2144143, 2145290]
  prime: 9999999967
type: mrnaseq
version: '0.2'
