class: sourmash_signature
email: titus@idyll.org
filename: SRR453566_1.fastq.gz.trimnoV.fq.gz
name: yeast
signatures:
- ksize: 16
  md5sum: 30590c8b678adab44d6495077c4bce84
  mins: [0, 2221, 4016, 6533, 14335, 20057, 22512, 23633, 24612, 25002, 25473, 31493,
    34364, 49724, 57493, 57891, 60084, 63804, 68801, 69394, 69599, 70422, 71658, 73582,
    74400, 75723, 79224, 82174, 86281, 92662, 94285, 96962, 98088, 101272, 102608,
    103223, 108445, 112997, 113596, 135803, 136289, 157302, 158524, 159555, 162250,
    162928, 169703, 179222, 183445, 190629, 200872, 204312, 208857, 208916, 216826,
    217651, 218599, 225766, 227833, 230560, 231281, 233567, 234074, 237408, 251581,
    253149, 255164, 260138, 265797, 273074, 275227, 287510, 288308, 295038, 296341,
    299775, 301406, 304724, 305651, 312275, 315961, 322471, 323574, 325324, 325687,
    327210, 330768, 331138, 333887, 335489, 340426, 340704, 341413, 344208, 346775,
    349322, 351300, 355022, 360898, 375648, 376029, 378418, 384426, 388010, 390509,
    392432, 393545, 394156, 395971, 411250, 412981, 419484, 421821, 422369, 423863,
    425012, 426532, 429929, 433518, 436281, 445451, 451113, 454300, 459611, 474807,
    475144, 475516, 476746, 489666, 491498, 492126, 504830, 505758, 508010, 508029,
    511790, 518298, 518641, 520907, 522473, 523647, 524337, 525929, 526342, 531819,
    532838, 538336, 538908, 544524, 544751, 545827, 549969, 556884, 557250, 563520,
    564764, 565352, 581210, 582021, 582226, 582470, 586207, 588337, 588934, 590370,
    591839, 593051, 596710, 608223, 609206, 609629, 611027, 613482, 613735, 619831,
    624418, 625653, 629546, 629990, 632477, 635022, 636416, 637309, 643596, 646285,
    646892, 656214, 662980, 666127, 670241, 670567, 670827, 671053, 672104, 681604,
    697983, 698860, 710594, 714143, 720486, 726229, 726338, 726746, 733662, 737799,
    739353, 744045, 748375, 748487, 754938, 755566, 756841, 757960, 761044, 763707,
    765161, 767233, 772733, 778412, 779523, 781105, 784341, 784659, 786968, 789473,
    792547, 794776, 797395, 798321, 802279, 806623, 813415, 823371, 828391, 829792,
    832361, 833338, 839993, 841480, 843024, 855895, 857165, 864600, 866591, 871363,
    872892, 876521, 877470, 878288, 881251, 882005, 882620, 883661, 883948, 883954,
    897866, 903403, 906101, 908999, 910124, 911792, 919660, 930671, 932383, 939954,
    940035, 963685, 965782, 965797, 966839, 968248, 969297, 970336, 972484, 976938,
    977289, 979318, 984287, 997823, 999488, 1003036, 1013321, 1016165, 1017341, 1017894,
    1020468, 1024930, 1025662, 1026483, 1027644, 1030302, 1031857, 1041099, 1049024,
    1055171, 1057689, 1069517, 1074635, 1078087, 1078787, 1081497, 1082349, 1089384,
    1095579, 1097201, 1100410, 1108549, 1112414, 1119098, 1125985, 1126082, 1127318,
    1133754, 1136185, 1138652, 1141959, 1146771, 1154717, 1159704, 1161657, 1163106,
    1164125, 1165291, 1165507, 1167770, 1168141, 1168161, 1168880, 1169486, 1169999,
    1172622, 1180306, 1181325, 1187476, 1196097, 1197466, 1200407, 1202103, 1202347,
    1202531, 1203251, 1209872, 1211876, 1224622, 1232808, 1238852, 1240337, 1241139,
    1241836, 1248029, 1248324, 1251724, 1252655, 1255178, 1256133, 1257477, 1261655,
    1263204, 1273574, 1292864, 1293243, 1294704, 1300944, 1301069, 1305293, 1308411,
    1309197, 1311601, 1313455, 1316134, 1318066, 1320833, 1326617, 1331500, 1338932,
    1343578, 1344416, 1348872, 1349526, 1355283, 1357869, 1358114, 1361570, 1361800,
    1367259, 1368093, 1368300, 1368784, 1369558, 1379177, 1384220, 1384280, 1386677,
    1391290, 1393244, 1395781, 1398459, 1401876, 1406461, 1406770, 1407712, 1410404,
    1415800, 1418604, 1425040, 1425217, 1435396, 1436512, 1442754, 1445091, 1447521,
    1450968, 1452602, 1455962, 1459026, 1464149, 1466258, 1472941, 1475775, 1482921,
    1484856, 1488225, 1488795, 1492316, 1492855, 1496784, 1497272, 1498687, 1501870,
    1509702, 1511798, 1511960, 1515014, 1516027, 1529545, 1531785, 1533499, 1535635,
    1538729, 1543602, 1544829, 1546668, 1549270, 1549438, 1554514, 1555840, 1562420,
    1562700, 1564434, 1566754, 1568742, 1569834, 1573192, 1576787, 1577615, 1578434,
    1582810, 1583301, 1597994, 1598261, 1600158, 1600536, 1601903, 1602981, 1608381,
    1610193, 1610262, 1611484, 1621880, 1634442, 1635190, 1635447, 1640156, 1651656,
    1653630, 1653834, 1654392, 1657353, 1663117, 1669737, 1679605, 1683848, 1684825,
    1685076, 1688911, 1689561, 1690292, 1690610, 1696593, 1697773, 1697780, 1699810,
    1701386, 1704701, 1706113, 1706822, 1709267, 1710723, 1712587, 1716337]
  prime: 9999999967
- ksize: 22
  md5sum: 97a0ee4c5a3e29f6e80e5685b02b63d8
  mins: [0, 3431, 7071, 14002, 14290, 17102, 28496, 32543, 34528, 45988, 53119, 56221,
    57358, 58092, 64286, 64380, 64428, 65170, 69677, 70619, 70921, 78999, 79461, 80132,
    82205, 84283, 84595, 85758, 87672, 87751, 93792, 97040, 99144, 102037, 104347,
    109734, 110144, 111288, 118042, 121234, 121281, 129167, 133161, 133334, 140102,
    152910, 159416, 160030, 163822, 168958, 170283, 175289, 176783, 180073, 183965,
    189614, 189736, 193432, 199766, 200161, 203116, 210538, 212817, 216869, 217569,
    220538, 225828, 238664, 239850, 242240, 245873, 249405, 251140, 254216, 255510,
    256205, 261870, 265648, 270299, 271734, 277047, 282756, 283048, 289451, 295277,
    301181, 301837, 306860, 317517, 322961, 328801, 335449, 335649, 342598, 346554,
    349081, 351378, 351418, 352766, 356333, 356501, 360575, 376584, 377566, 377833,
    384022, 389090, 391958, 392628, 396137, 401463, 405674, 408526, 408929, 421217,
    422137, 438511, 438904, 445088, 450143, 451138, 453971, 469226, 480867, 483801,
    487778, 491663, 498068, 502891, 506753, 507419, 512537, 512982, 513488, 516915,
    519274, 520915, 520996, 521835, 523536, 524332, 525795, 527225, 530961, 532960,
    542135, 544691, 551885, 556537, 556782, 557032, 559587, 560939, 561423, 564740,
    567655, 571635, 571655, 585870, 587884, 590649, 593294, 596007, 599310, 600414,
    602386, 602548, 602683, 603950, 604516, 604524, 604855, 605120, 609472, 611118,
    612231, 617378, 621633, 623532, 629230, 633493, 633868, 637217, 638177, 638680,
    639144, 642869, 647461, 649334, 658126, 660521, 664144, 668252, 676226, 678749,
    678800, 687660, 687895, 688770, 689688, 689728, 689970, 693151, 694653, 699261,
    700275, 700433, 702210, 706615, 707149, 707246, 708383, 710409, 716310, 717896,
    719829, 720633, 726910, 727124, 728709, 734286, 737087, 739415, 748557, 753947,
    754462, 759340, 762699, 769521, 770494, 774390, 774517, 778573, 780529, 795944,
    798617, 798857, 799858, 799924, 800457, 802633, 816874, 819305, 824477, 828262,
    844092, 845658, 850205, 851401, 853749, 859639, 862953, 867478, 867864, 869583,
    899186, 900434, 903097, 903916, 905624, 906811, 908688, 909370, 913668, 920033,
    921942, 928003, 928017, 930354, 937442, 940080, 947736, 949228, 955715, 960461,
    963158, 963375, 968166, 971188, 975566, 979639, 980133, 984432, 984846, 985086,
    992733, 995415, 995880, 1000609, 1002989, 1004125, 1007101, 1009243, 1009529,
    1013718, 1015913, 1018528, 1018604, 1019210, 1025819, 1030140, 1031502, 1035106,
    1036979, 1037222, 1038329, 1042559, 1045850, 1047443, 1052038, 1053554, 1057288,
    1058510, 1059494, 1063133, 1078808, 1091067, 1095748, 1097085, 1097534, 1100121,
    1101205, 1108595, 1116241, 1117392, 1121662, 1123360, 1123660, 1125195, 1129537,
    1136333, 1140669, 1141282, 1151149, 1151388, 1158665, 1159004, 1164729, 1164815,
    1165794, 1168526, 1175726, 1185129, 1191472, 1193202, 1195295, 1198151, 1201628,
    1206730, 1208416, 1214165, 1222589, 1226993, 1228559, 1229743, 1229925, 1232323,
    1236305, 1238033, 1244691, 1251613, 1252769, 1257657, 1259710, 1259839, 1259885,
    1266959, 1276097, 1277233, 1287652, 1289357, 1290235, 1299175, 1299923, 1302054,
    1302793, 1320864, 1322810, 1322843, 1324574, 1328881, 1329458, 1331170, 1334364,
    1337502, 1339203, 1340833, 1344332, 1349935, 1350841, 1352120, 1356749, 1367129,
    1378843, 1381204, 1381539, 1384881, 1385040, 1389071, 1389581, 1397330, 1399434,
    1399859, 1400519, 1413402, 1414247, 1418394, 1426077, 1427518, 1438897, 1440790,
    1445547, 1449566, 1449808, 1453811, 1456486, 1460826, 1466003, 1466620, 1471963,
    1482615, 1490030, 1490927, 1491152, 1492967, 1493428, 1495513, 1502523, 1506875,
    1513227, 1513317, 1514708, 1517616, 1518138, 1519601, 1526540, 1528079, 1528514,
    1532492, 1532516, 1535278, 1539011, 1539984, 1540411, 1543506, 1546675, 1559625,
    1564138, 1567019, 1576833, 1581493, 1581628, 1588038, 1593208, 1597292, 1600635,
    1602205, 1612749, 1614390, 1619000, 1627172, 1627446, 1633104, 1638777, 1638992,
    1639066, 1642798, 1652225, 1661386, 1663490, 1665199, 1670415, 1672214, 1674105,
    1676265, 1680945, 1686483, 1689100, 1703212, 1709708, 1715625, 1719369, 1721219,
    1726480, 1729618, 1729740, 1734340, 1741513, 1743415, 1744867, 1746756, 1751635,
    1755711, 1756005, 1758998, 1759141, 1767094, 1771002, 1771239, 1771377]
  prime: 9999999967
- ksize: 31
  md5sum: 7149e047bc002111c74c80f37120b97f
  mins: [857, 3130, 14715, 20582, 24482, 25490, 50871, 57955, 58272, 58295, 62708,
    65336, 66827, 70704, 72462, 76910, 82836, 83024, 84394, 85880, 90150, 90168, 93731,
    95751, 97898, 100204, 108729, 109410, 109590, 109867, 114055, 117090, 117549,
    118235, 122318, 123456, 124229, 127945, 133648, 138588, 146310, 146383, 147254,
    147683, 162910, 168591, 168781, 169747, 169826, 170016, 170406, 170753, 178321,
    179617, 189030, 195919, 205632, 206638, 207163, 213080, 220369, 226311, 229610,
    230314, 239920, 241566, 248805, 250552, 259693, 267953, 274241, 276789, 279965,
    280506, 281426, 281677, 288784, 290859, 290995, 292682, 300485, 301412, 306667,
    308490, 309923, 310565, 314197, 318684, 321782, 325324, 327764, 328283, 333823,
    339808, 340254, 340473, 345807, 346280, 352872, 355777, 360283, 362565, 363586,
    366174, 366805, 367185, 368600, 376517, 377128, 377182, 394431, 395576, 401348,
    403636, 408166, 410644, 412040, 412761, 414730, 417067, 418184, 421843, 423611,
    424618, 426808, 427496, 428174, 430333, 431120, 434450, 444608, 445335, 446122,
    451745, 451750, 459861, 460044, 466591, 474019, 476144, 476645, 477729, 481487,
    485466, 486059, 490539, 495119, 496401, 498307, 499687, 501811, 504413, 506425,
    515312, 521280, 522325, 531789, 531820, 533472, 533835, 535301, 537368, 539650,
    541606, 546716, 547489, 556642, 556756, 558443, 563126, 564342, 570397, 572240,
    581252, 591689, 598374, 601280, 602542, 608718, 611987, 612473, 618520, 618666,
    620670, 621143, 625279, 629549, 631128, 631413, 637932, 640705, 641234, 646003,
    647107, 648510, 650878, 652836, 656440, 657005, 657467, 663642, 664889, 666517,
    669138, 669939, 674725, 680471, 685941, 689804, 690623, 691468, 706324, 710522,
    715651, 717148, 721346, 722861, 722912, 722955, 726244, 727496, 727885, 727955,
    729191, 729245, 731374, 734892, 735103, 735161, 737404, 739024, 741016, 742901,
    748809, 751392, 753542, 755765, 758906, 760793, 762916, 766742, 766782, 767569,
    770400, 782938, 783279, 784247, 789271, 799591, 802753, 804269, 804882, 806810,
    811834, 813389, 815221, 817428, 817540, 817842, 827807, 834167, 834245, 834616,
    835347, 840510, 849057, 849058, 849551, 851652, 855917, 862212, 864700, 864856,
    864889, 865576, 873442, 879930, 883072, 885850, 889076, 891313, 892359, 899183,
    899309, 900018, 903353, 909786, 910020, 914181, 917183, 917204, 917602, 918384,
    921759, 922499, 922931, 923226, 928426, 933086, 934346, 935870, 940693, 941509,
    952176, 952688, 953944, 955329, 959271, 960188, 966846, 972209, 972580, 973434,
    979907, 988446, 989257, 990474, 991194, 991517, 992361, 994585, 996380, 997271,
    1001869, 1015336, 1015696, 1018802, 1022432, 1031462, 1031819, 1035203, 1037420,
    1039441, 1041744, 1042410, 1053086, 1054453, 1060575, 1068024, 1068325, 1068833,
    1071496, 1071583, 1071625, 1072419, 1073884, 1075130, 1075778, 1076933, 1084293,
    1084385, 1084401, 1088577, 1088657, 1090925, 1095047, 1097745, 1102255, 1102560,
    1107540, 1108485, 1110985, 1119369, 1121389, 1122405, 1125933, 1134344, 1144323,
    1147586, 1148426, 1153381, 1158871, 1160077, 1160594, 1162518, 1163725, 1163799,
    1166031, 1166416, 1170775, 1177517, 1179600, 1182964, 1185445, 1185668, 1187168,
    1193371, 1195960, 1198732, 1199727, 1205506, 1209008, 1211802, 1215463, 1223806,
    1224721, 1227074, 1228596, 1244351, 1252672, 1255914, 1256542, 1259276, 1274183,
    1277510, 1280556, 1285339, 1286267, 1289169, 1292880, 1293316, 1293640, 1294646,
    1298659, 1301904, 1308817, 1309766, 1310023, 1313187, 1314231, 1317353, 1331998,
    1334128, 1338363, 1344719, 1347029, 1349702, 1350186, 1352478, 1355572, 1356243,
    1357665, 1359235, 1365805, 1367599, 1367990, 1369244, 1375290, 1375328, 1377751,
    1384371, 1386823, 1387711, 1389137, 1389290, 1389767, 1390270, 1397257, 1406615,
    1408151, 1408262, 1411027, 1411660, 1414213, 1414572, 1422324, 1425201, 1428780,
    1430078, 1435552, 1436490, 1438557, 1442789, 1446612, 1450627, 1451984, 1455772,
    1456567, 1464805, 1473869, 1474617, 1476837, 1480351, 1483098, 1483126, 1484461,
    1486107, 1486820, 1493077, 1495688, 1497225, 1503460, 1504209, 1519165, 1525578,
    1528219, 1537456, 1553106, 1556153, 1558333, 1561991, 1562642, 1564436, 1566836,
    1580814, 1586122, 1586188, 1592425, 1595920, 1605825]
  prime: 9999999967
- ksize: 32
  md5sum: 4aa0a3267670256f2b9eafb2dc2b070b
  mins: [0, 1923, 3563, 11213, 11734, 16347, 16499, 21666, 27844, 30953, 36896, 38374,
    45993, 47802, 56785, 58311, 59176, 60541, 69150, 76434, 78266, 78496, 84898, 86316,
    92488, 92867, 101068, 104445, 113198, 124511, 124531, 125241, 132000, 134967,
    136593, 140669, 146365, 150783, 153918, 154033, 155987, 156838, 163721, 164481,
    166608, 166730, 170141, 170968, 171223, 171800, 175841, 175858, 176011, 184019,
    188926, 193660, 194615, 195508, 195632, 198045, 204874, 210274, 211059, 213680,
    217546, 218024, 221235, 228088, 232260, 235224, 245505, 248473, 252702, 256749,
    262260, 262360, 262473, 266546, 269112, 273491, 274969, 279682, 281957, 282976,
    283236, 289075, 294799, 295794, 305093, 309740, 309989, 310193, 311979, 312082,
    314914, 315351, 317096, 324464, 331043, 331297, 335218, 337210, 340461, 348874,
    353835, 357665, 361131, 361383, 362792, 363568, 368502, 369037, 373073, 373199,
    374896, 379684, 382709, 386031, 390359, 393645, 395699, 408730, 410040, 413672,
    414225, 421409, 421579, 425724, 428900, 430646, 436723, 446766, 455344, 456012,
    458423, 464366, 466548, 466624, 473552, 474967, 475475, 476580, 479653, 481310,
    482108, 483831, 494198, 495923, 496184, 499731, 500708, 508908, 512102, 524054,
    528396, 531679, 532439, 534094, 538247, 545920, 550259, 551025, 554546, 556004,
    563145, 568511, 570006, 572728, 576391, 577982, 579458, 580635, 584312, 594627,
    595436, 597277, 602584, 605054, 605924, 606332, 608082, 609622, 611219, 611501,
    615787, 621347, 623083, 627372, 632316, 642056, 655204, 655436, 660186, 660957,
    661415, 662063, 672165, 676528, 676824, 677970, 679939, 680070, 682210, 690314,
    700441, 702690, 707162, 707965, 708026, 713582, 715023, 715974, 717773, 718916,
    719471, 720842, 721325, 721358, 721472, 723868, 724110, 724768, 730034, 730924,
    733364, 737098, 737958, 738149, 739595, 742651, 745177, 746550, 755974, 756575,
    758024, 760375, 760801, 761621, 762742, 765451, 766169, 773448, 773983, 774882,
    775593, 780024, 780445, 787700, 795918, 795933, 800178, 801452, 804872, 809280,
    809821, 817081, 831044, 834403, 835694, 835967, 837920, 838852, 842104, 845323,
    846965, 853089, 854846, 857099, 858788, 859748, 865920, 871861, 872579, 880655,
    884046, 892934, 893748, 896859, 901192, 907880, 909234, 909461, 913336, 918305,
    926513, 926965, 929286, 932786, 934105, 936543, 937548, 939897, 941136, 945488,
    947309, 948561, 951677, 958142, 958485, 959284, 959312, 968180, 971658, 973871,
    977974, 979910, 991068, 993666, 994263, 995129, 997757, 998450, 1003052, 1006443,
    1013515, 1015639, 1017990, 1019801, 1020215, 1022729, 1024108, 1034070, 1037703,
    1040095, 1054271, 1061636, 1062967, 1068993, 1069841, 1069891, 1073855, 1077398,
    1080814, 1088434, 1090571, 1090739, 1098815, 1103658, 1110887, 1115624, 1121932,
    1122489, 1128824, 1130345, 1130560, 1132266, 1138362, 1140139, 1141109, 1144280,
    1148142, 1148935, 1152092, 1157486, 1162372, 1163115, 1170651, 1175774, 1178236,
    1194218, 1198942, 1199399, 1200242, 1206470, 1206522, 1210128, 1213320, 1217134,
    1221773, 1225201, 1229228, 1233159, 1233749, 1236366, 1236564, 1237331, 1239422,
    1240178, 1240736, 1241331, 1242656, 1243985, 1244489, 1245798, 1254879, 1254929,
    1257404, 1258741, 1260630, 1262859, 1263841, 1266154, 1270029, 1271583, 1273229,
    1273780, 1275160, 1277198, 1277452, 1286033, 1290485, 1291069, 1292206, 1293645,
    1295587, 1296502, 1304003, 1309073, 1311686, 1312764, 1313182, 1318104, 1319251,
    1321307, 1329624, 1335741, 1338172, 1338891, 1339188, 1341708, 1341905, 1347462,
    1357544, 1365929, 1368606, 1370828, 1372117, 1375921, 1378561, 1379095, 1379593,
    1380306, 1389623, 1393385, 1396397, 1403714, 1404054, 1406153, 1414076, 1416112,
    1422234, 1431531, 1437022, 1437318, 1442908, 1443920, 1455004, 1458623, 1459637,
    1463424, 1471646, 1474973, 1484311, 1497292, 1502182, 1503349, 1506656, 1506760,
    1510805, 1514127, 1516389, 1521788, 1529335, 1529451, 1530850, 1536259, 1543413,
    1543992, 1544408, 1549704, 1552229, 1558365, 1558843, 1559583, 1560768, 1563347,
    1564829, 1565790, 1568578, 1570277, 1571437, 1573044, 1582602, 1589509, 1597136,
    1600478, 1602866, 1611537, 1613216, 1613874, 1614927, 1614990, 1629493, 1630472,
    1632261, 1639086, 1645473, 1649313, 1652471, 1658201]
  prime: 9999999967
type: mrnaseq
version: '0.2'
