class: sourmash_signature
email: titus@idyll.org
filename: SRR2255622_1.fastq.gz.trimnoV.fq.gz
name: disease mouse
signatures:
- ksize: 16
  md5sum: 6cb8f1ff6c64163b2f9d965ff194cfb4
  mins: [0, 1114, 1206, 3397, 4119, 8777, 9199, 11374, 18461, 20544, 24045, 24720,
    25557, 33265, 34261, 35096, 38018, 41500, 42787, 45736, 46772, 49483, 52187, 54167,
    54911, 55258, 57075, 57148, 61591, 62537, 62621, 63214, 64134, 65082, 66300, 68853,
    69347, 71689, 73454, 76460, 78478, 79930, 83813, 85981, 88075, 91894, 91968, 92551,
    94022, 96234, 96313, 98686, 99814, 102236, 103588, 104415, 104709, 105196, 106797,
    108384, 108642, 109392, 114904, 115086, 118894, 119265, 122393, 124219, 124710,
    124869, 125592, 126591, 128414, 129876, 133211, 133961, 134291, 135594, 136230,
    136484, 137356, 137752, 140271, 140692, 141746, 143370, 143998, 146788, 148438,
    149490, 151000, 151515, 152351, 155614, 156464, 157131, 157952, 160483, 160547,
    165284, 166322, 169484, 170057, 174094, 177575, 177733, 177963, 178660, 181552,
    182810, 183596, 185011, 185267, 186282, 188335, 189238, 189472, 192023, 192297,
    192363, 194155, 196754, 197467, 198051, 202821, 204305, 204338, 205689, 208523,
    210636, 211651, 212127, 213115, 214545, 215312, 215609, 215731, 217008, 218727,
    220949, 221751, 223280, 224387, 225193, 225652, 226481, 227054, 227556, 228211,
    232070, 232470, 234517, 234904, 236049, 236086, 236137, 236281, 237704, 238781,
    240003, 244083, 244347, 248254, 249044, 252824, 253268, 253719, 255013, 255657,
    255695, 256507, 261000, 262522, 262579, 263131, 265499, 266718, 267398, 267791,
    268256, 268705, 269841, 270378, 271670, 275219, 275322, 275381, 279095, 281053,
    281966, 282792, 283314, 284533, 290341, 290905, 291477, 291913, 293215, 294060,
    296017, 297328, 301006, 303252, 304421, 305785, 306079, 306273, 307437, 307726,
    312149, 312929, 313476, 313744, 316839, 319336, 321520, 323489, 324633, 325301,
    325779, 327223, 330416, 330856, 331607, 334376, 336555, 337366, 337453, 338040,
    338829, 339057, 339266, 342989, 345298, 346082, 346428, 349636, 349933, 352135,
    355096, 355202, 356102, 357053, 357333, 359107, 360415, 361346, 361754, 362156,
    365007, 371838, 371944, 374316, 377344, 380025, 380229, 382508, 383396, 385711,
    389025, 397807, 404170, 405845, 407256, 409856, 410201, 410672, 412697, 415286,
    415510, 418131, 421041, 421068, 421538, 423556, 428390, 431433, 432086, 432749,
    433548, 435779, 436412, 437068, 440283, 440290, 440658, 445708, 446543, 451598,
    453620, 456226, 456230, 457188, 457425, 457682, 462842, 463034, 463382, 465330,
    468294, 469636, 471498, 474193, 477743, 477892, 477928, 479504, 485662, 486459,
    486697, 491116, 492835, 494709, 498357, 499129, 500423, 501495, 502083, 502581,
    505292, 505626, 506571, 508159, 509118, 510093, 510362, 511262, 511928, 512076,
    513797, 514007, 514351, 514904, 515673, 518351, 523931, 525167, 525682, 525922,
    527059, 527159, 527928, 528828, 529052, 531178, 532404, 532695, 533514, 539875,
    543369, 544551, 548011, 549290, 549856, 555643, 556262, 556408, 557240, 557383,
    560728, 561260, 565391, 566206, 566937, 567086, 567126, 568509, 569020, 574294,
    575051, 576387, 578311, 578687, 578811, 582744, 583589, 584181, 590739, 591978,
    592970, 595349, 597438, 601320, 602336, 602759, 604075, 604212, 605201, 606349,
    606869, 606990, 608744, 609738, 609810, 610210, 610313, 611027, 611880, 614954,
    615401, 615606, 619142, 620401, 620725, 624298, 624760, 625952, 627073, 629680,
    630106, 630560, 633706, 633769, 634730, 636007, 637114, 638469, 640853, 641122,
    641982, 644293, 649852, 653390, 655985, 657043, 664658, 664845, 665109, 666095,
    669166, 669841, 670775, 671405, 672866, 673279, 676154, 677649, 679776, 681230,
    689410, 690488, 692726, 694574, 695086, 698966, 705710, 708626, 710255, 716972,
    717076, 719310, 719703, 719748, 720070, 720513, 722650, 723122, 723411, 725398,
    726006, 731731, 732772, 735662, 740663, 740771, 742346, 742711, 744516, 744648,
    746811, 748146, 750353, 751634, 752649, 758176, 758215, 758745, 759571, 759860,
    760235, 760278, 761869, 766565, 766906, 768384, 769869, 773003, 775121, 776626,
    776717, 778474, 779049, 779293, 782891, 784583, 786836, 788478, 788803, 789136,
    792165]
  prime: 9999999967
- ksize: 22
  md5sum: 63425bccd05074b671fe7ce17532dc16
  mins: [0, 2314, 2789, 6123, 9485, 10330, 10816, 11255, 13685, 14097, 14924, 15482,
    15799, 15943, 18217, 19523, 20354, 20803, 21838, 22326, 24827, 25802, 25999, 28870,
    33281, 34041, 35221, 35474, 36185, 40076, 43497, 43653, 43930, 45144, 50760, 50966,
    50981, 53853, 54645, 56600, 59092, 60872, 63629, 63747, 65774, 66258, 67305, 67524,
    67608, 71268, 73371, 73830, 76432, 79807, 80521, 81634, 82584, 84339, 85912, 87386,
    87884, 87996, 88224, 91109, 91449, 94477, 95900, 100246, 100937, 102546, 104337,
    107571, 107719, 107726, 109541, 114100, 114270, 115000, 115961, 116145, 117658,
    117729, 119351, 119505, 119919, 122268, 122531, 124822, 125589, 127221, 130252,
    131663, 132983, 134694, 134817, 135803, 136536, 136678, 139386, 142220, 143507,
    145944, 146070, 148229, 149124, 150088, 150219, 151465, 151634, 152839, 156895,
    157990, 160628, 161671, 162408, 165870, 167131, 169414, 174649, 177952, 182411,
    183495, 186818, 188003, 189414, 190472, 190626, 193951, 194117, 196413, 196939,
    197241, 197359, 197522, 197874, 198084, 199266, 201378, 201948, 202848, 203335,
    203848, 205493, 206155, 207078, 207341, 207485, 207534, 210328, 210767, 211523,
    211772, 214378, 217297, 218537, 219617, 222246, 222716, 223987, 225557, 226278,
    227477, 230550, 231710, 231906, 233250, 235142, 236309, 237337, 237754, 238578,
    240596, 241081, 241924, 244922, 245175, 245347, 245604, 246194, 247350, 247979,
    248032, 249240, 250588, 251366, 251610, 257098, 259077, 261325, 264454, 267564,
    268537, 269331, 271065, 271216, 273306, 274216, 276365, 276943, 278428, 278463,
    282083, 284171, 287133, 289939, 290144, 291973, 293917, 294786, 298039, 298998,
    300431, 301877, 302948, 302987, 304457, 304970, 306807, 308902, 309708, 310644,
    311928, 312346, 312949, 313188, 314078, 315768, 318689, 318819, 324227, 326862,
    327183, 327736, 328153, 330159, 331774, 332343, 332395, 332507, 333401, 338495,
    338723, 346420, 347693, 349658, 354733, 356354, 359013, 360721, 361747, 363759,
    364365, 365489, 367191, 368356, 369712, 370858, 376710, 382746, 383028, 386033,
    386499, 386506, 392279, 392969, 395668, 397060, 397981, 399460, 400281, 400998,
    402939, 404632, 404807, 404840, 405877, 412627, 412940, 413813, 416813, 419077,
    422581, 425081, 426264, 427978, 431816, 433369, 433486, 436035, 436170, 437471,
    438593, 443647, 446140, 448640, 452285, 452684, 453974, 456716, 458050, 459204,
    460730, 461066, 464277, 465462, 467720, 467985, 468736, 470780, 473284, 474609,
    475625, 475984, 476966, 477099, 480948, 484295, 486087, 487068, 487747, 487841,
    488501, 490239, 491384, 492201, 492711, 494787, 497398, 498700, 499972, 503904,
    504926, 505565, 507929, 509038, 509892, 513513, 514624, 518250, 518336, 520326,
    520539, 521424, 521662, 526399, 528082, 528369, 529227, 531660, 531768, 532637,
    532705, 535767, 537154, 539789, 540638, 541237, 542768, 543571, 544262, 546102,
    546220, 548334, 548867, 550606, 550988, 551242, 551411, 554578, 554739, 556075,
    557831, 564417, 568528, 574743, 575700, 580395, 580468, 583743, 585748, 588128,
    590415, 590730, 591109, 591444, 591747, 592735, 593822, 594928, 595668, 599613,
    599753, 602217, 602474, 602562, 603121, 603871, 606259, 608518, 611790, 614507,
    614596, 615757, 616972, 618463, 619654, 622881, 628394, 629060, 630067, 630248,
    630638, 632528, 632649, 634518, 634612, 635449, 637392, 638358, 638675, 640040,
    640974, 645151, 645861, 646477, 647179, 648287, 648718, 652464, 656344, 656463,
    659393, 660692, 660974, 662973, 664028, 664124, 664322, 664955, 667703, 668087,
    669554, 669661, 675268, 676120, 676676, 678963, 680018, 682441, 683284, 683305,
    687859, 688087, 691383, 691584, 692403, 692446, 694224, 694977, 698010, 698063,
    698896, 700398, 702277, 704951, 705826, 710869, 712245, 713579, 715971, 720205,
    720771, 721279, 722893, 723060, 725316, 726434, 726615, 726993, 727116, 728713,
    731165, 732337, 734310, 736187, 736207, 736366, 737338, 737345, 738345, 738488,
    738758, 740051, 743852, 744285, 748816, 749547, 749606, 750061, 750923]
  prime: 9999999967
- ksize: 31
  md5sum: 3df12a3d2bcff7e4773347520e652fa7
  mins: [2085, 2980, 5675, 6431, 8055, 9155, 9280, 10319, 10522, 12938, 17436, 19652,
    19867, 20848, 21185, 24427, 24452, 25703, 25927, 26066, 32111, 32524, 33307, 42051,
    43884, 45887, 47731, 49785, 50786, 53699, 54037, 54220, 56008, 59860, 59940, 60788,
    61685, 62172, 62258, 62413, 63571, 69795, 70569, 71052, 71918, 74221, 76297, 82491,
    83266, 84247, 85925, 86195, 86559, 87101, 88444, 89035, 89799, 92550, 94878, 97871,
    98130, 100022, 103304, 103792, 104077, 106267, 108869, 109805, 110188, 111052,
    113901, 114552, 115372, 115787, 116230, 117969, 118130, 119242, 119380, 119862,
    120561, 121468, 122320, 122492, 126092, 126803, 127962, 131947, 133064, 133859,
    133906, 135232, 135591, 135831, 138071, 138883, 139768, 143356, 146138, 146696,
    148585, 149589, 151426, 152826, 155504, 155875, 159068, 163165, 163453, 163511,
    164508, 165362, 167093, 167827, 169912, 171318, 178615, 178806, 183942, 184259,
    186978, 188308, 193316, 195280, 195647, 199595, 204366, 205431, 210333, 213376,
    218502, 219820, 220299, 227047, 227170, 227888, 228364, 228507, 229563, 229705,
    229976, 231337, 231838, 233218, 236276, 239914, 241534, 241590, 242827, 244883,
    245445, 246119, 247013, 248491, 248532, 252572, 253578, 254412, 256462, 257171,
    258822, 261119, 261741, 261874, 268364, 269723, 272999, 273034, 274738, 284316,
    284759, 285115, 288237, 291425, 293219, 294589, 296364, 297537, 303732, 307281,
    307620, 308528, 309768, 312158, 312210, 314192, 314598, 317128, 317604, 319840,
    320006, 321777, 322222, 330114, 337794, 340174, 340505, 341868, 343308, 344628,
    344696, 346849, 355159, 355200, 356804, 357164, 358360, 360083, 361425, 362012,
    362739, 367037, 367199, 367205, 367613, 370288, 370365, 375128, 375172, 376833,
    379567, 384020, 384495, 386218, 388676, 389558, 394232, 394533, 395342, 397232,
    397506, 397654, 400306, 403385, 403471, 405368, 406618, 408724, 411451, 413043,
    414112, 416800, 417492, 417879, 420928, 424597, 425461, 428716, 432556, 432670,
    434055, 435135, 437185, 438037, 444134, 449587, 452819, 454247, 455408, 455415,
    456892, 458931, 459893, 460664, 460775, 462964, 463092, 468627, 470848, 473728,
    473821, 473993, 475091, 478016, 479643, 480050, 482372, 483835, 483899, 484633,
    485371, 486976, 489991, 491034, 493944, 495547, 497818, 498752, 500101, 500279,
    501911, 502952, 503672, 509067, 509179, 509596, 511072, 512618, 513987, 514223,
    515186, 515906, 519739, 520389, 522279, 522795, 523313, 523768, 526146, 526380,
    526496, 526614, 526906, 530160, 532278, 533212, 533650, 535343, 540566, 543734,
    543901, 544386, 549236, 550222, 555309, 556284, 558440, 559074, 559405, 562125,
    562210, 562744, 562779, 564365, 576648, 577187, 581643, 584277, 584376, 588121,
    590733, 591297, 591407, 593058, 595249, 595477, 596705, 598618, 599254, 601432,
    601751, 606484, 607956, 609786, 610691, 611114, 616806, 617859, 617984, 627188,
    628061, 629570, 629795, 637960, 639482, 639489, 641891, 641907, 642404, 642743,
    643836, 645121, 647038, 647846, 648441, 648485, 649121, 649550, 651649, 655248,
    656472, 662125, 662863, 663870, 664980, 666423, 669432, 671650, 673268, 673777,
    674024, 674310, 674471, 675181, 675783, 675916, 675962, 681094, 681984, 682421,
    683149, 684337, 684379, 684389, 684717, 685252, 688107, 689126, 689168, 691293,
    693603, 696795, 697046, 697104, 697153, 697616, 699421, 701004, 703737, 704082,
    704929, 705353, 712140, 714833, 718741, 720235, 722612, 723061, 725794, 727493,
    729134, 730975, 733432, 733473, 734507, 736466, 737934, 738623, 738965, 739986,
    741064, 748128, 748338, 748368, 750808, 753311, 755658, 755828, 756454, 756938,
    757528, 757541, 759187, 760742, 761772, 762138, 767844, 768630, 768742, 769976,
    770029, 770077, 771085, 772052, 775837, 776677, 777835, 780458, 780557, 780626,
    790952, 792483, 793184, 793322, 793679, 795586, 795876, 796233, 796341, 796782,
    799050, 802676, 804550, 804844, 804973, 805667, 809203, 818874, 820268, 820605,
    821945, 825687, 826899, 828672, 830329, 831392, 835968, 836814, 839318, 840185]
  prime: 9999999967
- ksize: 32
  md5sum: 228e5095379de7d4c9cbdceff7ea24e0
  mins: [0, 219, 493, 1114, 3488, 10315, 13967, 14196, 18704, 18716, 20333, 21377,
    22065, 24651, 24890, 28075, 28187, 28986, 29703, 31264, 32621, 32795, 34433, 35694,
    36472, 37425, 38216, 40596, 42268, 44060, 44192, 45473, 46932, 49837, 52478, 52737,
    53619, 53720, 57979, 59430, 62195, 64007, 67838, 70607, 72539, 73568, 73702, 76289,
    77153, 77428, 78331, 78604, 80274, 80494, 84094, 85668, 85900, 92710, 95302, 96020,
    96941, 97844, 98012, 98095, 99959, 100169, 101240, 102984, 103027, 104727, 105316,
    106452, 109303, 113165, 114509, 115743, 115758, 118181, 118758, 126244, 126248,
    127362, 131845, 132151, 133046, 133515, 133557, 134407, 134534, 135794, 136346,
    140666, 141629, 142621, 143143, 144508, 144711, 145692, 146372, 150173, 150316,
    150554, 150908, 155456, 158962, 159164, 159299, 160031, 160855, 162466, 162563,
    162571, 165681, 166704, 167398, 169198, 170498, 170564, 170827, 171695, 172343,
    174402, 176755, 179274, 182209, 187932, 191001, 191113, 192447, 194374, 196628,
    201906, 202084, 202579, 203243, 204380, 205877, 206670, 209741, 212878, 214878,
    215524, 215628, 215768, 216678, 217013, 218352, 218882, 220968, 221024, 222587,
    222982, 224722, 224918, 225856, 227900, 228262, 230681, 231906, 233413, 233835,
    235305, 236866, 237576, 238488, 239869, 241168, 242329, 243350, 243355, 243358,
    243625, 249040, 250841, 254057, 257375, 259549, 260595, 261075, 261839, 264129,
    266122, 267214, 271776, 271810, 272257, 273264, 273930, 274323, 275200, 278675,
    279079, 280165, 281338, 283330, 284414, 285018, 287043, 288503, 290187, 293778,
    293974, 294253, 301224, 301434, 301999, 305691, 308293, 310130, 312902, 314975,
    320364, 320974, 321558, 322875, 325977, 326507, 328621, 329191, 333144, 333303,
    334532, 336649, 336946, 337996, 338470, 340165, 340529, 343943, 344117, 345722,
    345928, 348199, 349845, 351845, 360231, 361169, 364800, 365117, 365785, 366566,
    367234, 368597, 371738, 371860, 372242, 372895, 373513, 375309, 379636, 380398,
    382095, 390931, 391270, 391413, 393916, 395225, 395478, 396092, 396291, 396973,
    399379, 399427, 399471, 399608, 402352, 406810, 407398, 408635, 412602, 413480,
    414744, 415363, 415450, 418093, 420922, 423617, 423737, 425013, 425217, 425714,
    431191, 431904, 438396, 438876, 440487, 441897, 442219, 443927, 443998, 447091,
    449262, 449855, 450415, 451116, 453181, 453454, 455896, 456969, 457206, 458300,
    458309, 459170, 460698, 464718, 465783, 466122, 467073, 467496, 470218, 471219,
    471494, 476321, 476899, 480520, 482517, 483481, 483999, 485059, 487581, 489525,
    490088, 492998, 493109, 493401, 493876, 494693, 495540, 501233, 501720, 503030,
    504425, 506879, 506935, 508067, 508814, 511532, 511655, 512104, 512193, 512439,
    513701, 514506, 515085, 515776, 518147, 520315, 523553, 529830, 530895, 532195,
    533217, 534793, 536786, 536887, 539159, 540340, 540352, 542557, 542822, 542892,
    543339, 543745, 543783, 545150, 547282, 555844, 559613, 560896, 561496, 561562,
    563401, 564722, 564895, 565962, 568108, 568778, 568870, 569569, 570112, 570126,
    570805, 573154, 574050, 575625, 575891, 577267, 578724, 583908, 586833, 590228,
    591276, 592511, 592716, 594018, 594918, 595648, 598043, 600422, 603983, 604376,
    604775, 605115, 606426, 606989, 607696, 607723, 608761, 610185, 612780, 614132,
    614755, 615016, 619175, 620157, 624185, 624254, 625153, 626231, 626513, 628405,
    631601, 632190, 632403, 632626, 635150, 635741, 636324, 638717, 639100, 640760,
    641864, 643256, 645087, 648091, 650086, 650540, 650607, 653404, 658260, 659853,
    660973, 663022, 663943, 664620, 665581, 666373, 666411, 667017, 667445, 670345,
    670884, 670898, 671871, 672408, 673527, 673886, 675729, 676627, 677011, 678572,
    678818, 679412, 680518, 683118, 686135, 686214, 687367, 687955, 690419, 694492,
    698324, 698432, 700813, 702389, 703802, 707691, 710545, 711662, 717910, 718147,
    719353, 720031, 721867, 722109, 727642, 728298, 735523, 735530, 737567, 738669,
    739568, 743095, 744345, 745294, 746120, 746800, 749336, 754265, 754741]
  prime: 9999999967
type: mrnaseq
version: '0.2'
