class: sourmash_signature
email: titus@idyll.org
filename: SRR2060939_1.fastq.gz.trimnoV.fq.gz
name: house mouse
signatures:
- ksize: 16
  md5sum: 8bcc2fc4971ea69946fb96ad09256e24
  mins: [0, 9, 69, 123, 147, 576, 1114, 1853, 2416, 3615, 3788, 4049, 4119, 4267,
    4406, 4545, 4570, 5139, 6251, 6288, 6310, 6326, 7052, 7104, 7125, 7128, 7204,
    7222, 8560, 8777, 8879, 8924, 9330, 10406, 10730, 10842, 11374, 11696, 11735,
    12332, 12793, 13074, 14688, 15176, 15211, 15310, 15506, 16258, 16367, 17004, 17714,
    17783, 17903, 17922, 17944, 18461, 18520, 19070, 19263, 19501, 19738, 19942, 20544,
    20633, 20952, 21062, 21257, 21469, 21493, 21503, 21947, 22181, 22444, 24570, 24720,
    25844, 25909, 26341, 26445, 26615, 26952, 27565, 28444, 29180, 29864, 30030, 30509,
    30652, 30693, 31259, 31292, 31495, 31895, 32166, 32674, 33079, 33265, 33352, 33402,
    33448, 33858, 34058, 34145, 34234, 34261, 35096, 35511, 37256, 37686, 38018, 38985,
    40485, 40527, 40855, 41500, 42347, 42947, 43101, 44931, 45736, 46003, 46378, 46772,
    47206, 47808, 48088, 48101, 49271, 50091, 50128, 50228, 50447, 50731, 51289, 51314,
    51901, 52432, 53069, 53257, 53272, 53793, 53891, 54167, 54504, 54777, 54799, 54911,
    54970, 55295, 55504, 55551, 55633, 55783, 56000, 56526, 56676, 57075, 57148, 57750,
    58173, 58284, 59338, 60177, 60366, 60691, 61493, 61591, 62542, 62581, 63214, 63512,
    63692, 63798, 64134, 64164, 64458, 64758, 64994, 65082, 65114, 65846, 66074, 66205,
    67205, 67875, 68170, 68427, 68673, 68801, 69347, 69872, 70082, 70159, 70343, 71326,
    71689, 71851, 72167, 73454, 73898, 74129, 74134, 74479, 75223, 75346, 75595, 75928,
    76266, 76329, 76460, 76622, 76730, 77075, 77637, 77784, 77938, 78478, 79008, 79044,
    79684, 79930, 80593, 80829, 80842, 81720, 83813, 84396, 84471, 85230, 85245, 85981,
    86534, 86683, 87563, 87813, 87950, 88717, 88805, 89151, 89381, 89800, 90121, 90576,
    90756, 90784, 90952, 91130, 91599, 91894, 91956, 91968, 91982, 92090, 92551, 92752,
    93075, 93512, 93754, 93792, 93895, 94660, 94872, 95269, 95825, 95931, 96045, 96313,
    96418, 97048, 97747, 98333, 98630, 98686, 98966, 99447, 100770, 101047, 102236,
    102297, 103183, 103362, 103580, 103588, 103656, 103998, 104415, 104709, 104982,
    105103, 105196, 105327, 105447, 105533, 105706, 105784, 105943, 106612, 106797,
    107387, 107787, 108109, 108384, 108642, 109392, 110252, 110372, 110648, 112213,
    112420, 112605, 113304, 113340, 114190, 114439, 114569, 114904, 115086, 115224,
    115764, 115864, 115969, 116204, 116343, 116469, 116569, 116688, 116936, 118157,
    118316, 118479, 118621, 118894, 119265, 119348, 119409, 119602, 119871, 119882,
    120489, 121487, 121772, 122215, 122393, 122964, 123402, 123629, 123841, 124710,
    124869, 125376, 125493, 125592, 126479, 126744, 127394, 127610, 127966, 128136,
    128361, 128378, 128414, 128493, 129532, 130165, 130367, 131213, 131776, 132620,
    132803, 132927, 133435, 133492, 133754, 134291, 134568, 135027, 135091, 135280,
    135594, 136189, 136230, 136484, 136669, 137752, 138331, 138708, 138894, 139432,
    140035, 140271, 140283, 140471, 140692, 140918, 140969, 141501, 141509, 141746,
    142701, 142941, 143216, 143316, 143370, 143998, 144037, 144170, 145424, 146017,
    146081, 146788, 146863, 147168, 147243, 147261, 147507, 147909, 148438, 148455,
    149462, 149799, 150455, 150949, 151212, 151364, 151515, 151525, 151623, 151886,
    151959, 152406, 153582, 153830, 154000, 154765, 155602, 155614, 155667, 156629,
    156707, 156775, 156927, 156936, 156939, 157131, 157373, 157952, 158184, 158240,
    159210, 160023, 160394, 160547, 161348, 162304, 162316, 162323, 162722, 162811,
    164565, 164695, 165284, 165378, 165560, 165744, 166197, 166769, 167669, 169559,
    169639, 170057, 170412, 171321, 172339, 172779, 172831, 172903, 172906, 173505,
    173762, 173784, 173863, 176058, 176307, 177048, 177252, 177575, 177597, 177637,
    177733, 177734, 177963, 178128, 178531, 178660, 178854, 179761, 180633, 181349,
    181552, 181666]
  prime: 9999999967
- ksize: 22
  md5sum: bc4e3a6f5e8b325835b17c2c710ef569
  mins: [0, 102, 108, 359, 1062, 1082, 1108, 1114, 1125, 1272, 1897, 2314, 2485, 3033,
    3074, 3257, 3706, 3884, 4851, 4914, 6123, 6249, 6355, 6571, 7050, 7481, 7514,
    7523, 7782, 8415, 9129, 9485, 9557, 10073, 10307, 10558, 10660, 10666, 11177,
    11255, 11563, 11688, 11771, 11849, 12391, 12532, 12880, 13090, 13267, 13295, 13678,
    13685, 14097, 14169, 15692, 15760, 15799, 15872, 15943, 16354, 16564, 16818, 17315,
    17820, 18071, 18178, 18217, 18219, 18486, 18627, 19284, 19523, 20016, 20354, 20554,
    20680, 20803, 20978, 20981, 21344, 21838, 22326, 22461, 23145, 23776, 23944, 24827,
    25073, 25768, 25999, 26205, 26289, 27178, 27802, 28015, 28051, 28870, 28950, 29204,
    29265, 29950, 30404, 31380, 31584, 32284, 33281, 34354, 35221, 35474, 36011, 36185,
    36191, 36287, 36944, 37040, 37190, 38748, 38769, 39122, 39842, 39879, 41075, 41184,
    41237, 41380, 41479, 42344, 42882, 43133, 43431, 43497, 43653, 43930, 44080, 44299,
    44323, 45086, 45144, 46154, 46692, 46737, 47431, 48719, 49511, 50043, 50760, 50832,
    51211, 51393, 51936, 52297, 52430, 52800, 53353, 53853, 54645, 54923, 55140, 55175,
    55226, 55399, 55527, 55593, 56717, 57369, 57527, 57542, 57767, 58648, 58685, 58904,
    59116, 59555, 60058, 60087, 60204, 60326, 60560, 60800, 60872, 62601, 62932, 63629,
    63747, 64121, 64501, 64596, 64620, 65233, 65313, 65774, 65872, 66167, 66222, 66258,
    66747, 67305, 67524, 68552, 68679, 69069, 69125, 69397, 69401, 69611, 69660, 69841,
    70134, 70715, 71070, 71268, 71840, 71911, 72286, 72360, 72440, 72492, 72840, 73205,
    73311, 73371, 74196, 75781, 75797, 75883, 76448, 76571, 76674, 77359, 77370, 77979,
    78035, 78995, 79379, 80264, 80521, 80722, 81047, 81321, 81634, 81653, 81748, 81879,
    82420, 82584, 82648, 82940, 83225, 83546, 83613, 84507, 84539, 84594, 84929, 85065,
    85159, 85530, 85595, 85857, 85912, 86042, 86445, 86454, 86469, 86609, 86679, 87563,
    87619, 87785, 87883, 88224, 88947, 89577, 90030, 90087, 90549, 90571, 90933, 91014,
    91211, 91238, 91449, 92129, 92772, 93701, 93798, 94399, 95620, 95900, 95929, 96495,
    96748, 96761, 97007, 97374, 97540, 97545, 97578, 98394, 98787, 98997, 99427, 100051,
    100246, 100655, 100893, 100937, 101095, 101132, 101589, 102076, 102120, 102999,
    103686, 104337, 104677, 104769, 104924, 105339, 105426, 105816, 106556, 106705,
    106711, 107726, 108915, 109213, 109991, 111364, 111401, 111685, 112097, 113678,
    114175, 114506, 115000, 115499, 115589, 115666, 115942, 116453, 116896, 118749,
    119351, 119541, 119618, 119867, 119919, 120950, 121230, 121453, 121847, 122203,
    122357, 122608, 122647, 122926, 123338, 124185, 124270, 124579, 125010, 125973,
    126002, 126527, 126616, 127221, 127748, 128260, 128324, 130059, 130252, 130337,
    130561, 130896, 131663, 131783, 132249, 132983, 133259, 133559, 134694, 134817,
    135318, 135780, 135800, 135812, 135817, 136255, 136455, 136536, 136678, 137091,
    137116, 137387, 138130, 138201, 139989, 140030, 140094, 140605, 141240, 141259,
    141762, 141783, 141813, 142008, 142202, 142220, 142261, 142401, 142508, 142760,
    143220, 143357, 143474, 143507, 143655, 143692, 144446, 144752, 145136, 145231,
    145803, 145961, 145975, 146070, 146642, 146678, 147502, 147550, 147845, 147863,
    147902, 148459, 148932, 149565, 149730, 150088, 150219, 151676, 152162, 152839,
    153088, 153481, 154053, 154952, 155185, 155479, 155840, 156160, 156524, 156733,
    157135, 157159, 157376, 157409, 157745, 157990, 158073, 158272, 158430, 158604,
    158862, 159214, 159272, 159611, 159934, 160251, 160372, 162311, 162523, 162834,
    162869, 162895, 162976, 163367, 163593, 163910, 164586, 165559, 165870, 166121,
    166375, 166685, 167131, 167481, 167911, 167923, 169414, 169609, 169637, 169950,
    170054, 170141, 170292, 170415, 170443, 170551, 171337]
  prime: 9999999967
- ksize: 31
  md5sum: ffb668620ba692625b7a09d6346ae44b
  mins: [134, 342, 580, 823, 1765, 2085, 2291, 2410, 2548, 2894, 2980, 5066, 5142,
    5238, 6305, 6348, 6431, 7481, 7622, 7866, 8102, 8662, 9155, 9192, 9489, 9694,
    10319, 10638, 10709, 11057, 11295, 11504, 11569, 12012, 12065, 12759, 12892, 12938,
    12963, 13217, 13523, 14273, 14654, 14684, 15028, 15087, 15374, 17085, 17371, 17473,
    17540, 17805, 18156, 18377, 18759, 18850, 19254, 19354, 19652, 19686, 19760, 19867,
    20032, 20141, 20548, 20848, 21185, 21434, 21742, 21760, 21913, 22367, 22415, 22646,
    22733, 22739, 22782, 23810, 24427, 24452, 24711, 24849, 25419, 25420, 25465, 25703,
    26066, 26873, 26960, 28116, 28296, 29143, 29506, 30104, 30611, 30911, 31006, 31511,
    31780, 32059, 32111, 32125, 32458, 32524, 32546, 33156, 33202, 33318, 34566, 35195,
    35577, 36008, 36182, 37010, 37512, 37798, 37858, 37981, 38606, 39462, 41005, 41494,
    41563, 41810, 42051, 42295, 42498, 42777, 42925, 44210, 45424, 45590, 45887, 46634,
    47143, 47262, 48627, 49253, 49731, 50286, 50786, 52150, 52172, 52212, 52717, 52843,
    53699, 53791, 53933, 54037, 54731, 55344, 55575, 56008, 56229, 56498, 56937, 57712,
    58187, 58194, 58283, 58922, 58996, 59464, 59860, 59940, 60207, 60715, 60727, 60865,
    61587, 62258, 63265, 63571, 64030, 64098, 64504, 64679, 66611, 67012, 67023, 68145,
    68412, 68504, 69003, 69228, 69795, 70029, 70108, 70569, 70588, 70965, 71010, 71052,
    71155, 71569, 72079, 72101, 72138, 72210, 72397, 73978, 74221, 74721, 75121, 76297,
    76806, 76975, 77055, 77216, 77230, 77442, 77822, 78739, 79019, 79318, 79797, 79965,
    80069, 80210, 80299, 80571, 81260, 81679, 81892, 81974, 82037, 82207, 82262, 82284,
    82491, 82532, 83266, 83540, 83732, 83993, 84176, 84247, 84395, 84855, 84955, 85925,
    86195, 86559, 86968, 87101, 87782, 87850, 88175, 88528, 88569, 88795, 89010, 89035,
    89799, 89865, 90963, 91120, 91166, 91238, 91381, 91443, 91470, 91634, 91675, 91814,
    92500, 92713, 93076, 93335, 94136, 94234, 94267, 94422, 94835, 94878, 95148, 96186,
    96823, 97871, 98007, 99479, 99948, 100022, 100211, 100621, 100751, 101318, 101355,
    101549, 101985, 102415, 102539, 102668, 102976, 103272, 103304, 103698, 103792,
    103888, 104357, 104396, 104798, 105111, 105331, 106059, 106308, 107604, 107662,
    107727, 108043, 108147, 108453, 108519, 108523, 108715, 108869, 109537, 109634,
    109710, 109805, 109851, 109969, 110188, 110229, 111089, 111164, 111671, 112069,
    112198, 113293, 113501, 113534, 113661, 113707, 113901, 114386, 114552, 114723,
    115009, 115687, 115919, 116230, 116568, 116709, 116746, 117520, 117803, 117949,
    118886, 119094, 119163, 119241, 119242, 119380, 119546, 119587, 119862, 119884,
    120399, 120543, 120568, 120797, 121193, 121468, 122016, 122320, 122345, 122454,
    122492, 122746, 122866, 122974, 123140, 123185, 123513, 123770, 124414, 124842,
    125075, 125576, 125978, 126060, 126092, 126272, 126345, 126407, 126510, 126884,
    127103, 127260, 127826, 127962, 128235, 128527, 129504, 129813, 130764, 130811,
    132471, 132952, 133102, 133626, 133728, 133859, 133906, 133964, 134202, 134297,
    134323, 134416, 135232, 135288, 135594, 135825, 135828, 135831, 136762, 137074,
    137750, 137778, 138057, 138071, 138247, 138883, 139371, 139376, 140133, 140357,
    141665, 142269, 142488, 142495, 142534, 143027, 143654, 143676, 143713, 143720,
    143977, 144856, 145009, 145481, 146138, 146696, 146763, 146861, 147847, 148102,
    148500, 148583, 148585, 148842, 148883, 149072, 149589, 149671, 150092, 150317,
    150662, 150860, 150894, 151156, 151290, 151426, 151469, 151803, 152152, 152231,
    152809, 152826, 152871, 153528, 153888, 154251, 154252, 154772, 155084, 155504,
    155704, 156562, 156821, 157230, 157288, 157505, 157535, 157867, 158366, 158470,
    158728, 159068, 159199, 159326, 160242, 160244, 160689, 160754, 160922, 162730,
    163420]
  prime: 9999999967
- ksize: 32
  md5sum: 6e6e872928aa73557faea994416fabf1
  mins: [0, 142, 210, 219, 285, 970, 1114, 1195, 2743, 3029, 3370, 3426, 4171, 4217,
    4562, 4758, 6022, 6047, 6102, 6186, 6661, 7942, 8882, 9308, 9387, 10011, 10186,
    10315, 11016, 11224, 11411, 12430, 12537, 12550, 12910, 12927, 13253, 14196, 14374,
    14780, 14812, 15617, 16615, 17699, 17734, 17757, 18149, 18560, 18704, 18716, 18900,
    19003, 19654, 19721, 19722, 20741, 20771, 20776, 21126, 21236, 21387, 21446, 21467,
    22114, 22121, 22972, 24631, 24843, 24890, 24922, 25417, 25594, 25634, 25696, 26018,
    26083, 26716, 27226, 27281, 27437, 27543, 27686, 27819, 27901, 28075, 28352, 28861,
    28986, 29237, 29572, 29703, 29795, 30016, 30402, 30554, 30768, 31081, 31729, 32051,
    32186, 32317, 32621, 32658, 32722, 32795, 34459, 34504, 35544, 35694, 36080, 36472,
    36523, 36899, 38216, 38660, 38916, 39283, 39635, 39924, 40596, 40635, 41318, 41331,
    41699, 41860, 41960, 41988, 42248, 42268, 42389, 43105, 44192, 45103, 45386, 45799,
    46435, 46620, 46932, 47424, 47560, 47783, 48336, 48614, 49278, 50551, 50595, 51040,
    51206, 51660, 51819, 52162, 52235, 52278, 53491, 53619, 53840, 54030, 54264, 55456,
    55527, 55780, 56295, 57855, 58444, 59430, 59573, 59714, 59727, 60468, 60858, 61232,
    61361, 61421, 61702, 62013, 62195, 62611, 62619, 63791, 64007, 64106, 64107, 65347,
    65673, 65696, 66223, 66719, 67272, 67279, 67558, 67838, 68073, 68256, 69405, 69995,
    70607, 70982, 71039, 71546, 72501, 72539, 73111, 73800, 73924, 74703, 74761, 75386,
    75663, 75987, 76081, 76289, 76492, 77153, 77428, 77825, 78133, 78331, 78479, 78566,
    78799, 78819, 78887, 79161, 79990, 80353, 80572, 81139, 81251, 81624, 82840, 83116,
    83384, 83434, 84007, 84094, 84317, 84728, 85553, 85668, 86676, 87425, 88085, 88432,
    88546, 88722, 89005, 90795, 92232, 92723, 93146, 93238, 93264, 93834, 94524, 95277,
    95302, 95533, 96436, 96660, 96941, 97184, 97295, 97817, 97844, 98012, 98148, 98610,
    98733, 98838, 98918, 98934, 99401, 99627, 99707, 99780, 100169, 101156, 101240,
    101333, 101785, 101897, 101953, 102137, 102382, 102984, 103027, 103172, 103630,
    103647, 103954, 104263, 104302, 104727, 104776, 105751, 105913, 106181, 106536,
    106728, 106779, 106795, 107138, 107290, 107409, 107598, 107657, 107817, 107857,
    108836, 109146, 109664, 110101, 110361, 110673, 111866, 112287, 112738, 113211,
    113554, 113626, 114609, 114907, 114969, 115225, 115379, 115407, 115743, 116723,
    116896, 118691, 119136, 119754, 120221, 120669, 120738, 121233, 121242, 121571,
    121784, 122090, 122231, 122589, 123143, 123480, 123617, 124405, 124565, 125588,
    125884, 126244, 126720, 126844, 127362, 127616, 127648, 127771, 128272, 129931,
    130170, 130313, 130344, 130799, 131088, 131221, 131845, 132696, 133136, 133515,
    133557, 134090, 134454, 134534, 134804, 135794, 136870, 137033, 137651, 138130,
    138394, 139124, 139346, 139770, 139840, 140239, 140513, 140666, 140704, 141010,
    141040, 141075, 141629, 142621, 143371, 143571, 144204, 144508, 144579, 144668,
    144715, 144771, 145105, 145692, 145711, 146064, 146224, 146372, 146376, 146390,
    146589, 146795, 147476, 148024, 148395, 148579, 148641, 149049, 149265, 149722,
    150280, 150316, 150554, 150673, 150900, 151017, 151120, 151123, 151392, 151535,
    151808, 152109, 152231, 152445, 152984, 153020, 153084, 153394, 154092, 155427,
    155551, 155728, 155940, 156067, 157076, 157494, 157835, 158543, 158962, 159164,
    159214, 159299, 159529, 159723, 160031, 160907, 161135, 161170, 161604, 161761,
    162466, 163038, 163123, 163146, 163427, 163430, 166704, 166911, 167302, 167398,
    167903, 168201, 168815, 169058, 169198, 169285, 169735, 170498, 170595, 170827,
    171349, 171371, 171465, 171695, 172227, 172343, 172405, 172446, 172618, 173203,
    173644, 174898, 174922, 175216, 175395, 175498, 175650, 176157, 176974, 177858,
    178027, 178782]
  prime: 9999999967
type: mrnaseq
version: '0.2'
