class: sourmash_signature
email: titus@idyll.org
filename: SRR2060939_1.fastq.gz.trimnoV.fq.gz
name: house mouse
signatures:
- ksize: 16
  md5sum: 482ffdc0931991420eaa72a4d17feccb
  mins: [0, 9, 69, 123, 147, 2416, 4119, 4406, 4545, 5139, 7125, 7128, 7222, 10730,
    11374, 11696, 13074, 15176, 19070, 20633, 28444, 29864, 33265, 33448, 34058, 34261,
    37256, 38018, 42947, 43101, 45736, 47206, 48101, 50128, 50228, 53069, 53793, 53891,
    54167, 54970, 55783, 56676, 57075, 57148, 58173, 61591, 63214, 63798, 64134, 64458,
    64758, 65082, 67205, 67875, 68170, 68801, 69347, 69872, 73454, 74129, 74479, 75223,
    75346, 76329, 78478, 79008, 80593, 80829, 81720, 83813, 84471, 85981, 86683, 87563,
    90576, 90756, 90784, 91968, 93792, 94660, 94872, 97747, 98630, 102236, 103183,
    103580, 103588, 104709, 104982, 105327, 105706, 106797, 108642, 110252, 110648,
    112213, 113340, 114569, 115224, 115764, 116204, 116688, 118479, 118621, 119348,
    119602, 121487, 121772, 123629, 123841, 125376, 125592, 130165, 132927, 133435,
    134291, 134568, 135091, 135280, 136189, 136230, 136484, 138331, 140035, 140271,
    140283, 140969, 141509, 143216, 144170, 146788, 149799, 150455, 151515, 151886,
    151959, 154765, 159210, 160023, 160547, 162323, 164695, 165378, 166769, 169559,
    170412, 171321, 172906, 176058, 177048, 177597, 178128, 178660, 181666, 182701,
    182723, 183268, 183596, 185837, 188202, 189472, 189616, 190326, 192023, 193363,
    195733, 197643, 199292, 199807, 202392, 202483, 205237, 208523, 208722, 210792,
    212139, 215731, 216018, 221373, 221751, 222140, 223280, 223983, 224387, 225324,
    225652, 225660, 226481, 227430, 228082, 228351, 232470, 235247, 237704, 237751,
    238871, 239044, 242322, 243659, 245118, 246726, 248254, 249044, 251194, 251421,
    251555, 252598, 253728, 254143, 254258, 255363, 255657, 256041, 256709, 257234,
    258164, 258663, 261240, 261707, 261922, 262522, 263131, 263317, 263804, 265499,
    265592, 265605, 267392, 267398, 268313, 268705, 269912, 270378, 270810, 271344,
    273929, 275322, 275763, 276928, 277127, 278609, 278843, 279529, 281265, 283209,
    283928, 285286, 285667, 291510, 291913, 293215, 294060, 294668, 296631, 299670,
    303252, 304055, 304428, 304565, 305785, 306273, 306456, 306584, 307359, 307583,
    307726, 308245, 310411, 311492, 312929, 314610, 314995, 317076, 319712, 320381,
    321513, 322118, 322885, 323489, 324633, 325972, 326128, 329802, 333337, 334020,
    334121, 334297, 335676, 337366, 337453, 337920, 339266, 340098, 345492, 346428,
    346894, 348535, 350045, 352135, 353221, 355067, 357333, 358193, 359107, 359218,
    359434, 361754, 364078, 366452, 367458, 369313, 369570, 369790, 369875, 371017,
    373225, 373655, 374316, 375554, 376314, 376573, 377556, 377967, 378641, 381885,
    386694, 387117, 388811, 389025, 390967, 391334, 392367, 394628, 394754, 395394,
    397221, 399169, 400648, 401794, 403681, 404776, 405845, 407401, 408640, 409266,
    410201, 411257, 412697, 412907, 415286, 415510, 418131, 420987, 421068, 421538,
    421641, 423556, 423662, 425317, 426381, 426444, 427147, 427402, 431433, 431588,
    431880, 432574, 433548, 434226, 434783, 435303, 435779, 436412, 437068, 437337,
    440290, 441272, 443013, 446781, 446983, 453166, 453620, 454388, 455735, 456226,
    456230, 456240, 456860, 458868, 459434, 460077, 460389, 461227, 463034, 463382,
    463631, 468103, 468294, 472140, 473922, 474374, 474805, 475067, 477743, 477928,
    480956, 481158, 483249, 484659, 484993, 485376, 485504, 485580, 485662, 485934,
    486697, 487903, 489380, 494861, 495182, 499588, 500048, 500410, 502309, 502866,
    503796, 504500, 504681, 508170, 510362, 511262, 512263, 514007, 514351, 514400,
    516734, 516803, 518014, 518497, 518517, 520284, 521877, 522299, 523576, 523771,
    524115, 525801, 525922, 526369, 526516, 527059, 527776, 527871, 527996, 528391,
    528828, 531178, 531486, 532105, 534274, 535631, 538117, 541300, 544551, 544751,
    545716, 545875, 545951, 547018, 549589, 550506, 551411, 555643, 555794, 556408,
    557240, 557242, 557667, 561260, 562085, 562113, 565353, 566206, 566937, 567257,
    567307, 568030, 568509, 569020, 569167, 573366, 575516, 577026, 579580, 580289,
    581194, 581581, 581839, 583589, 584010]
  prime: 9999999967
- ksize: 22
  md5sum: 5326c6d961c2c71fa6738ac046914ba1
  mins: [0, 359, 1062, 1108, 1114, 1897, 2485, 3257, 3884, 6355, 6571, 7050, 7481,
    7523, 9485, 11177, 11688, 12880, 13267, 13295, 13685, 14097, 15692, 15943, 16354,
    18178, 18217, 19523, 20016, 20354, 20680, 23776, 23944, 24827, 25073, 25768, 27178,
    28870, 31584, 32284, 35221, 36191, 39842, 41479, 43653, 43930, 50832, 51393, 51936,
    53353, 53853, 55140, 55593, 60058, 60087, 60326, 60560, 60800, 60872, 62932, 63747,
    64121, 66167, 67305, 67524, 71070, 71268, 71840, 71911, 72286, 72492, 73371, 76448,
    76571, 77370, 80521, 81634, 82584, 83225, 85159, 86454, 86679, 88224, 90030, 91014,
    91211, 91238, 92772, 93701, 96495, 96748, 97578, 98997, 99427, 100051, 100246,
    100937, 102999, 104337, 104677, 105816, 106556, 107726, 109213, 111364, 111401,
    113678, 114506, 115666, 116896, 118749, 119541, 119618, 119919, 120950, 122357,
    124270, 127748, 130252, 130337, 131663, 132249, 132983, 135318, 135780, 135817,
    136678, 141762, 141813, 142202, 142261, 142760, 144446, 144752, 145231, 145961,
    147502, 147550, 148459, 150219, 151676, 152839, 153481, 154952, 156160, 157745,
    158604, 159214, 162895, 165559, 165870, 166685, 167911, 169414, 169637, 170292,
    171830, 173607, 174649, 174805, 177408, 178298, 179022, 182874, 183555, 186818,
    187577, 189585, 190102, 190386, 190626, 191132, 194117, 194321, 196413, 198084,
    199266, 199291, 199933, 200028, 200743, 201378, 201656, 202848, 204979, 205697,
    205722, 206016, 207485, 207534, 211772, 212746, 214378, 215960, 216960, 217733,
    218227, 221684, 222842, 224214, 225357, 226278, 226591, 226606, 227547, 230550,
    233250, 234637, 234976, 235142, 236897, 237180, 237658, 239288, 241137, 241924,
    242035, 245571, 245604, 246192, 246614, 249117, 249569, 251582, 251610, 253838,
    259077, 261325, 261736, 264854, 264927, 268288, 268879, 269752, 271065, 273306,
    274026, 274070, 275115, 275954, 278394, 278463, 278675, 280309, 280926, 282083,
    282696, 283421, 283466, 286493, 288433, 288587, 290129, 290933, 291973, 292002,
    292347, 292862, 293917, 294041, 294516, 298039, 301877, 301914, 302768, 302898,
    302948, 303665, 305959, 308545, 308902, 309214, 312346, 312639, 312949, 313673,
    313897, 315092, 316291, 316371, 317369, 318689, 318819, 319832, 321454, 323384,
    323598, 327183, 329738, 330566, 332343, 332395, 332599, 332822, 332995, 333179,
    333431, 338174, 338495, 341164, 341765, 346181, 347693, 349232, 349554, 350177,
    356333, 357737, 358232, 359013, 360721, 362527, 362971, 363054, 363297, 363759,
    363921, 368282, 369484, 369945, 376956, 377441, 377632, 378285, 378897, 379144,
    380090, 380104, 382464, 383641, 385049, 385758, 385862, 386033, 386534, 388024,
    388607, 389923, 390655, 392603, 392969, 394444, 395668, 395701, 396614, 399345,
    399489, 400281, 400998, 401068, 401708, 402939, 404807, 404840, 408660, 408702,
    408901, 414289, 415809, 416813, 422584, 423105, 425081, 425789, 429497, 431816,
    433486, 433896, 434271, 435122, 436035, 438054, 438589, 442593, 443647, 444335,
    444483, 446140, 448640, 451955, 452006, 452308, 452684, 453797, 455373, 455570,
    455705, 455758, 456125, 456186, 456418, 456716, 457775, 459075, 461577, 462081,
    463479, 464156, 464746, 465462, 466167, 467985, 468531, 468736, 469817, 470331,
    470387, 472223, 472585, 472654, 473284, 475984, 476966, 477099, 478539, 485389,
    487747, 488501, 488617, 490876, 490899, 492497, 492711, 494580, 496495, 496924,
    497040, 497041, 497172, 497398, 500329, 501830, 502588, 503904, 504214, 505565,
    506772, 507929, 509038, 512540, 512956, 518250, 518841, 518975, 520326, 520517,
    520539, 522220, 522251, 522927, 524224, 524845, 525634, 528058, 528132, 529227,
    529240, 530232, 534493, 534564, 535073, 536360, 537392, 537805, 539789, 541449,
    546236, 547748, 547757, 548161, 548334, 548832, 549757, 550162, 550573, 551132,
    551813, 552998, 554948, 557084, 557775, 557839, 559568, 562045, 564005, 564680,
    567892, 568655, 568778, 569599, 569638, 571618, 572138, 574046, 577963, 579348,
    579476, 580415, 582063, 583037]
  prime: 9999999967
- ksize: 31
  md5sum: 09a72c6bf3a6010d3ec5468c14c731ab
  mins: [580, 2085, 2894, 6305, 6431, 7481, 8662, 9489, 9694, 10709, 11057, 12938,
    13217, 13523, 14654, 15028, 15374, 17085, 17371, 18156, 19686, 20848, 21185, 22646,
    22782, 24452, 25703, 26066, 26873, 28296, 29506, 30911, 32111, 32524, 33202, 34566,
    35195, 35577, 41810, 42295, 42498, 45887, 46634, 48627, 50786, 52172, 52843, 56498,
    57712, 59860, 61587, 62258, 63571, 69003, 70029, 70569, 74221, 74721, 76806, 77055,
    77216, 79797, 80210, 80299, 81974, 82284, 82491, 82532, 84955, 87101, 88569, 88795,
    91120, 91238, 91381, 93335, 94835, 94878, 96186, 97871, 100621, 101318, 102539,
    103272, 103304, 106059, 108043, 108523, 109537, 109634, 109805, 111164, 112069,
    112198, 113293, 113534, 113707, 113901, 116709, 119094, 119241, 119380, 119862,
    120568, 120797, 122016, 122492, 123185, 123770, 125075, 125576, 126092, 126407,
    127826, 128527, 130811, 133728, 135232, 135828, 137074, 137750, 139371, 140357,
    143027, 143654, 143720, 145009, 146138, 147847, 148102, 148585, 148842, 150092,
    151290, 151426, 152826, 156562, 157505, 158366, 158470, 162730, 168297, 171338,
    172687, 177062, 178421, 178450, 179208, 182416, 184404, 188196, 188308, 188485,
    190266, 192128, 194960, 195285, 195647, 199313, 200589, 200696, 201058, 201361,
    203587, 207714, 207816, 209048, 209304, 209494, 210266, 210742, 211898, 212573,
    215683, 215764, 216570, 218812, 218938, 218958, 218961, 220017, 222004, 224717,
    224852, 226497, 227170, 228294, 228507, 228614, 229705, 229976, 231337, 232188,
    233218, 233738, 235375, 235474, 236276, 237233, 240583, 240734, 241534, 241590,
    243091, 243613, 245445, 245888, 246119, 247411, 248019, 252572, 254412, 256033,
    256462, 258754, 258791, 259420, 260703, 263316, 267318, 268364, 269469, 270986,
    274233, 275099, 276240, 276384, 276982, 284759, 284788, 285943, 287645, 290033,
    290231, 290275, 291512, 293680, 294512, 295981, 296851, 299322, 299966, 302548,
    303422, 306253, 310074, 312158, 313756, 314019, 315267, 316502, 316581, 320006,
    321731, 321777, 323645, 324725, 326256, 326314, 326898, 326927, 327382, 329378,
    329907, 330114, 330980, 331086, 333907, 337756, 337870, 339186, 340174, 340702,
    342797, 343022, 343487, 343777, 343795, 346475, 347643, 350456, 351937, 352041,
    352582, 353367, 354705, 356697, 358360, 358475, 358550, 361413, 362573, 363437,
    365698, 367458, 367630, 370288, 370803, 375916, 376754, 376789, 377092, 377201,
    379323, 379567, 379859, 382420, 382604, 385690, 386409, 387809, 387899, 388311,
    389576, 391635, 393604, 394275, 396694, 397232, 397654, 398515, 400820, 401572,
    403879, 404071, 405250, 406206, 406237, 407194, 412093, 413043, 415066, 415540,
    415837, 417282, 417313, 417492, 419946, 421325, 422235, 424441, 425883, 426014,
    426996, 428600, 429141, 430333, 431365, 431963, 432556, 432670, 434055, 436222,
    437605, 440572, 442299, 442980, 444429, 444862, 449055, 449567, 452758, 452819,
    453690, 454961, 455994, 456137, 457278, 457499, 458455, 458913, 462563, 462964,
    464224, 465172, 466448, 468816, 473274, 473728, 473821, 474320, 475091, 476128,
    476599, 478016, 478628, 479643, 481078, 482372, 482689, 482754, 483481, 484602,
    488398, 489328, 489395, 490927, 491146, 495400, 495547, 497078, 498378, 498752,
    498769, 501911, 505323, 508757, 509067, 509596, 512618, 513987, 515186, 516805,
    517299, 519578, 520256, 520748, 521432, 521637, 522476, 522795, 522972, 523400,
    523402, 524274, 524275, 526230, 526380, 526496, 528346, 529676, 531012, 532028,
    532861, 536378, 536393, 536501, 538758, 538848, 540566, 543901, 544386, 545921,
    548340, 549236, 551352, 552141, 552762, 554561, 555335, 559405, 561314, 562125,
    565819, 566654, 568283, 570466, 571179, 571657, 572225, 572354, 572378, 577246,
    578093, 579462, 581244, 581501, 581643, 582032, 583041, 583210, 584376, 587828,
    587887, 588255, 589861, 589884, 589930, 590733, 590957, 591297, 591407, 591540,
    592180, 593716, 595477, 595766, 595803, 595930, 596230, 598618, 599519, 602417,
    604400, 606484, 607757, 608252, 609786, 609806, 617101]
  prime: 9999999967
- ksize: 32
  md5sum: d635d6f79c594b5986a034fde33d5e1a
  mins: [0, 219, 285, 1195, 3426, 4562, 6047, 9308, 10011, 10315, 11016, 11224, 12550,
    12927, 17699, 17734, 18149, 18704, 19722, 21126, 21467, 22121, 22972, 24922, 25417,
    25634, 25696, 26018, 26083, 27226, 27543, 30768, 32317, 32658, 32795, 34459, 34504,
    35544, 36472, 36899, 38216, 38916, 39283, 40596, 40635, 44192, 45799, 46435, 46620,
    47560, 47783, 48336, 50551, 52235, 52278, 53491, 56295, 57855, 59430, 59573, 59727,
    60468, 60858, 61232, 61421, 62013, 64107, 65347, 65696, 69405, 70607, 70982, 71039,
    71546, 74703, 76289, 76492, 77153, 78133, 78331, 80353, 81251, 83434, 84007, 84317,
    85668, 87425, 88722, 89005, 93146, 93238, 94524, 95277, 96941, 97844, 98012, 98918,
    99401, 99627, 99707, 99780, 102382, 103027, 103630, 106779, 107657, 107817, 107857,
    109664, 111866, 114609, 114907, 115743, 118691, 120738, 121233, 122589, 123143,
    124405, 126244, 127362, 130170, 131845, 132696, 133515, 133557, 137033, 138130,
    140666, 142621, 145711, 146064, 146376, 146589, 148024, 148641, 149265, 149722,
    150554, 150900, 151808, 152109, 152231, 153020, 153394, 155728, 156067, 157494,
    161135, 163146, 163427, 166704, 166911, 167302, 167398, 168201, 168815, 169198,
    169285, 169735, 171371, 171465, 172227, 172343, 174922, 175395, 178782, 179576,
    180763, 182117, 182209, 182489, 182526, 185344, 187932, 191113, 191872, 193254,
    194395, 194407, 197012, 197098, 197976, 198602, 199886, 201906, 202043, 205412,
    206380, 207220, 207822, 209421, 210916, 212878, 214579, 220287, 220969, 222296,
    222587, 223161, 223203, 224722, 225856, 227813, 228262, 229157, 232901, 233760,
    234645, 235488, 236156, 236866, 238488, 238518, 239393, 242329, 243625, 243657,
    244028, 244256, 244555, 244970, 245874, 246275, 247884, 248154, 250344, 252102,
    256126, 257375, 257411, 258016, 258601, 260479, 261613, 261991, 264129, 264292,
    265470, 266077, 266122, 266221, 267097, 267214, 269275, 269712, 272195, 272241,
    273042, 273583, 276741, 277612, 277974, 278772, 280113, 280649, 281730, 282939,
    284414, 285018, 286543, 287950, 290171, 290754, 291682, 293389, 294236, 295437,
    296875, 301224, 302857, 302963, 304372, 305691, 306231, 308221, 313947, 314313,
    314652, 314758, 316089, 316730, 318593, 318801, 320974, 322092, 322599, 322875,
    324919, 326507, 331624, 331778, 331786, 334016, 335788, 336649, 337835, 338259,
    339074, 339222, 339929, 339952, 341942, 342081, 343096, 344223, 345722, 347389,
    350882, 351800, 351845, 356760, 359998, 362752, 363637, 364864, 366658, 367442,
    368395, 368597, 368873, 369108, 371002, 371244, 372538, 372748, 373513, 376826,
    376870, 378180, 378362, 379544, 383275, 387170, 387313, 390931, 391085, 393577,
    393916, 394991, 395478, 396533, 398024, 398049, 398131, 404922, 405140, 405182,
    406136, 406810, 409295, 409340, 410679, 412510, 412837, 413480, 413846, 415363,
    415450, 419473, 419615, 421305, 422020, 424102, 425566, 426055, 426153, 432336,
    432745, 435732, 437794, 438442, 441443, 442219, 442312, 442572, 447054, 447153,
    448938, 449142, 450002, 450376, 452948, 454987, 456413, 457669, 457692, 458300,
    458309, 460229, 460867, 465204, 465599, 465783, 466786, 468714, 469189, 470136,
    473289, 473559, 476166, 476321, 477184, 477474, 478545, 479754, 480980, 482517,
    483189, 483954, 484385, 486205, 486644, 486785, 487581, 490705, 491294, 492206,
    493876, 494051, 496142, 497181, 498021, 501522, 502209, 504158, 505712, 506647,
    506879, 506935, 507639, 511532, 513687, 515740, 516171, 516526, 517064, 518147,
    519092, 521124, 522630, 522723, 523553, 525608, 525997, 526357, 527333, 529830,
    532195, 532742, 534824, 535528, 538631, 538650, 539159, 539211, 540340, 542917,
    543021, 543190, 543745, 545150, 548637, 549180, 549183, 549305, 550488, 552126,
    555844, 556109, 559860, 561352, 561496, 561725, 562804, 563401, 563531, 564895,
    567532, 568178, 568277, 568707, 568778, 568870, 569938, 571910, 575527, 578246,
    581898, 583113, 585185, 586675, 586833, 587365, 588096, 589008, 590228, 590691,
    591276, 591825]
  prime: 9999999967
type: mrnaseq
version: '0.2'
