class: sourmash_signature
email: titus@idyll.org
filename: SRR2255622_1.fastq.gz.trimnoV.fq.gz
name: disease mouse
signatures:
- ksize: 16
  md5sum: 6f8b7f465c5207066c5fba4fb9c19819
  mins: [0, 123, 147, 576, 1114, 1206, 1208, 1829, 1884, 2963, 3021, 3060, 3188, 3284,
    3397, 3788, 3985, 4049, 4119, 4267, 4406, 4423, 4724, 4830, 6037, 6250, 6251,
    6900, 7125, 7128, 7222, 8777, 8879, 9064, 9199, 9330, 9406, 10221, 10543, 10730,
    10924, 10998, 11374, 11696, 11735, 11742, 12332, 13074, 16258, 17452, 17783, 17828,
    17903, 18110, 18461, 19070, 19153, 19385, 19398, 19435, 19942, 20544, 20633, 20750,
    20841, 20945, 20952, 21257, 21947, 22181, 22185, 24010, 24045, 24720, 25557, 25844,
    26306, 26445, 26850, 27194, 27249, 27443, 28444, 29180, 29795, 32301, 32626, 32674,
    32996, 33265, 33512, 33714, 34058, 34139, 34152, 34261, 34568, 35096, 35511, 36263,
    36825, 37047, 37256, 38018, 38151, 38775, 39003, 39081, 41500, 41805, 42371, 42569,
    42787, 42971, 43710, 44747, 45736, 46003, 46407, 46772, 46779, 47036, 48159, 49092,
    49483, 49724, 50091, 50239, 50433, 50731, 51289, 51314, 52187, 52227, 52415, 53013,
    53257, 53891, 54003, 54167, 54562, 54777, 54799, 54868, 54911, 54970, 55258, 55633,
    55954, 56526, 57075, 57148, 57485, 57624, 58173, 58828, 58971, 59080, 59988, 60257,
    60366, 60691, 60952, 61380, 61591, 61612, 61905, 62537, 62621, 63214, 64134, 64994,
    65082, 65846, 66074, 66300, 66954, 67875, 68459, 68739, 68853, 69347, 69872, 70082,
    71505, 71689, 72393, 72791, 72946, 73454, 74150, 74823, 75003, 75158, 76266, 76460,
    76560, 77075, 77755, 77784, 77938, 78478, 78840, 79214, 79930, 80233, 80539, 80593,
    80615, 80699, 80829, 82254, 82380, 82411, 82510, 83167, 83173, 83813, 84671, 85981,
    86081, 86683, 87150, 88075, 88833, 88916, 90756, 90952, 91031, 91894, 91956, 91968,
    92551, 92658, 92718, 93763, 93792, 93870, 93895, 93928, 94022, 94154, 94660, 95631,
    95931, 96045, 96150, 96234, 96313, 98333, 98686, 99376, 99437, 99814, 100361,
    101047, 101207, 102236, 103362, 103580, 103588, 103998, 104415, 104709, 104765,
    104967, 105196, 105533, 106797, 107760, 107820, 107824, 108109, 108384, 108642,
    108882, 109392, 109931, 110648, 111858, 112038, 112708, 112848, 113340, 114529,
    114904, 114978, 115086, 115224, 115550, 115764, 116204, 116469, 116688, 118139,
    118316, 118744, 118894, 119265, 119602, 119871, 120504, 121139, 121772, 122235,
    122393, 122808, 122964, 123629, 124219, 124710, 124869, 125376, 125592, 126019,
    126591, 126744, 128036, 128136, 128414, 129532, 129876, 130165, 130325, 131213,
    131776, 131852, 132100, 132626, 133211, 133228, 133961, 134052, 134291, 135091,
    135144, 135373, 135594, 135663, 135930, 136189, 136230, 136484, 136705, 137356,
    137695, 137752, 138708, 139241, 140035, 140136, 140271, 140283, 140426, 140692,
    140969, 141746, 142542, 143305, 143370, 143998, 145424, 146788, 147261, 147721,
    147909, 148438, 149245, 149306, 149462, 149490, 149799, 149804, 149915, 150949,
    151000, 151021, 151515, 151534, 151959, 152351, 152636, 153124, 153488, 155485,
    155614, 155667, 156095, 156404, 156464, 156927, 157131, 157952, 158184, 158240,
    158344, 158713, 160483, 160547, 162284, 162304, 162323, 162484, 162722, 164136,
    164448, 165284, 165378, 165410, 165494, 165744, 166322, 166502, 167465, 167752,
    168053, 168145, 168429, 169484, 170057, 170688, 171770, 174094, 174699, 175763,
    175782, 176058, 177252, 177335, 177575, 177597, 177637, 177733, 177734, 177963,
    178308, 178660, 179288, 180326, 180490, 180633, 181552, 182082, 182723, 182810,
    183238, 183596, 183914, 184017, 185011, 185039, 185267, 186150, 186282, 188335,
    188851, 188954, 189231, 189238, 189472, 189863, 190188, 191429, 191826, 192023,
    192297, 192363, 193222, 193500, 193663, 194155, 194931, 195041, 195514, 195678,
    196327, 196754, 197467, 197819, 197847, 198051, 199806, 200440, 200502, 200787,
    200908, 201716, 202299, 202307, 202392, 202821, 203291, 204027, 204305, 204338,
    204619, 205689, 206503, 208523, 208897]
  prime: 9999999967
- ksize: 22
  md5sum: 73553c3e1061056cef03fb3fdc1298a9
  mins: [0, 237, 846, 1897, 2314, 2516, 2789, 3074, 3113, 3238, 4078, 4501, 4914,
    4947, 5476, 5722, 6123, 6217, 7030, 7481, 7695, 7782, 7925, 8772, 9319, 9485,
    10330, 10558, 10816, 11255, 11506, 11587, 11849, 11889, 12391, 12532, 13090, 13267,
    13412, 13685, 13917, 14097, 14396, 14563, 14924, 14937, 15246, 15482, 15666, 15692,
    15760, 15799, 15932, 15943, 16564, 17788, 18071, 18178, 18217, 18627, 18941, 19523,
    19712, 20354, 20554, 20803, 21838, 22326, 23534, 23776, 23779, 24241, 24827, 25802,
    25999, 27178, 27802, 28143, 28870, 29543, 29572, 29928, 30138, 30290, 30404, 30595,
    31764, 32024, 32603, 33281, 34041, 34354, 34806, 34907, 35221, 35273, 35474, 35747,
    36185, 37635, 38769, 39354, 39561, 39879, 40076, 40800, 41380, 42107, 42323, 43431,
    43497, 43653, 43930, 44080, 44482, 45008, 45144, 45146, 46154, 47396, 47421, 47445,
    47630, 47849, 50760, 50915, 50966, 50981, 51211, 51708, 51819, 52730, 53353, 53809,
    53853, 54645, 55140, 56182, 56600, 57174, 57613, 58904, 59092, 59555, 60087, 60204,
    60326, 60872, 61525, 61739, 62389, 63273, 63629, 63732, 63747, 64534, 64596, 64780,
    65233, 65774, 66235, 66258, 66747, 67203, 67305, 67524, 67608, 68060, 68364, 68552,
    68734, 69417, 69784, 69841, 71268, 72065, 72265, 72360, 72802, 73371, 73830, 75797,
    75882, 76432, 76674, 78285, 78861, 78997, 79035, 79807, 80104, 80105, 80232, 80521,
    80679, 81634, 82046, 82584, 82878, 83202, 83494, 83613, 84339, 84507, 84539, 84594,
    84874, 84967, 85032, 85595, 85873, 85912, 86042, 86445, 86454, 87386, 87563, 87884,
    87996, 88224, 89449, 90549, 90666, 91109, 91211, 91339, 91449, 91549, 92129, 92772,
    92874, 93597, 93640, 94477, 94478, 95900, 96761, 97835, 98181, 98394, 98439, 98997,
    100004, 100246, 100655, 100743, 100893, 100937, 101660, 102176, 102546, 102629,
    102753, 103583, 103594, 103619, 103763, 103979, 104337, 104677, 105339, 107309,
    107571, 107719, 107726, 108343, 108588, 108915, 109541, 110760, 110994, 111270,
    111685, 111981, 112105, 112475, 113620, 114100, 114175, 114270, 115000, 115045,
    115550, 115661, 115961, 116145, 116388, 116896, 117658, 117729, 119351, 119505,
    119541, 119618, 119678, 119919, 120554, 121131, 121468, 121513, 121574, 122268,
    122531, 122647, 122796, 123592, 124185, 124410, 124534, 124579, 124822, 125010,
    125399, 125589, 126002, 126568, 126783, 126988, 127221, 128378, 130252, 130337,
    130561, 130896, 131630, 131663, 131783, 131842, 132151, 132249, 132983, 133075,
    133531, 134694, 134751, 134817, 135803, 136420, 136536, 136602, 136678, 139386,
    139989, 140094, 140911, 141229, 141301, 141762, 141783, 142008, 142220, 142546,
    142726, 143150, 143507, 144376, 144415, 144446, 144654, 145191, 145212, 145231,
    145727, 145944, 146070, 146866, 147550, 147845, 148229, 148326, 148514, 149124,
    149565, 149730, 150088, 150219, 151235, 151291, 151465, 151634, 151676, 151906,
    152002, 152341, 152378, 152487, 152839, 152986, 153383, 154952, 156160, 156274,
    156318, 156524, 156895, 157244, 157376, 157409, 157430, 157635, 157990, 158916,
    160117, 160212, 160251, 160329, 160628, 161671, 162408, 162523, 162849, 162869,
    163593, 163696, 164586, 165591, 165863, 165870, 166525, 167131, 167911, 168042,
    169292, 169414, 169556, 169560, 169682, 169847, 169918, 169950, 170415, 171504,
    171664, 172161, 172567, 173076, 173267, 173434, 173684, 174413, 174649, 175609,
    176029, 176398, 176645, 177096, 177436, 177952, 178125, 178688, 178898, 179085,
    179393, 181355, 181368, 182347, 182411, 182874, 182945, 183495, 183555, 184336,
    184373, 184491, 186818, 187273, 187344, 188003, 188204, 189414, 189421, 189486,
    189878, 190472, 190626, 191098, 191295, 192882, 193144, 193452, 193951, 194117,
    194745, 194845, 194968, 196137, 196413, 196939, 197241, 197359, 197463, 197522,
    197702, 197874, 198084, 198372, 199266, 199291, 200028, 200429]
  prime: 9999999967
- ksize: 31
  md5sum: e9944fb682d42fcd12aaee869dee8dad
  mins: [472, 580, 823, 873, 2085, 2933, 2980, 3799, 4167, 4372, 5142, 5675, 6305,
    6348, 6389, 6431, 7312, 7382, 7622, 7735, 8032, 8055, 8428, 9155, 9280, 9489,
    9883, 10319, 10522, 11057, 11083, 12379, 12938, 12963, 13116, 14354, 14947, 15087,
    15469, 15796, 17084, 17436, 17473, 17710, 18089, 18156, 18377, 18378, 18621, 18861,
    19007, 19652, 19867, 20848, 20921, 21120, 21185, 21283, 21328, 21913, 22702, 22739,
    22800, 23365, 23550, 23753, 23758, 23821, 24427, 24452, 24742, 25365, 25465, 25703,
    25714, 25927, 26066, 27318, 27429, 27466, 28915, 28916, 29074, 29221, 29473, 29506,
    29774, 30479, 30987, 31366, 31511, 31933, 32111, 32524, 33307, 33407, 33948, 34307,
    34796, 36605, 37365, 37512, 37735, 37858, 38123, 38839, 39462, 41005, 41587, 42051,
    42295, 42599, 43884, 43900, 45424, 45590, 45887, 45939, 46584, 46600, 47313, 47731,
    48070, 48417, 49731, 49785, 50195, 50454, 50686, 50786, 51952, 52172, 52717, 53699,
    53839, 54037, 54212, 54220, 54464, 54657, 56001, 56008, 56498, 56937, 57471, 57571,
    57604, 57712, 58415, 58418, 59729, 59791, 59860, 59887, 59940, 60098, 60727, 60788,
    61113, 61511, 61685, 62058, 62172, 62258, 62413, 62518, 62565, 63265, 63484, 63571,
    64196, 65361, 65457, 66009, 66355, 66611, 67119, 68312, 69003, 69057, 69228, 69795,
    70227, 70301, 70569, 71010, 71052, 71155, 71918, 73958, 73978, 74066, 74221, 74509,
    74905, 75914, 76297, 76975, 77863, 77987, 78699, 79019, 79797, 80032, 80299, 81609,
    82207, 82491, 82710, 83247, 83266, 83471, 83732, 84247, 85474, 85547, 85925, 86195,
    86442, 86559, 86865, 86992, 87101, 87817, 88089, 88444, 88569, 88795, 89005, 89035,
    89799, 90270, 90506, 90640, 91120, 91166, 92432, 92516, 92550, 92713, 93060, 93335,
    93853, 94206, 94709, 94878, 95945, 96186, 97724, 97871, 98130, 98590, 99479, 99522,
    100022, 100211, 100279, 100621, 100731, 101355, 101772, 101985, 102125, 102539,
    102976, 103187, 103304, 103344, 103792, 103888, 103934, 104062, 104077, 104444,
    105201, 105519, 105754, 106267, 106283, 106975, 107984, 108087, 108640, 108715,
    108869, 109463, 109537, 109805, 110188, 110229, 110721, 111052, 111790, 112069,
    112170, 112533, 112768, 113014, 113293, 113443, 113534, 113901, 114034, 114083,
    114386, 114552, 115009, 115372, 115464, 115661, 115747, 115787, 115840, 116230,
    116331, 116499, 116528, 116547, 116703, 116709, 116714, 116822, 117520, 117659,
    117803, 117969, 118130, 118152, 118223, 118336, 118451, 118588, 118688, 119094,
    119156, 119163, 119242, 119380, 119587, 119862, 120338, 120561, 120797, 120924,
    121116, 121468, 122016, 122320, 122492, 122812, 122974, 123958, 124067, 124888,
    125250, 125671, 126092, 126239, 126345, 126391, 126771, 126803, 127149, 127962,
    127968, 128527, 130515, 130788, 131225, 131410, 131757, 131947, 132471, 132937,
    133064, 133102, 133859, 133906, 133917, 134202, 134207, 134523, 134819, 135232,
    135329, 135422, 135471, 135591, 135831, 136317, 137074, 138071, 138212, 138247,
    138730, 138883, 139371, 139768, 139859, 140312, 140441, 142214, 142269, 142495,
    142771, 143027, 143239, 143356, 143676, 144204, 144766, 144933, 146138, 146696,
    148102, 148170, 148585, 149084, 149589, 150092, 151156, 151268, 151426, 152461,
    152485, 152645, 152809, 152826, 153547, 153759, 153778, 154251, 154265, 155041,
    155084, 155504, 155875, 155914, 157535, 157806, 159068, 159113, 159752, 160242,
    160689, 161065, 162164, 162730, 163165, 163453, 163511, 163998, 164075, 164153,
    164508, 165362, 165812, 165988, 166083, 166207, 166812, 167093, 167827, 168882,
    169245, 169912, 170236, 170632, 170694, 170839, 171318, 171912, 171954, 172776,
    173884, 174074, 174458, 175395, 175430, 175532, 175588, 175651, 176309, 177062,
    177265, 178114, 178325, 178450, 178615, 178762, 178806, 178870, 178954, 181228,
    181447, 181512, 182416, 182602, 182754, 183726]
  prime: 9999999967
- ksize: 32
  md5sum: 26a3a673a0f32239907efb13c0192de5
  mins: [0, 142, 219, 294, 490, 493, 576, 710, 1114, 1119, 1494, 2231, 2418, 2897,
    3488, 3922, 4562, 4584, 4707, 5489, 5515, 6022, 6182, 6908, 8290, 8507, 8882,
    9045, 9047, 10315, 10913, 11411, 11571, 11660, 11810, 12927, 13253, 13967, 14196,
    14780, 15237, 17147, 17610, 17699, 17745, 17757, 18560, 18704, 18716, 19003, 19091,
    19722, 20333, 20497, 21377, 21436, 21962, 22065, 22121, 22324, 22569, 23524, 23550,
    23660, 23931, 24651, 24890, 24907, 25594, 25959, 26018, 26083, 26382, 28075, 28187,
    28986, 29460, 29703, 29789, 31264, 31946, 32051, 32186, 32621, 32658, 32795, 33205,
    33820, 34190, 34433, 35261, 35544, 35694, 36358, 36472, 36506, 36523, 36622, 37260,
    37425, 38216, 38972, 39283, 40164, 40596, 40832, 41699, 41960, 42075, 42268, 42724,
    43233, 43331, 44060, 44192, 44359, 45473, 45799, 46074, 46435, 46795, 46932, 47481,
    48047, 48555, 49685, 49837, 49985, 51040, 51218, 51755, 52478, 52511, 52737, 53491,
    53619, 53720, 53840, 54155, 54639, 54674, 54741, 55778, 55974, 56155, 56434, 56465,
    57563, 57757, 57979, 58070, 59430, 59451, 59573, 60468, 60944, 61421, 62195, 62525,
    63435, 63803, 63812, 64007, 64175, 64441, 64796, 65209, 65297, 65399, 65812, 66223,
    66491, 67272, 67838, 69336, 69405, 70526, 70607, 70775, 71039, 71222, 72501, 72539,
    73568, 73702, 73872, 74170, 74750, 74761, 75018, 75493, 75960, 76043, 76289, 76539,
    76668, 76822, 77153, 77428, 77825, 78077, 78331, 78479, 78604, 78925, 79990, 80107,
    80274, 80494, 80542, 80784, 81185, 81251, 81979, 82080, 83329, 84007, 84094, 85407,
    85668, 85739, 85900, 86184, 86676, 87106, 87425, 87695, 88099, 88722, 89022, 89995,
    91478, 92710, 92723, 92749, 93382, 93556, 94552, 95302, 96020, 96941, 97184, 97844,
    97927, 98012, 98095, 99401, 99780, 99959, 100169, 101240, 101897, 101953, 102382,
    102449, 102984, 103027, 103081, 103338, 103630, 103954, 104263, 104519, 104727,
    104944, 105187, 105316, 105452, 105491, 105751, 106198, 106452, 106536, 107085,
    107435, 107598, 107657, 107660, 107817, 107857, 108836, 108875, 109303, 109664,
    110361, 110457, 112287, 112350, 113165, 113373, 114279, 114509, 114969, 115037,
    115379, 115532, 115743, 115758, 116473, 116896, 117699, 118181, 118633, 118691,
    118758, 118804, 118893, 119076, 119136, 119836, 120015, 120221, 120290, 120780,
    121242, 121854, 122231, 122382, 122635, 123133, 123377, 123461, 123603, 124263,
    124405, 124428, 124591, 125441, 126244, 126248, 126720, 126742, 126844, 127221,
    127362, 127810, 128808, 129185, 129636, 130170, 130193, 130302, 130642, 131576,
    131732, 131845, 131891, 132151, 133046, 133050, 133136, 133495, 133515, 133557,
    134407, 134534, 134987, 135787, 135794, 136346, 136569, 136870, 137008, 137568,
    137803, 137907, 138374, 140666, 141010, 141273, 141488, 141629, 142143, 142161,
    142621, 143143, 143216, 143571, 143696, 144508, 144711, 144853, 144959, 145105,
    145295, 145309, 145313, 145692, 146352, 146372, 147476, 147525, 149167, 149208,
    149265, 149358, 149427, 149722, 149748, 150173, 150179, 150316, 150554, 150908,
    151242, 151392, 151535, 152445, 153802, 155005, 155456, 155483, 155495, 155499,
    155551, 156137, 156885, 157017, 158002, 158962, 158965, 159164, 159299, 160031,
    160458, 160855, 161604, 162059, 162466, 162563, 162571, 163427, 164051, 165026,
    165163, 165215, 165503, 165681, 166704, 167193, 167302, 167398, 167729, 167939,
    169058, 169198, 169285, 170498, 170564, 170827, 171162, 171349, 171695, 172227,
    172343, 172405, 173379, 174402, 175216, 175395, 175974, 176291, 176755, 177627,
    177809, 177841, 178781, 179274, 179798, 180792, 181240, 182117, 182209, 182678,
    182763, 182890, 183042, 184019, 184730, 185344, 185490, 185746, 185855, 185888,
    186495, 186958, 187932, 188028, 188248, 188365, 189324, 189687, 190745, 190757,
    191001, 191113, 191774, 191858, 192304, 192381]
  prime: 9999999967
type: mrnaseq
version: '0.2'
