class: sourmash_signature
email: titus@idyll.org
filename: SRR2255622_1.fastq.gz.trimnoV.fq.gz
name: disease mouse
signatures:
- ksize: 16
  md5sum: 1ba50d6541e5b2d06402e7b9230a4b35
  mins: [0, 9, 24, 69, 85, 116, 123, 147, 229, 351, 354, 409, 414, 517, 576, 602,
    946, 958, 999, 1027, 1088, 1114, 1117, 1186, 1206, 1208, 1373, 1471, 1669, 1799,
    1829, 1853, 1884, 1912, 1978, 2123, 2173, 2417, 2450, 2461, 2493, 2571, 2614,
    2619, 2732, 2790, 2829, 2878, 2963, 3021, 3060, 3188, 3189, 3257, 3284, 3331,
    3370, 3397, 3441, 3500, 3615, 3788, 3964, 3985, 3989, 4038, 4048, 4049, 4070,
    4078, 4119, 4190, 4247, 4256, 4267, 4391, 4406, 4423, 4441, 4489, 4545, 4570,
    4719, 4724, 4790, 4797, 4802, 4812, 4830, 4874, 4919, 4935, 5091, 5106, 5154,
    5181, 5298, 5362, 5627, 5938, 5965, 6023, 6028, 6037, 6127, 6175, 6200, 6250,
    6251, 6414, 6570, 6608, 6900, 7028, 7052, 7104, 7125, 7127, 7128, 7146, 7160,
    7204, 7222, 7317, 7512, 7684, 7969, 8020, 8070, 8185, 8207, 8312, 8337, 8374,
    8384, 8560, 8626, 8699, 8777, 8779, 8821, 8841, 8879, 8924, 9064, 9199, 9325,
    9330, 9349, 9406, 9433, 9649, 9724, 9814, 9837, 9894, 9907, 9914, 9978, 9990,
    10036, 10111, 10118, 10221, 10262, 10427, 10430, 10543, 10617, 10730, 10763, 10842,
    10924, 10940, 10968, 10998, 11042, 11080, 11103, 11157, 11266, 11312, 11327, 11374,
    11415, 11530, 11652, 11696, 11734, 11735, 11742, 11831, 11944, 11964, 12084, 12164,
    12332, 12382, 12386, 12452, 12461, 12566, 12624, 12637, 12676, 12702, 12764, 12785,
    12803, 12847, 12974, 13025, 13074, 13107, 13171, 13254, 13434, 13483, 13613, 13688,
    13766, 13820, 13872, 14134, 14214, 14335, 14381, 14508, 14540, 14606, 14656, 14670,
    14676, 14682, 14743, 14786, 14876, 14914, 14929, 14954, 14963, 14977, 14986, 15129,
    15140, 15158, 15211, 15364, 15418, 15438, 15442, 15458, 15506, 15556, 15568, 15638,
    15688, 15784, 15803, 15958, 16030, 16092, 16128, 16258, 16291, 16324, 16326, 16435,
    16607, 16682, 16738, 16819, 16966, 17095, 17168, 17180, 17242, 17253, 17452, 17501,
    17505, 17508, 17555, 17783, 17828, 17842, 17903, 17908, 17941, 17944, 18091, 18110,
    18120, 18461, 18471, 18498, 18639, 18652, 18677, 18813, 18820, 18910, 19006, 19070,
    19133, 19153, 19243, 19385, 19398, 19435, 19454, 19501, 19615, 19706, 19738, 19771,
    19777, 19812, 19863, 19908, 19942, 20086, 20103, 20274, 20278, 20327, 20348, 20355,
    20371, 20398, 20544, 20591, 20633, 20640, 20727, 20750, 20777, 20841, 20857, 20874,
    20945, 20952, 21100, 21117, 21133, 21257, 21307, 21346, 21469, 21487, 21503, 21603,
    21703, 21709, 21776, 21779, 21908, 21944, 21947, 22181, 22185, 22220, 22369, 22396,
    22430, 22475, 22551, 22615, 22626, 22652, 23032, 23149, 23190, 23338, 23618, 23757,
    23904, 23938, 23947, 23983, 23998, 24010, 24045, 24348, 24463, 24585, 24594, 24653,
    24720, 24724, 24975, 24999, 25080, 25232, 25261, 25331, 25357, 25447, 25557, 25670,
    25817, 25843, 25844, 25879, 25881, 25911, 25929, 25984, 26047, 26196, 26197, 26217,
    26306, 26321, 26341, 26445, 26463, 26465, 26572, 26605, 26624, 26655, 26695, 26850,
    26864, 26952, 27025, 27114, 27194, 27240, 27249, 27336, 27443, 27470, 27506, 27581,
    27751, 27780, 27835, 27839, 28013, 28030, 28361, 28364, 28402, 28444, 28475, 28482,
    28536, 28582, 28605, 28733, 29104, 29164, 29180, 29224, 29279, 29292, 29376, 29416,
    29476, 29534, 29569, 29589, 29633, 29695, 29726, 29729, 29795, 29805, 29816, 29819,
    29856, 29887, 29949, 30068, 30099, 30224, 30309, 30394, 30499, 30570, 30594, 30630,
    30693, 30768, 30793, 30875, 31226, 31259, 31267, 31339, 31373, 31416, 31495, 31665,
    31731, 31895, 31962, 32084]
  prime: 9999999967
- ksize: 22
  md5sum: bb7bca304cadc3340c7bd7cb890b3fef
  mins: [0, 84, 102, 120, 121, 237, 359, 413, 446, 501, 776, 846, 884, 903, 1053,
    1056, 1062, 1081, 1082, 1101, 1233, 1311, 1423, 1556, 1669, 1709, 1896, 1897,
    1980, 2036, 2275, 2290, 2314, 2340, 2516, 2554, 2789, 2851, 2868, 3037, 3074,
    3113, 3138, 3180, 3181, 3238, 3257, 3388, 3693, 3706, 3880, 3987, 4023, 4078,
    4160, 4204, 4251, 4332, 4501, 4532, 4677, 4726, 4831, 4914, 4947, 5039, 5112,
    5139, 5164, 5284, 5385, 5476, 5563, 5609, 5709, 5722, 5852, 5980, 6057, 6085,
    6123, 6208, 6217, 6353, 6355, 6497, 6530, 6558, 6594, 6697, 6809, 6844, 7030,
    7040, 7222, 7233, 7262, 7296, 7297, 7326, 7339, 7379, 7384, 7420, 7481, 7514,
    7695, 7702, 7703, 7705, 7762, 7782, 7868, 7893, 7925, 8045, 8050, 8119, 8155,
    8157, 8166, 8197, 8304, 8310, 8433, 8452, 8615, 8630, 8634, 8720, 8760, 8772,
    8796, 8859, 9040, 9122, 9260, 9319, 9380, 9390, 9429, 9475, 9485, 9564, 9624,
    9654, 9684, 9725, 9783, 9852, 9953, 10073, 10156, 10167, 10267, 10307, 10327,
    10330, 10348, 10442, 10510, 10520, 10558, 10757, 10816, 10840, 10876, 10960, 11084,
    11096, 11255, 11351, 11443, 11485, 11505, 11506, 11521, 11587, 11603, 11616, 11629,
    11630, 11657, 11752, 11775, 11849, 11888, 11889, 11907, 12053, 12075, 12154, 12174,
    12188, 12200, 12391, 12397, 12501, 12532, 12561, 12605, 12678, 12786, 12867, 12932,
    12983, 13090, 13267, 13279, 13412, 13469, 13583, 13607, 13629, 13663, 13685, 13734,
    13773, 13778, 13793, 13917, 13929, 14072, 14097, 14240, 14256, 14385, 14396, 14563,
    14757, 14818, 14924, 14929, 14937, 14995, 15048, 15073, 15158, 15215, 15243, 15246,
    15297, 15377, 15392, 15482, 15528, 15666, 15692, 15760, 15799, 15932, 15939, 15943,
    15952, 15983, 16073, 16108, 16184, 16228, 16354, 16370, 16391, 16395, 16417, 16419,
    16429, 16501, 16564, 16598, 16676, 16712, 16818, 16837, 17093, 17167, 17196, 17198,
    17315, 17368, 17475, 17534, 17684, 17716, 17788, 17820, 17893, 18040, 18044, 18049,
    18054, 18071, 18084, 18094, 18178, 18217, 18269, 18347, 18483, 18580, 18627, 18869,
    18941, 18963, 18965, 18979, 18996, 19088, 19257, 19344, 19369, 19403, 19502, 19523,
    19622, 19658, 19707, 19712, 19734, 19738, 19745, 19755, 19835, 19853, 19872, 19906,
    19947, 20003, 20016, 20022, 20058, 20290, 20310, 20319, 20354, 20519, 20550, 20554,
    20573, 20574, 20680, 20735, 20750, 20754, 20803, 20912, 20978, 20981, 21003, 21079,
    21090, 21179, 21374, 21403, 21409, 21523, 21619, 21637, 21653, 21697, 21711, 21802,
    21803, 21816, 21838, 21901, 21914, 22059, 22146, 22326, 22345, 22387, 22459, 22590,
    22612, 22617, 22783, 22924, 22959, 23060, 23257, 23317, 23504, 23534, 23642, 23776,
    23779, 23797, 23830, 23864, 23895, 23923, 24018, 24043, 24161, 24223, 24241, 24268,
    24433, 24517, 24570, 24588, 24593, 24711, 24712, 24736, 24744, 24827, 24868, 24916,
    25010, 25037, 25041, 25043, 25073, 25138, 25248, 25303, 25331, 25361, 25509, 25560,
    25561, 25569, 25802, 25840, 25914, 25995, 25999, 26071, 26093, 26199, 26205, 26230,
    26235, 26246, 26359, 26520, 26627, 26633, 26661, 26715, 26787, 26875, 26919, 27088,
    27178, 27182, 27298, 27410, 27411, 27606, 27609, 27802, 27977, 28012, 28051, 28080,
    28088, 28109, 28143, 28149, 28190, 28217, 28376, 28567, 28590, 28701, 28769, 28772,
    28820, 28870, 28879, 28950, 29029, 29036, 29149, 29265, 29441, 29510, 29543, 29572,
    29633, 29673, 29718, 29928, 29960, 29997, 30138, 30162, 30224, 30290, 30300, 30304,
    30333, 30383, 30404, 30417, 30514, 30595, 30719]
  prime: 9999999967
- ksize: 31
  md5sum: c74edf07d74a66f3c904ea75c0df85c3
  mins: [38, 118, 152, 159, 268, 270, 340, 421, 438, 472, 580, 607, 649, 687, 823,
    835, 873, 1278, 1306, 1322, 1378, 1514, 1606, 1707, 1737, 1948, 2036, 2085, 2097,
    2363, 2388, 2483, 2498, 2548, 2550, 2558, 2572, 2610, 2627, 2654, 2809, 2915,
    2933, 2939, 2980, 2981, 3010, 3033, 3046, 3061, 3104, 3166, 3192, 3235, 3274,
    3418, 3454, 3526, 3616, 3630, 3639, 3654, 3676, 3681, 3693, 3799, 3810, 3811,
    3826, 3932, 4023, 4055, 4113, 4167, 4338, 4372, 4377, 4454, 4471, 4752, 4812,
    4830, 5030, 5066, 5142, 5387, 5675, 5844, 5961, 5983, 6053, 6287, 6305, 6348,
    6350, 6387, 6389, 6392, 6411, 6431, 6442, 6559, 6632, 6668, 6670, 6676, 6747,
    6764, 6783, 6827, 6992, 7035, 7063, 7082, 7181, 7231, 7311, 7312, 7375, 7382,
    7526, 7534, 7622, 7733, 7735, 7740, 7861, 7922, 8032, 8055, 8174, 8183, 8202,
    8248, 8294, 8298, 8324, 8383, 8428, 8569, 8703, 8711, 8804, 8865, 8878, 9080,
    9089, 9093, 9147, 9151, 9155, 9280, 9307, 9367, 9472, 9482, 9489, 9682, 9694,
    9712, 9771, 9883, 9924, 9986, 10062, 10103, 10139, 10248, 10265, 10311, 10319,
    10336, 10395, 10398, 10450, 10522, 10583, 10599, 10635, 10734, 10741, 10748, 10781,
    10955, 10988, 11030, 11043, 11047, 11057, 11083, 11131, 11175, 11185, 11202, 11208,
    11320, 11432, 11434, 11451, 11504, 11569, 11604, 11642, 11656, 11812, 11893, 11917,
    11963, 12129, 12190, 12208, 12353, 12379, 12451, 12463, 12687, 12793, 12921, 12938,
    12963, 12972, 13116, 13136, 13217, 13334, 13414, 13461, 13510, 13519, 13523, 13666,
    13706, 13748, 13812, 13865, 13914, 13936, 14197, 14273, 14318, 14354, 14379, 14387,
    14451, 14654, 14659, 14703, 14710, 14904, 14947, 15002, 15087, 15170, 15231, 15247,
    15398, 15410, 15441, 15469, 15484, 15494, 15530, 15602, 15796, 15995, 16077, 16108,
    16141, 16430, 16512, 16546, 16713, 16780, 16787, 16975, 17009, 17041, 17084, 17085,
    17247, 17280, 17295, 17337, 17345, 17371, 17436, 17473, 17540, 17648, 17652, 17710,
    17755, 17761, 17889, 17913, 17943, 18012, 18052, 18064, 18089, 18093, 18156, 18254,
    18262, 18377, 18378, 18496, 18564, 18619, 18621, 18654, 18705, 18737, 18815, 18822,
    18844, 18861, 18894, 18948, 19007, 19076, 19203, 19231, 19296, 19339, 19398, 19521,
    19522, 19566, 19575, 19652, 19686, 19797, 19867, 19976, 20032, 20039, 20120, 20134,
    20141, 20182, 20304, 20326, 20352, 20357, 20361, 20368, 20506, 20532, 20615, 20848,
    20921, 20967, 20978, 21032, 21086, 21097, 21103, 21120, 21158, 21185, 21283, 21328,
    21395, 21405, 21434, 21448, 21506, 21572, 21697, 21760, 21762, 21864, 21913, 22085,
    22164, 22314, 22332, 22357, 22388, 22415, 22656, 22702, 22739, 22747, 22800, 22850,
    22858, 22912, 22953, 23038, 23145, 23182, 23239, 23243, 23253, 23328, 23340, 23365,
    23373, 23550, 23564, 23567, 23667, 23743, 23753, 23758, 23821, 24080, 24160, 24259,
    24329, 24376, 24425, 24427, 24452, 24463, 24561, 24711, 24742, 24764, 24916, 25043,
    25048, 25270, 25277, 25365, 25419, 25420, 25465, 25703, 25714, 25880, 25927, 25970,
    26007, 26014, 26066, 26069, 26124, 26127, 26153, 26165, 26220, 26312, 26465, 26469,
    26511, 26533, 26581, 26681, 26819, 26866, 26873, 26985, 27043, 27106, 27318, 27323,
    27405, 27429, 27457, 27466, 27483, 27528, 27555, 27590, 27637, 27648, 27721, 27867,
    27924, 27950, 28019, 28069, 28212, 28321, 28427, 28585, 28616, 28702, 28720, 28915,
    28916, 29074, 29218, 29221, 29473, 29506, 29602, 29641, 29774, 29847, 29859, 30006,
    30113, 30139, 30166, 30281, 30293]
  prime: 9999999967
- ksize: 32
  md5sum: 8f5783c917ef02d68d846c4595451453
  mins: [0, 14, 94, 142, 189, 210, 215, 219, 282, 294, 295, 322, 333, 336, 425, 490,
    493, 576, 675, 710, 825, 1035, 1060, 1074, 1081, 1096, 1106, 1114, 1119, 1195,
    1207, 1311, 1358, 1494, 1639, 1702, 1798, 1860, 1985, 1988, 2088, 2153, 2211,
    2231, 2354, 2404, 2418, 2422, 2473, 2478, 2567, 2686, 2743, 2809, 2852, 2897,
    2920, 3041, 3142, 3242, 3313, 3321, 3488, 3496, 3614, 3643, 3657, 3740, 3775,
    3922, 4065, 4123, 4413, 4528, 4535, 4562, 4567, 4584, 4697, 4707, 4743, 4758,
    4763, 4782, 4805, 4815, 4827, 4885, 5096, 5225, 5226, 5243, 5283, 5411, 5429,
    5473, 5489, 5515, 6022, 6074, 6102, 6106, 6130, 6182, 6186, 6260, 6276, 6320,
    6364, 6386, 6458, 6503, 6521, 6781, 6877, 6908, 7046, 7070, 7076, 7109, 7470,
    7713, 7868, 7927, 7942, 7952, 7977, 8035, 8290, 8337, 8341, 8477, 8487, 8507,
    8517, 8583, 8614, 8630, 8633, 8700, 8705, 8767, 8796, 8840, 8882, 8893, 8909,
    9045, 9047, 9079, 9109, 9164, 9255, 9308, 9356, 9387, 9475, 9571, 9783, 9833,
    10011, 10118, 10186, 10240, 10271, 10315, 10351, 10451, 10576, 10636, 10682, 10684,
    10785, 10854, 10913, 11016, 11032, 11184, 11257, 11386, 11400, 11411, 11571, 11660,
    11806, 11810, 11820, 11921, 12123, 12153, 12211, 12232, 12240, 12301, 12430, 12441,
    12468, 12520, 12733, 12761, 12778, 12818, 12927, 12934, 13102, 13168, 13221, 13253,
    13293, 13357, 13529, 13534, 13750, 13916, 13967, 14062, 14157, 14196, 14243, 14256,
    14343, 14362, 14374, 14497, 14534, 14541, 14607, 14633, 14663, 14776, 14780, 14783,
    14812, 14997, 15002, 15036, 15091, 15109, 15237, 15308, 15453, 15566, 15659, 15673,
    15735, 15784, 15874, 15907, 16006, 16012, 16157, 16229, 16377, 16468, 16528, 16615,
    16622, 16675, 16715, 16888, 17071, 17147, 17277, 17433, 17610, 17697, 17699, 17745,
    17757, 17793, 17845, 18029, 18030, 18125, 18329, 18371, 18440, 18468, 18560, 18580,
    18676, 18704, 18716, 18767, 18900, 19003, 19091, 19208, 19405, 19611, 19666, 19721,
    19722, 19800, 19811, 19984, 19989, 19995, 20009, 20046, 20166, 20230, 20267, 20333,
    20438, 20497, 20559, 20665, 20673, 20705, 20814, 20834, 20916, 20972, 21083, 21086,
    21203, 21224, 21236, 21255, 21318, 21377, 21387, 21396, 21411, 21428, 21436, 21446,
    21477, 21539, 21558, 21567, 21649, 21745, 21785, 21896, 21952, 21962, 22065, 22066,
    22090, 22109, 22121, 22165, 22285, 22306, 22314, 22315, 22324, 22329, 22383, 22390,
    22414, 22485, 22519, 22569, 22629, 22937, 22972, 23091, 23107, 23154, 23299, 23524,
    23550, 23581, 23660, 23697, 23771, 23865, 23931, 24008, 24105, 24230, 24304, 24325,
    24331, 24340, 24401, 24516, 24631, 24639, 24642, 24651, 24676, 24843, 24890, 24907,
    24978, 25071, 25338, 25390, 25523, 25594, 25629, 25634, 25811, 25951, 25959, 25978,
    26018, 26024, 26067, 26083, 26100, 26164, 26186, 26382, 26404, 26417, 26471, 26542,
    26562, 26642, 26716, 26748, 26755, 26757, 26764, 26783, 26787, 26827, 26832, 27281,
    27297, 27315, 27397, 27437, 27445, 27516, 27543, 27666, 27686, 27700, 27782, 27810,
    27819, 27827, 27901, 27957, 28075, 28187, 28316, 28421, 28447, 28468, 28964, 28986,
    29018, 29460, 29509, 29510, 29532, 29572, 29577, 29611, 29703, 29781, 29789, 29817,
    29984, 30016, 30093, 30183, 30227, 30384, 30386, 30402, 30483, 30576, 30652, 30692,
    30701, 30742, 30746, 30768, 30772, 30817, 30830, 30895, 30929, 30994, 31023, 31081,
    31177, 31242, 31264, 31303, 31478, 31496, 31606, 31729, 31787, 31924, 31935, 31946,
    32051, 32057, 32066, 32151]
  prime: 9999999967
type: mrnaseq
version: '0.2'
