class: sourmash_signature
email: titus@idyll.org
filename: SRR2241509_1.fastq.gz.trimnoV.fq.gz
name: disease mouse
signatures:
- ksize: 16
  md5sum: 36d2533929468a76e4294ffca729e2a7
  mins: [0, 3021, 4119, 6498, 10842, 12332, 17828, 18461, 21459, 23998, 25844, 32674,
    34261, 37200, 46003, 50731, 55578, 56563, 57148, 61451, 62621, 62851, 63214, 65082,
    65084, 68170, 68675, 68801, 69347, 76929, 83813, 85981, 89151, 92551, 93928, 94900,
    94948, 96007, 96327, 96478, 102236, 103588, 108642, 114990, 115764, 116936, 121772,
    123629, 123901, 124869, 129190, 133326, 140271, 140692, 143370, 150949, 151515,
    155557, 155614, 158767, 162484, 163291, 163562, 164448, 165284, 165378, 169651,
    170254, 176994, 179288, 181666, 184109, 185011, 189472, 192023, 193001, 198525,
    200502, 204338, 205237, 208523, 211673, 214545, 215731, 217008, 220751, 221926,
    223280, 226481, 228211, 231386, 231484, 232070, 232470, 236281, 237671, 238781,
    240003, 245516, 248744, 249044, 251421, 252462, 254202, 256709, 257631, 261000,
    261707, 262579, 263061, 267973, 270400, 275322, 275381, 278609, 279668, 287510,
    290358, 295439, 296017, 297657, 297990, 300162, 311104, 311451, 315962, 327154,
    334343, 335332, 337366, 339139, 346082, 349687, 350045, 352135, 355067, 357333,
    358193, 358501, 359107, 359218, 359951, 361579, 365007, 366208, 369420, 371950,
    373059, 373690, 374316, 380025, 381885, 382850, 394365, 398181, 398522, 403681,
    410516, 413995, 419723, 423556, 425829, 427253, 428188, 430420, 433379, 433548,
    435015, 435779, 436295, 436412, 437068, 438104, 438466, 439017, 440290, 446425,
    453620, 454388, 455257, 457425, 459444, 460399, 463034, 463382, 464814, 468203,
    468497, 469636, 476434, 477743, 477871, 477892, 481302, 482199, 484718, 485662,
    485934, 486459, 489380, 491577, 501456, 501468, 503199, 505626, 508148, 509050,
    511262, 511974, 512612, 514007, 514351, 515616, 516151, 518121, 519876, 524115,
    527346, 531630, 532404, 538492, 542123, 542773, 544551, 545150, 545477, 545701,
    546894, 548484, 551411, 557383, 560452, 561260, 561880, 564510, 565353, 565391,
    566206, 566937, 568509, 569133, 572081, 576720, 577511, 578811, 580632, 583589,
    583850, 585455, 599133, 604212, 605201, 606093, 606221, 608770, 610210, 612311,
    613506, 615401, 624760, 625952, 630560, 631529, 641049, 641122, 642393, 644293,
    644879, 645987, 650863, 651362, 655634, 656160, 660403, 662217, 669432, 670775,
    671405, 672193, 673721, 674710, 675850, 675906, 677685, 681237, 687684, 692566,
    701622, 705250, 705710, 709134, 709781, 716383, 716972, 717076, 719703, 721713,
    722650, 723411, 725027, 725398, 726552, 727230, 727566, 731988, 732093, 732772,
    733850, 736573, 738922, 739118, 740663, 745428, 751340, 751545, 753255, 759589,
    760235, 767584, 769510, 771202, 775121, 779049, 782891, 796968, 797417, 801544,
    803959, 806664, 808599, 811309, 819109, 823799, 831131, 832050, 835600, 837384,
    837452, 840186, 842926, 843874, 852998, 853840, 857463, 857818, 858798, 864763,
    865125, 866368, 866536, 867926, 870391, 873447, 874840, 881007, 882112, 883554,
    883880, 885052, 888388, 891116, 891346, 891701, 895111, 895206, 898624, 899049,
    906118, 906728, 911660, 915128, 917831, 919633, 920191, 923587, 926618, 928572,
    931704, 933294, 934562, 934727, 938269, 938621, 940376, 945785, 952618, 954239,
    955653, 955962, 956410, 956633, 957299, 960544, 965448, 966839, 966998, 972148,
    977610, 978391, 978739, 983015, 984711, 985048, 986356, 987136, 988604, 988970,
    990213, 991216, 991291, 999488, 1000223, 1000916, 1003342, 1004944, 1005263, 1011844,
    1011941, 1012608, 1017007, 1018390, 1018489, 1019634, 1027796, 1028084, 1036304,
    1041802, 1042478, 1047245, 1047881, 1049823, 1050770, 1051165, 1051943, 1055091,
    1056404, 1056634, 1061007, 1068129, 1070635, 1073002, 1077123, 1080909, 1081161,
    1096788, 1101039, 1102685, 1103570, 1114878, 1116908, 1116911, 1121243, 1121787,
    1126449, 1127830, 1128894, 1130440, 1133161, 1135895, 1136013, 1136727, 1138075,
    1140109, 1140857, 1143263, 1143755, 1148205, 1148249, 1149805, 1152276, 1157932,
    1159982, 1160329, 1161478, 1165233, 1165445, 1168509, 1168696, 1171491, 1171605,
    1173276, 1176952, 1177043, 1183399, 1186567, 1188028, 1188876, 1189938, 1191308,
    1193303, 1199392, 1204316, 1210658, 1211139, 1213843, 1215226, 1216829, 1217759,
    1218718, 1221658]
  prime: 9999999967
- ksize: 22
  md5sum: 3b068c51ec650b75a1dc03d22b1aafde
  mins: [0, 1062, 1813, 4914, 8922, 10816, 11446, 12867, 12880, 14097, 15295, 15943,
    16564, 17788, 17820, 18217, 18941, 19523, 28870, 29265, 33940, 36185, 39327, 40573,
    43330, 45144, 50242, 52800, 55140, 57777, 59092, 63603, 63747, 66207, 66611, 67524,
    68228, 70871, 72630, 73830, 79660, 82584, 83339, 88224, 92129, 93330, 99371, 100246,
    100937, 102629, 108915, 119255, 119541, 122926, 124534, 125314, 131663, 132983,
    133543, 134428, 136678, 139386, 141157, 141259, 141762, 143661, 147094, 147550,
    150088, 151676, 155269, 155733, 156232, 157990, 159214, 159533, 161543, 162976,
    166968, 167911, 168042, 175951, 177520, 180410, 185842, 186506, 187791, 189414,
    190619, 190626, 192950, 197522, 199266, 199390, 201378, 202365, 203805, 206155,
    207078, 207534, 214378, 216960, 222246, 233332, 237658, 239346, 240904, 241924,
    244358, 245262, 245604, 248222, 251980, 255383, 257098, 257739, 259077, 259422,
    262768, 264619, 267085, 270153, 274572, 283252, 284171, 290144, 291973, 294461,
    298039, 300431, 300473, 301541, 301877, 302987, 305005, 308359, 310252, 310644,
    312346, 312502, 314610, 315092, 315960, 318819, 321313, 321695, 326862, 327412,
    330159, 332995, 346420, 347058, 347693, 350007, 351718, 353295, 354148, 354149,
    355533, 358888, 359013, 360721, 361192, 368298, 370858, 377791, 383940, 386499,
    386506, 386728, 392969, 393131, 399489, 399774, 400281, 400998, 402939, 404355,
    404807, 414719, 416513, 416813, 417913, 419077, 419181, 421443, 421684, 424875,
    426264, 427306, 427978, 429670, 430990, 433245, 436170, 436904, 437760, 438589,
    438843, 444340, 449052, 449972, 453112, 453629, 454664, 457832, 461482, 465462,
    467954, 467985, 468736, 471582, 473284, 475984, 477099, 481149, 486087, 488501,
    489685, 489995, 492711, 497281, 500346, 502494, 508616, 513601, 514624, 515500,
    518241, 519027, 520326, 524844, 526617, 527950, 528461, 529227, 531163, 533774,
    535073, 535887, 535933, 536122, 539681, 543571, 544823, 546236, 548334, 548832,
    554739, 557084, 565762, 568156, 568528, 576978, 577692, 591011, 593159, 594928,
    599299, 603871, 606259, 609192, 612740, 613508, 614507, 615863, 616048, 616514,
    618357, 618932, 620666, 621827, 624365, 626579, 630196, 631270, 634518, 635449,
    638358, 638675, 638737, 645861, 646477, 647179, 648287, 652141, 655696, 656463,
    657672, 660592, 664028, 664687, 666515, 666982, 667703, 672668, 676647, 678401,
    680046, 683666, 686599, 687134, 687859, 695617, 696344, 697762, 701586, 702566,
    702583, 705247, 710029, 713881, 715971, 716073, 721279, 723060, 724330, 726434,
    731441, 738488, 743450, 743852, 744285, 745318, 750061, 751526, 758562, 761466,
    762838, 764151, 766099, 766340, 766975, 769215, 770329, 771194, 777550, 777790,
    783369, 786620, 786622, 786803, 787196, 788925, 790285, 790748, 794442, 794998,
    795201, 798033, 798275, 800208, 800560, 801256, 801666, 803818, 803870, 809960,
    815661, 816084, 817965, 822310, 830436, 835580, 836698, 839394, 843398, 844742,
    848071, 848538, 851750, 852902, 854448, 856995, 857389, 857504, 857769, 859439,
    863401, 866057, 869375, 870000, 870719, 884479, 886053, 886790, 887454, 887501,
    890586, 892203, 893250, 904572, 904716, 906491, 907184, 910117, 911739, 917988,
    921745, 923346, 924386, 927238, 927408, 929657, 936201, 937610, 937680, 938046,
    939578, 941817, 943280, 943964, 946551, 949712, 949787, 951488, 952226, 952334,
    953373, 953786, 953839, 955925, 956132, 956447, 959627, 962205, 962575, 967013,
    967520, 968961, 969111, 971202, 974759, 974994, 979726, 980477, 981058, 981802,
    982502, 984299, 984491, 987817, 987864, 990785, 994137, 998012, 1004318, 1008735,
    1010647, 1015458, 1018453, 1025006, 1025169, 1028297, 1029489, 1032325, 1033421,
    1036038, 1036110, 1036235, 1036921, 1037692, 1039308, 1039540, 1042810, 1056740,
    1057567, 1062203, 1062667, 1062840, 1064961, 1066637, 1071214, 1072486, 1073488,
    1076259, 1081268, 1093795, 1093811, 1099926, 1100838, 1103624, 1105057, 1105104,
    1105109, 1106388, 1108176, 1110003, 1116531, 1118707, 1118747, 1121111, 1121326,
    1122636, 1128151, 1131089, 1131832, 1133426, 1135053, 1136381]
  prime: 9999999967
- ksize: 31
  md5sum: e66d9b6d3a253f0b2582e20fc8ecf080
  mins: [2291, 5015, 8933, 9411, 18377, 18850, 20141, 22310, 22383, 22702, 24427,
    24711, 26066, 26960, 29221, 30611, 32524, 36558, 36920, 42051, 42599, 47143, 48449,
    54598, 57712, 58283, 59849, 62258, 64182, 66811, 68412, 69003, 70604, 71010, 71730,
    82491, 86195, 87101, 89035, 93335, 94109, 94878, 97871, 99658, 100225, 100621,
    104057, 106267, 109805, 110103, 113293, 113501, 116822, 119380, 120456, 122492,
    124363, 126739, 127084, 127962, 130848, 133102, 133404, 134819, 138071, 141665,
    145695, 146138, 146696, 148102, 148168, 152826, 155504, 155704, 156340, 156425,
    159719, 168650, 169456, 171318, 175395, 178114, 178325, 178450, 178615, 178806,
    179089, 179835, 179964, 183181, 186978, 188308, 193898, 194463, 195647, 199411,
    200543, 204991, 214816, 217040, 220299, 220620, 223257, 224797, 227170, 229563,
    229705, 229976, 231838, 234542, 236276, 243065, 244883, 245320, 245670, 246225,
    247543, 248293, 252572, 254412, 256462, 256648, 257630, 258822, 259550, 260340,
    264963, 269284, 269341, 270880, 273167, 274738, 280907, 281558, 286394, 288863,
    291732, 291785, 292110, 294430, 296027, 296851, 299322, 303877, 304211, 306881,
    312158, 312309, 319497, 319840, 320006, 321731, 331299, 332741, 332939, 335558,
    340505, 343308, 346735, 353637, 355159, 355522, 356804, 358360, 358364, 362036,
    365008, 365857, 367037, 370837, 372197, 373999, 374256, 374754, 383237, 389725,
    397654, 398108, 400668, 406364, 411526, 413043, 414025, 421686, 421913, 424249,
    431785, 432556, 432670, 433015, 434055, 437165, 438657, 442630, 446083, 446394,
    447021, 447150, 450240, 452819, 454247, 458931, 459893, 460645, 460664, 460775,
    463004, 470432, 473274, 473821, 476368, 476393, 479643, 483820, 489558, 492647,
    495661, 496852, 499892, 500279, 504897, 508260, 508446, 512618, 514877, 515186,
    518354, 519055, 522279, 522795, 523768, 526496, 528385, 528533, 532028, 532861,
    533842, 534344, 540566, 544210, 545962, 545965, 547665, 549236, 555335, 556678,
    562779, 563229, 570209, 571044, 574652, 575586, 582249, 584376, 587368, 589930,
    590771, 598618, 599965, 608280, 609786, 610691, 616170, 617984, 618100, 629689,
    633236, 634357, 635518, 639496, 641176, 641891, 647038, 649121, 653977, 656472,
    657425, 658312, 658692, 667651, 672436, 673268, 673464, 674024, 674471, 675962,
    682421, 683149, 683432, 684886, 689303, 691293, 693614, 693974, 695222, 695475,
    697616, 703737, 705353, 709453, 711129, 711358, 712140, 714833, 717424, 718077,
    718741, 720771, 722094, 724258, 726409, 736325, 736890, 741934, 742441, 742448,
    743840, 748338, 755658, 755828, 756480, 757541, 763819, 765079, 766693, 768742,
    771085, 772052, 775187, 776810, 781168, 784935, 789855, 792483, 793322, 795586,
    795876, 796341, 801209, 805463, 805667, 806619, 809203, 813313, 814401, 815031,
    817806, 819787, 820284, 823674, 823841, 825417, 827914, 830574, 830887, 831392,
    832155, 833436, 833473, 841694, 842499, 843479, 846465, 848596, 853074, 853179,
    854560, 855299, 857020, 857426, 860742, 863620, 867235, 867863, 870625, 871120,
    871755, 872672, 878851, 879651, 888235, 889042, 889600, 890371, 891718, 892613,
    893102, 895149, 895510, 901370, 901850, 901920, 903324, 905300, 912260, 913023,
    913130, 913446, 916251, 917455, 920509, 923249, 925158, 930674, 931973, 934397,
    935727, 944452, 945357, 950061, 951948, 953702, 959987, 960216, 961549, 961566,
    961747, 965809, 973442, 976282, 985456, 988170, 989017, 993389, 996373, 999288,
    999447, 1000753, 1001159, 1002774, 1003705, 1005468, 1007749, 1007996, 1013458,
    1013615, 1017556, 1020566, 1024775, 1025118, 1025376, 1026513, 1026791, 1029007,
    1029525, 1029881, 1031057, 1031887, 1032190, 1033263, 1034303, 1044886, 1048529,
    1052600, 1052742, 1053081, 1054082, 1056901, 1057595, 1060248, 1060808, 1066647,
    1072167, 1076062, 1076178, 1078759, 1083791, 1084350, 1085503, 1085856, 1089469,
    1089541, 1092252, 1093729, 1097815, 1099085, 1102433, 1105735, 1106016, 1107262,
    1109288, 1112256, 1115999, 1116788, 1118598, 1119061, 1124823, 1126922, 1130672,
    1140357, 1140878, 1144895, 1157857, 1158028, 1162816, 1163625, 1166693, 1167002,
    1169029, 1171449]
  prime: 9999999967
- ksize: 32
  md5sum: e1185173a9cb83a8ec841ce21c89d39b
  mins: [0, 16398, 16615, 19989, 21387, 21446, 24651, 24843, 26627, 28986, 32795,
    36472, 37425, 40596, 53491, 53619, 53840, 58351, 60468, 61421, 67829, 67838, 70607,
    73156, 76289, 78331, 78848, 80095, 85092, 85407, 87106, 90795, 96941, 97786, 98012,
    99393, 101240, 102382, 105316, 106148, 110164, 113740, 118691, 119136, 119159,
    124917, 127362, 130768, 131845, 132151, 137473, 139061, 141629, 141728, 142621,
    143696, 143921, 145257, 146301, 150554, 155500, 156067, 158543, 159164, 159889,
    161667, 166704, 167361, 167398, 169285, 172227, 173015, 176687, 179274, 180890,
    188028, 188248, 191113, 194374, 196897, 199338, 200368, 200447, 205877, 207257,
    207740, 213277, 215243, 215524, 222587, 225528, 228262, 230649, 234983, 235305,
    235488, 238488, 243350, 249928, 254822, 261839, 264800, 267214, 267288, 268672,
    271776, 272454, 273052, 277390, 277432, 278675, 281338, 282939, 284414, 286814,
    287909, 288948, 288976, 289761, 290242, 291920, 294253, 298128, 300335, 301224,
    301641, 303130, 303914, 305382, 311089, 311871, 315379, 315702, 316252, 316551,
    317016, 322875, 325071, 326507, 329173, 331998, 335014, 335046, 336037, 336386,
    336481, 336649, 339467, 342940, 343182, 345722, 346236, 351908, 352517, 356440,
    356451, 361169, 366566, 369029, 371244, 371738, 371928, 372541, 375309, 375352,
    376826, 385916, 386557, 387313, 387845, 391183, 393916, 395150, 399471, 406520,
    406793, 406810, 414744, 415363, 416674, 433108, 438162, 438396, 439471, 440731,
    442219, 442332, 444680, 444685, 447006, 447415, 448471, 448662, 455896, 456413,
    457531, 459881, 462987, 466220, 467614, 472295, 480469, 481397, 482517, 483900,
    483999, 485546, 487348, 487581, 489576, 490186, 490223, 491515, 492561, 499522,
    500192, 506152, 506935, 506962, 509639, 512439, 514538, 515844, 528708, 529830,
    541654, 543745, 543783, 546916, 549541, 550509, 551651, 554550, 555844, 558416,
    560925, 561352, 561725, 563062, 563401, 564088, 564895, 568277, 568778, 570024,
    570976, 572968, 574075, 585966, 586854, 589985, 591276, 592273, 594411, 594918,
    595506, 595648, 600887, 604044, 604775, 606989, 607613, 607696, 607723, 609899,
    614755, 619675, 620171, 620184, 620835, 622469, 624254, 626231, 628366, 628369,
    628405, 629933, 631601, 632403, 635741, 636324, 637404, 639518, 639931, 640536,
    641864, 644686, 646752, 650086, 650540, 654924, 655979, 662137, 663022, 664620,
    666136, 666411, 667017, 667255, 671179, 672408, 673021, 674889, 675644, 675829,
    676627, 676692, 676920, 680518, 683951, 684339, 685099, 685425, 689036, 690419,
    696020, 697910, 698432, 701924, 702615, 717910, 718147, 718473, 718570, 721867,
    722353, 724467, 727139, 735488, 737512, 739000, 742144, 742946, 744345, 744911,
    745294, 754083, 754741, 757080, 758734, 760349, 763064, 764950, 768066, 770750,
    775476, 776642, 778274, 780843, 786270, 790883, 790944, 793577, 798094, 798534,
    807880, 811865, 813396, 823351, 824099, 831595, 832593, 834971, 836940, 844244,
    846904, 848931, 849109, 851045, 851161, 854202, 860108, 863264, 864498, 866684,
    867216, 868022, 870359, 876196, 876480, 876720, 879905, 887342, 888670, 893667,
    907216, 914988, 920431, 924189, 924570, 927088, 930472, 931555, 931593, 934065,
    938447, 938545, 942248, 953554, 954622, 954872, 956299, 958033, 959047, 963139,
    968111, 968359, 968749, 972146, 972969, 974132, 976220, 976459, 977858, 980345,
    981500, 981693, 984463, 986396, 989872, 991851, 991935, 991986, 994110, 995177,
    995192, 1002190, 1002290, 1003725, 1006494, 1007931, 1010549, 1011867, 1015072,
    1016822, 1016924, 1018568, 1021662, 1022515, 1022636, 1022667, 1022894, 1022983,
    1028246, 1029950, 1031522, 1033113, 1033147, 1035769, 1041360, 1043359, 1052323,
    1055997, 1064368, 1065136, 1066507, 1066629, 1067161, 1069257, 1070024, 1070961,
    1071330, 1071860, 1072228, 1075966, 1078996, 1082095, 1082327, 1083533, 1084209,
    1089759, 1089856, 1093835, 1102727, 1106114, 1108643, 1112494, 1112542, 1114673,
    1114804, 1115380, 1120232, 1121948, 1128548, 1129627, 1130812, 1133255, 1138600,
    1143016, 1147722, 1147871, 1148575, 1149244, 1154218, 1155937, 1158251, 1165630,
    1165942, 1169197, 1172785]
  prime: 9999999967
type: mrnaseq
version: '0.2'
