class: sourmash_signature
email: titus@idyll.org
filename: SRR2241509_1.fastq.gz.trimnoV.fq.gz
name: disease mouse
signatures:
- ksize: 16
  md5sum: 654092725d1df6711930463337885c09
  mins: [0, 3021, 4119, 6498, 10842, 12332, 21459, 25844, 50731, 55578, 57148, 61451,
    62621, 62851, 68170, 68675, 68801, 69347, 83813, 92551, 94900, 94948, 96327, 96478,
    102236, 108642, 115764, 124869, 129190, 133326, 140271, 143370, 155557, 158767,
    163291, 163562, 164448, 165378, 170254, 176994, 179288, 189472, 192023, 204338,
    205237, 208523, 211673, 215731, 217008, 220751, 223280, 226481, 228211, 231484,
    232070, 236281, 237671, 238781, 240003, 245516, 248744, 251421, 254202, 261707,
    263061, 267973, 270400, 278609, 295439, 296017, 297657, 300162, 311104, 315962,
    337366, 339139, 352135, 355067, 357333, 358193, 358501, 359951, 365007, 366208,
    369420, 371950, 373059, 380025, 382850, 398181, 398522, 413995, 419723, 423556,
    428188, 433379, 436295, 436412, 438104, 438466, 453620, 454388, 459444, 463382,
    464814, 469636, 477743, 477871, 484718, 486459, 491577, 503199, 505626, 509050,
    512612, 514007, 515616, 518121, 527346, 542123, 542773, 544551, 545150, 546894,
    548484, 557383, 565353, 566206, 566937, 568509, 569133, 572081, 577511, 578811,
    580632, 583589, 583850, 585455, 604212, 605201, 606093, 608770, 615401, 641049,
    642393, 644293, 644879, 650863, 655634, 669432, 670775, 675850, 677685, 687684,
    701622, 705250, 716383, 719703, 721713, 723411, 725027, 726552, 727566, 732093,
    732772, 733850, 739118, 751545, 753255, 767584, 769510, 782891, 796968, 801544,
    819109, 823799, 831131, 832050, 837384, 840186, 857463, 857818, 864763, 866536,
    870391, 873447, 874840, 882112, 883554, 883880, 891346, 891701, 895111, 895206,
    906728, 917831, 919633, 923587, 926618, 928572, 931704, 933294, 934562, 938269,
    940376, 945785, 952618, 955962, 956410, 956633, 966839, 972148, 977610, 978391,
    983015, 987136, 988604, 999488, 1000916, 1005263, 1011844, 1012608, 1017007, 1018390,
    1018489, 1019634, 1027796, 1028084, 1047881, 1050770, 1051943, 1055091, 1056634,
    1061007, 1068129, 1080909, 1081161, 1096788, 1101039, 1102685, 1103570, 1114878,
    1116911, 1121243, 1121787, 1126449, 1127830, 1128894, 1133161, 1138075, 1140109,
    1143263, 1149805, 1160329, 1168509, 1171491, 1171605, 1177043, 1183399, 1188028,
    1188876, 1191308, 1211139, 1213843, 1216829, 1224383, 1226441, 1241025, 1242563,
    1245747, 1255441, 1269278, 1269279, 1270138, 1272654, 1273316, 1276632, 1277366,
    1280210, 1290992, 1293036, 1299128, 1302825, 1303872, 1323646, 1324050, 1326378,
    1332041, 1334340, 1343942, 1346732, 1348903, 1357807, 1361066, 1367013, 1374043,
    1376868, 1378573, 1379968, 1380429, 1380805, 1384313, 1386697, 1390445, 1392990,
    1393220, 1393737, 1396442, 1396681, 1397903, 1406352, 1407208, 1407523, 1414576,
    1418796, 1419037, 1420965, 1425040, 1432550, 1443628, 1446108, 1446921, 1451564,
    1452762, 1458140, 1461490, 1463638, 1477631, 1484203, 1484826, 1485908, 1485922,
    1489275, 1491127, 1492211, 1492663, 1504917, 1517881, 1521082, 1538433, 1538530,
    1539359, 1542075, 1543385, 1563722, 1565325, 1586028, 1600997, 1602640, 1604324,
    1604375, 1605552, 1607936, 1614959, 1618777, 1627294, 1633260, 1645614, 1646210,
    1647703, 1651178, 1651334, 1661421, 1676784, 1679881, 1680242, 1690804, 1693818,
    1705507, 1705886, 1705919, 1709974, 1717456, 1721479, 1728851, 1730385, 1732446,
    1738289, 1738363, 1741984, 1746748, 1759838, 1768243, 1777129, 1777469, 1780077,
    1780162, 1784079, 1785079, 1795081, 1802545, 1804371, 1823935, 1831675, 1837399,
    1840214, 1860316, 1861407, 1862067, 1868198, 1875235, 1878485, 1881208, 1886843,
    1889925, 1917984, 1919226, 1925111, 1930830, 1932703, 1941559, 1947561, 1947756,
    1949297, 1949737, 1950398, 1960637, 1960674, 1965354, 1967332, 1981917, 1983944,
    1990150, 1995533, 1999191, 1999624, 2008137, 2010481, 2015578, 2016192, 2016800,
    2022972, 2029587, 2041080, 2046600, 2050585, 2059069, 2065175, 2067153, 2068184,
    2074206, 2082941, 2086247, 2087293, 2089869, 2090891, 2094491, 2096358, 2096647,
    2098854, 2103427, 2109298, 2109669, 2114241, 2116547, 2119554, 2124633, 2130090,
    2138540, 2139110, 2142047, 2143403, 2144752, 2160906, 2170118, 2177271, 2178272,
    2179221, 2190944, 2191960, 2194769, 2196996, 2198626, 2205599, 2222014, 2227196,
    2231718, 2240421, 2243023, 2244315, 2254012, 2265989, 2266542, 2275200, 2278683,
    2281623, 2282551, 2285741, 2299570, 2304080, 2307484, 2307576, 2311567, 2312573,
    2312697, 2320732, 2328078, 2343801, 2348932, 2350768]
  prime: 9999999967
- ksize: 22
  md5sum: 7476afee058bef52d7b67a77d8692a13
  mins: [0, 1062, 1813, 4914, 10816, 11446, 12867, 12880, 14097, 15295, 15943, 17820,
    18217, 28870, 29265, 33940, 36185, 39327, 43330, 45144, 52800, 57777, 59092, 63603,
    66611, 67524, 70871, 72630, 73830, 82584, 83339, 88224, 93330, 99371, 100246,
    100937, 102629, 119255, 119541, 122926, 136678, 139386, 141157, 141259, 143661,
    147094, 147550, 151676, 155269, 157990, 161543, 162976, 166968, 175951, 177520,
    180410, 185842, 186506, 189414, 190619, 190626, 192950, 201378, 207078, 207534,
    214378, 233332, 239346, 240904, 245262, 248222, 257098, 259077, 264619, 270153,
    274572, 283252, 300431, 301541, 301877, 308359, 310644, 314610, 315092, 315960,
    321695, 326862, 327412, 330159, 332995, 347058, 347693, 350007, 353295, 354149,
    358888, 359013, 360721, 361192, 368298, 386499, 386506, 386728, 393131, 399774,
    400281, 402939, 404355, 404807, 414719, 421684, 426264, 436170, 436904, 437760,
    438843, 449972, 453112, 454664, 457832, 461482, 467954, 467985, 475984, 488501,
    489685, 502494, 508616, 519027, 520326, 524844, 526617, 527950, 528461, 531163,
    535073, 535933, 536122, 548334, 548832, 554739, 577692, 591011, 593159, 594928,
    599299, 612740, 616048, 618357, 618932, 621827, 624365, 626579, 630196, 631270,
    635449, 638675, 638737, 646477, 660592, 664687, 666515, 672668, 676647, 683666,
    696344, 697762, 701586, 702566, 702583, 716073, 721279, 724330, 726434, 738488,
    743852, 745318, 758562, 761466, 762838, 764151, 766975, 770329, 771194, 786622,
    786803, 787196, 790285, 790748, 794442, 794998, 798275, 801666, 803818, 815661,
    816084, 830436, 848071, 848538, 851750, 854448, 856995, 857389, 857504, 857769,
    859439, 884479, 886053, 886790, 890586, 893250, 904572, 910117, 911739, 924386,
    927238, 937680, 938046, 939578, 943964, 949712, 949787, 951488, 952226, 952334,
    953839, 956447, 962205, 967013, 968961, 971202, 979726, 981058, 981802, 982502,
    984299, 984491, 1010647, 1018453, 1028297, 1029489, 1037692, 1039308, 1039540,
    1042810, 1057567, 1062203, 1062667, 1066637, 1071214, 1073488, 1093811, 1099926,
    1103624, 1105057, 1105104, 1106388, 1108176, 1118707, 1118747, 1122636, 1131089,
    1135053, 1137166, 1138320, 1150486, 1151577, 1160098, 1166612, 1174971, 1175406,
    1177253, 1177386, 1177853, 1181834, 1183874, 1201479, 1201916, 1203960, 1209377,
    1218279, 1225043, 1227369, 1228326, 1229845, 1239022, 1240315, 1249947, 1259698,
    1262769, 1265359, 1265545, 1266074, 1266808, 1266945, 1267560, 1272078, 1277415,
    1284450, 1285471, 1295825, 1297436, 1298208, 1298322, 1301524, 1306894, 1310183,
    1319638, 1333211, 1338118, 1350946, 1356476, 1357718, 1357761, 1377460, 1386696,
    1388539, 1389067, 1396353, 1404174, 1405077, 1405438, 1409256, 1421387, 1428769,
    1430425, 1431250, 1431580, 1441870, 1446917, 1450766, 1451725, 1453977, 1454805,
    1455743, 1461462, 1463883, 1483431, 1484170, 1490062, 1491010, 1492570, 1492644,
    1492984, 1496530, 1501190, 1503603, 1503883, 1513973, 1518306, 1534075, 1539544,
    1541987, 1546113, 1547221, 1550505, 1553940, 1560388, 1563610, 1564467, 1565565,
    1574083, 1581012, 1583953, 1584515, 1588375, 1594554, 1595330, 1597750, 1599352,
    1608195, 1608968, 1614527, 1614586, 1615467, 1620688, 1622130, 1638001, 1639437,
    1639504, 1649881, 1653501, 1656118, 1658611, 1671963, 1673717, 1675003, 1681545,
    1690988, 1692379, 1698089, 1701279, 1702234, 1712845, 1715678, 1718032, 1719333,
    1724882, 1730182, 1734462, 1739790, 1743448, 1749595, 1751934, 1756286, 1763521,
    1770784, 1771616, 1775154, 1790974, 1791151, 1795407, 1798741, 1803380, 1804088,
    1807615, 1817275, 1824273, 1829471, 1832372, 1835227, 1839510, 1844195, 1846836,
    1847915, 1855366, 1856761, 1859277, 1861309, 1861755, 1866774, 1870841, 1870906,
    1872791, 1874469, 1879811, 1880759, 1885164, 1890088, 1894435, 1903332, 1904143,
    1907024, 1908852, 1915496, 1922876, 1947106, 1950085, 1952432, 1953538, 1955731,
    1958463, 1962028, 1962250, 1972127, 1989776, 1990086, 1990396, 1993196, 1993443,
    1993856, 2009337, 2010161, 2013505, 2015254, 2015718, 2019026, 2027229, 2034939,
    2038209, 2039666, 2044656, 2048040, 2049052, 2051119, 2079539, 2084455, 2086209,
    2086219, 2099596, 2104638, 2104639, 2104978, 2105930, 2116076, 2116842, 2118549,
    2118554, 2122236, 2125779, 2136067, 2136622, 2144484, 2145579, 2146871, 2147486,
    2158996, 2169067, 2170208, 2177545]
  prime: 9999999967
- ksize: 31
  md5sum: 4c525b4270499e680ebdace0cdff06b8
  mins: [5015, 8933, 20141, 22310, 22383, 24427, 26066, 26960, 30611, 42599, 47143,
    48449, 54598, 62258, 64182, 66811, 68412, 69003, 71010, 87101, 93335, 94109, 94878,
    99658, 100621, 104057, 106267, 110103, 113501, 116822, 119380, 120456, 122492,
    126739, 133404, 134819, 141665, 146696, 148102, 148168, 152826, 155504, 156425,
    169456, 171318, 178325, 179089, 179835, 179964, 188308, 193898, 195647, 200543,
    214816, 220299, 220620, 223257, 224797, 227170, 229563, 229976, 231838, 234542,
    236276, 246225, 247543, 256462, 258822, 260340, 264963, 269341, 273167, 286394,
    291785, 294430, 296027, 303877, 304211, 312158, 319497, 320006, 332741, 335558,
    340505, 353637, 355159, 355522, 356804, 362036, 367037, 374256, 374754, 383237,
    397654, 400668, 406364, 414025, 421913, 434055, 438657, 442630, 446083, 446394,
    447150, 452819, 458931, 459893, 460775, 479643, 483820, 496852, 500279, 504897,
    508260, 508446, 515186, 518354, 519055, 522795, 526496, 528533, 532028, 544210,
    545962, 545965, 547665, 562779, 563229, 570209, 571044, 590771, 609786, 616170,
    618100, 629689, 633236, 634357, 635518, 639496, 641176, 641891, 647038, 649121,
    657425, 658312, 658692, 673268, 674471, 675962, 683149, 683432, 689303, 693614,
    697616, 703737, 709453, 711129, 711358, 712140, 714833, 718077, 720771, 724258,
    736325, 736890, 743840, 748338, 755658, 755828, 757541, 765079, 766693, 768742,
    771085, 781168, 789855, 793322, 795586, 795876, 806619, 809203, 817806, 823841,
    825417, 827914, 830574, 830887, 833436, 841694, 842499, 846465, 848596, 855299,
    857020, 857426, 879651, 888235, 889042, 890371, 892613, 893102, 895149, 901370,
    901850, 901920, 903324, 912260, 917455, 923249, 925158, 930674, 934397, 944452,
    945357, 950061, 959987, 960216, 961549, 961566, 961747, 965809, 976282, 989017,
    993389, 996373, 1001159, 1002774, 1003705, 1005468, 1007996, 1013458, 1017556,
    1020566, 1024775, 1026513, 1026791, 1029881, 1031057, 1031887, 1033263, 1044886,
    1048529, 1052742, 1060808, 1078759, 1085856, 1089469, 1089541, 1093729, 1102433,
    1106016, 1107262, 1109288, 1115999, 1118598, 1119061, 1130672, 1140357, 1140878,
    1157857, 1162816, 1166693, 1167002, 1169029, 1171449, 1171900, 1172293, 1181412,
    1183895, 1186097, 1187277, 1188383, 1193390, 1199534, 1202946, 1215205, 1218799,
    1220119, 1222789, 1228248, 1230062, 1243327, 1253097, 1261657, 1266801, 1267082,
    1270829, 1272723, 1284133, 1285846, 1296304, 1311268, 1317981, 1325107, 1328605,
    1331857, 1335694, 1353276, 1356431, 1358537, 1358564, 1363687, 1365671, 1368013,
    1382711, 1383898, 1395404, 1410756, 1414106, 1415846, 1417356, 1417827, 1421038,
    1421492, 1426026, 1426367, 1428540, 1458774, 1458897, 1468434, 1470779, 1474586,
    1483478, 1483728, 1484367, 1489667, 1489968, 1504828, 1509608, 1516289, 1517103,
    1518199, 1551300, 1558385, 1559045, 1566535, 1567153, 1567635, 1574434, 1578932,
    1583197, 1583211, 1585831, 1596335, 1597041, 1599113, 1608870, 1610599, 1611943,
    1613167, 1614096, 1616237, 1620025, 1625727, 1627140, 1628436, 1629874, 1635418,
    1637159, 1637938, 1638692, 1641317, 1642693, 1648014, 1649887, 1651545, 1653972,
    1653989, 1656070, 1656466, 1657664, 1664942, 1666587, 1673427, 1682467, 1687620,
    1691389, 1700260, 1703793, 1705781, 1706552, 1708003, 1724798, 1729974, 1730126,
    1731446, 1733467, 1743689, 1752423, 1757240, 1757491, 1761844, 1764547, 1768415,
    1775650, 1775861, 1778925, 1785056, 1794079, 1794798, 1797099, 1798192, 1809051,
    1811402, 1817545, 1823257, 1840282, 1845012, 1848989, 1856952, 1859499, 1867961,
    1868979, 1869171, 1872369, 1874336, 1877076, 1877757, 1877976, 1878172, 1880359,
    1895093, 1896705, 1904696, 1905962, 1909117, 1910945, 1912896, 1920432, 1921500,
    1935809, 1937209, 1939751, 1942123, 1942393, 1944451, 1945757, 1946531, 1950935,
    1952916, 1954546, 1955542, 1956470, 1962233, 1964677, 1972485, 1976633, 1979309,
    1982177, 1982984, 1995217, 2007730, 2008207, 2014870, 2015175, 2017283, 2021405,
    2026374, 2032614, 2033628, 2041226, 2041887, 2046418, 2050979, 2054456, 2060489,
    2062174, 2072913, 2083529, 2087033, 2088491, 2092832, 2108525, 2108593, 2124479,
    2136058, 2137106, 2140557, 2141949, 2143096, 2143812, 2145629, 2158195, 2164001,
    2166581, 2170891, 2171715, 2177281, 2183847, 2192896, 2194361, 2201242, 2201693,
    2208509, 2208829, 2228328, 2228557, 2231541, 2231553, 2233799]
  prime: 9999999967
- ksize: 32
  md5sum: dd2acdbf6d7bae964a1fb57b293c08dd
  mins: [0, 16615, 19989, 21387, 21446, 24651, 26627, 28986, 32795, 36472, 37425,
    58351, 60468, 61421, 67838, 70607, 73156, 76289, 78331, 78848, 80095, 85407, 87106,
    96941, 97786, 99393, 101240, 119159, 124917, 127362, 130768, 131845, 132151, 137473,
    141629, 143696, 143921, 146301, 150554, 159164, 159889, 161667, 167361, 167398,
    173015, 176687, 180890, 188248, 191113, 200447, 205877, 207257, 215243, 230649,
    234983, 235488, 238488, 243350, 261839, 267214, 267288, 273052, 281338, 282939,
    284414, 286814, 288976, 291920, 301224, 301641, 303914, 311089, 311871, 315379,
    315702, 316252, 316551, 326507, 329173, 331998, 335014, 335046, 336386, 336481,
    336649, 351908, 356451, 361169, 366566, 372541, 375352, 386557, 391183, 393916,
    399471, 406520, 406793, 406810, 414744, 433108, 439471, 442219, 442332, 444680,
    444685, 447415, 448471, 457531, 459881, 472295, 480469, 481397, 483999, 487581,
    489576, 490223, 491515, 499522, 506962, 528708, 529830, 543745, 543783, 546916,
    551651, 554550, 555844, 558416, 561352, 563062, 564895, 568778, 574075, 586854,
    589985, 591276, 592273, 594411, 595648, 600887, 604044, 604775, 607696, 607723,
    609899, 614755, 619675, 620171, 624254, 626231, 628366, 628405, 635741, 639931,
    640536, 641864, 646752, 650086, 655979, 662137, 663022, 664620, 666136, 667017,
    667255, 671179, 673021, 674889, 675644, 675829, 676692, 676920, 685099, 685425,
    689036, 690419, 697910, 698432, 717910, 718570, 721867, 722353, 724467, 739000,
    742144, 744345, 744911, 754741, 758734, 760349, 764950, 770750, 775476, 776642,
    778274, 786270, 790944, 798094, 813396, 823351, 824099, 831595, 846904, 848931,
    849109, 851161, 863264, 867216, 868022, 876196, 876720, 879905, 893667, 927088,
    931593, 938447, 953554, 963139, 968111, 968749, 972146, 972969, 974132, 976220,
    976459, 977858, 980345, 981500, 981693, 984463, 986396, 989872, 991851, 991986,
    994110, 995177, 995192, 1002190, 1006494, 1007931, 1010549, 1011867, 1016822,
    1018568, 1022667, 1022894, 1029950, 1031522, 1033147, 1035769, 1041360, 1052323,
    1066507, 1066629, 1069257, 1070961, 1071330, 1071860, 1078996, 1082327, 1084209,
    1089856, 1093835, 1102727, 1106114, 1108643, 1112494, 1128548, 1130812, 1138600,
    1143016, 1148575, 1154218, 1155937, 1158251, 1165630, 1165942, 1172785, 1173010,
    1174552, 1178150, 1181511, 1192070, 1197713, 1197730, 1211061, 1220846, 1222069,
    1230707, 1231239, 1232563, 1237039, 1244175, 1248012, 1248302, 1254935, 1256528,
    1264830, 1271564, 1287767, 1290414, 1292417, 1292654, 1297072, 1297842, 1300691,
    1306431, 1317550, 1319789, 1320747, 1323304, 1324236, 1327438, 1330150, 1336977,
    1340446, 1341916, 1342204, 1343744, 1359905, 1368945, 1369391, 1380862, 1384606,
    1387949, 1389432, 1421270, 1422404, 1425889, 1428657, 1440821, 1443392, 1444480,
    1450139, 1450923, 1454879, 1457712, 1458017, 1464790, 1474800, 1476082, 1486761,
    1487191, 1488121, 1497432, 1502086, 1503715, 1506622, 1538710, 1553762, 1558257,
    1563917, 1564092, 1565899, 1566774, 1569068, 1572651, 1572791, 1582857, 1590148,
    1595033, 1597417, 1604471, 1605053, 1605546, 1607512, 1610468, 1612639, 1617337,
    1617494, 1621000, 1625203, 1629255, 1630019, 1631490, 1634656, 1641733, 1643829,
    1644106, 1645828, 1646146, 1647782, 1654595, 1656952, 1656958, 1659060, 1661366,
    1664795, 1665179, 1670052, 1674573, 1679221, 1679331, 1682148, 1686529, 1687089,
    1687869, 1687903, 1690977, 1698268, 1704989, 1707515, 1725636, 1725964, 1732672,
    1740227, 1740617, 1742948, 1743019, 1746292, 1749451, 1751532, 1751856, 1760340,
    1761059, 1765274, 1766826, 1768892, 1770977, 1780877, 1783081, 1784852, 1785030,
    1790673, 1794600, 1809596, 1820364, 1820605, 1828965, 1835302, 1837003, 1844068,
    1846238, 1848323, 1849889, 1850508, 1851142, 1866594, 1876495, 1883031, 1883306,
    1891241, 1897509, 1902712, 1910063, 1912678, 1914396, 1914809, 1917030, 1917771,
    1918994, 1923675, 1924271, 1931825, 1933537, 1937285, 1939209, 1940323, 1941368,
    1942471, 1952345, 1953155, 1966674, 1971427, 1971953, 1980592, 1985175, 1994054,
    1997006, 2020126, 2022157, 2023781, 2030563, 2034703, 2035405, 2035934, 2040975,
    2048026, 2048107, 2053659, 2054819, 2057072, 2062377, 2075310, 2077916, 2092745,
    2105374, 2107566, 2111102, 2112127, 2112255, 2115009, 2115915, 2122341, 2123022,
    2126024, 2126987, 2129418, 2130908, 2133857]
  prime: 9999999967
type: mrnaseq
version: '0.2'
