class: sourmash_signature
email: titus@idyll.org
filename: SRR2255622_1.fastq.gz.trimnoV.fq.gz
name: disease mouse
signatures:
- ksize: 16
  md5sum: 36d00967c23bd008873b0074d66f8e0b
  mins: [0, 85, 123, 147, 517, 576, 602, 999, 1088, 1114, 1206, 1208, 1799, 1829,
    1853, 1884, 2461, 2493, 2619, 2829, 2963, 3021, 3060, 3188, 3284, 3397, 3788,
    3964, 3985, 4038, 4049, 4119, 4190, 4267, 4406, 4423, 4545, 4724, 4797, 4830,
    4935, 5091, 5362, 5627, 6023, 6028, 6037, 6127, 6200, 6250, 6251, 6414, 6900,
    7028, 7104, 7125, 7127, 7128, 7146, 7204, 7222, 7317, 7969, 8020, 8070, 8185,
    8207, 8374, 8384, 8777, 8779, 8879, 9064, 9199, 9330, 9406, 9433, 9814, 9837,
    9978, 10036, 10221, 10262, 10427, 10543, 10730, 10924, 10940, 10968, 10998, 11080,
    11103, 11157, 11327, 11374, 11415, 11696, 11735, 11742, 11831, 11944, 11964, 12164,
    12332, 12382, 12676, 12702, 12803, 12974, 13074, 13171, 13254, 13434, 13483, 13613,
    14381, 14540, 14606, 14676, 14786, 14914, 14963, 14977, 15140, 15158, 15418, 15438,
    15506, 15803, 16030, 16092, 16258, 16291, 16324, 16435, 16607, 16738, 16819, 16966,
    17168, 17180, 17452, 17508, 17783, 17828, 17903, 17908, 18091, 18110, 18120, 18461,
    18471, 18639, 18677, 18813, 18820, 19070, 19153, 19385, 19398, 19435, 19501, 19738,
    19777, 19812, 19908, 19942, 20086, 20274, 20278, 20371, 20544, 20633, 20727, 20750,
    20841, 20857, 20874, 20945, 20952, 21133, 21257, 21307, 21346, 21469, 21503, 21779,
    21947, 22181, 22185, 22220, 22396, 22430, 23149, 23618, 23757, 23904, 23938, 23947,
    23983, 24010, 24045, 24585, 24720, 25080, 25261, 25331, 25557, 25670, 25843, 25844,
    25929, 26047, 26306, 26321, 26341, 26445, 26572, 26850, 26864, 26952, 27194, 27240,
    27249, 27443, 28402, 28444, 28536, 28582, 28605, 29104, 29180, 29224, 29279, 29416,
    29476, 29633, 29729, 29795, 29805, 29816, 30068, 30570, 30594, 30793, 31226, 31259,
    31267, 31339, 31416, 31731, 31962, 32084, 32111, 32166, 32301, 32626, 32627, 32664,
    32674, 32772, 32877, 32884, 32928, 32996, 33054, 33079, 33265, 33402, 33512, 33714,
    33777, 33842, 33957, 34031, 34058, 34139, 34152, 34155, 34234, 34261, 34303, 34500,
    34568, 34593, 34714, 34932, 34986, 35032, 35046, 35096, 35222, 35391, 35511, 35636,
    35639, 35850, 36263, 36408, 36450, 36524, 36590, 36606, 36617, 36723, 36825, 37047,
    37256, 37579, 37596, 37787, 37831, 37862, 38018, 38151, 38219, 38426, 38486, 38775,
    38887, 39003, 39061, 39081, 39130, 39654, 40397, 40488, 40508, 40918, 41136, 41180,
    41214, 41265, 41408, 41500, 41691, 41805, 42371, 42569, 42633, 42687, 42713, 42787,
    42971, 42981, 43016, 43524, 43710, 43995, 44131, 44243, 44298, 44317, 44747, 45030,
    45146, 45427, 45436, 45736, 45807, 46003, 46095, 46148, 46407, 46439, 46665, 46731,
    46772, 46779, 46949, 47036, 47075, 47206, 47726, 48005, 48159, 48614, 48647, 48883,
    48894, 49092, 49109, 49153, 49483, 49724, 49831, 49885, 50091, 50146, 50165, 50239,
    50261, 50268, 50433, 50649, 50731, 51121, 51232, 51289, 51314, 51526, 51768, 51940,
    51951, 52187, 52227, 52251, 52415, 53013, 53106, 53257, 53548, 53591, 53793, 53891,
    53907, 54003, 54167, 54494, 54562, 54758, 54777, 54799, 54868, 54911, 54970, 54971,
    55258, 55295, 55504, 55633, 55647, 55774, 55954, 56234, 56264, 56526, 56641, 56683,
    56920, 57075, 57148, 57410, 57485, 57499, 57505, 57577, 57624, 57695, 57771, 58173,
    58828, 58878, 58917, 58971, 59080, 59879, 59888, 59946, 59988, 60127, 60257, 60366,
    60691, 60847, 60922, 60952, 61251, 61256, 61380, 61421, 61493, 61591, 61593, 61612,
    61905, 61914, 62196, 62311, 62440, 62524, 62537, 62581, 62587, 62621, 62874, 63214,
    63520, 63798, 63866, 64078, 64134, 64458, 64994, 65020, 65082, 65084, 65176, 65498,
    65642]
  prime: 9999999967
- ksize: 22
  md5sum: 93334976474b28df03eebb41e79e5b08
  mins: [0, 237, 501, 776, 846, 903, 1062, 1081, 1101, 1311, 1423, 1556, 1897, 2036,
    2275, 2314, 2340, 2516, 2789, 2851, 3074, 3113, 3138, 3238, 3257, 3388, 3693,
    3880, 4023, 4078, 4501, 4677, 4914, 4947, 5139, 5164, 5476, 5722, 5980, 6085,
    6123, 6208, 6217, 6353, 6355, 6530, 6697, 6809, 6844, 7030, 7040, 7222, 7233,
    7297, 7326, 7384, 7420, 7481, 7514, 7695, 7703, 7705, 7762, 7782, 7868, 7893,
    7925, 8119, 8304, 8310, 8433, 8630, 8720, 8772, 9040, 9319, 9429, 9475, 9485,
    9624, 9684, 9725, 10167, 10267, 10330, 10558, 10816, 11084, 11255, 11351, 11443,
    11505, 11506, 11521, 11587, 11616, 11752, 11849, 11888, 11889, 11907, 12154, 12174,
    12391, 12532, 12867, 12932, 13090, 13267, 13279, 13412, 13583, 13607, 13629, 13685,
    13773, 13793, 13917, 13929, 14072, 14097, 14396, 14563, 14924, 14929, 14937, 15243,
    15246, 15377, 15482, 15666, 15692, 15760, 15799, 15932, 15943, 15983, 16108, 16184,
    16354, 16370, 16391, 16395, 16417, 16419, 16429, 16564, 16676, 16837, 17167, 17315,
    17368, 17534, 17788, 17893, 18049, 18071, 18178, 18217, 18483, 18580, 18627, 18869,
    18941, 18996, 19369, 19502, 19523, 19622, 19658, 19712, 19738, 19745, 19755, 19835,
    19853, 20003, 20016, 20058, 20290, 20310, 20319, 20354, 20519, 20550, 20554, 20573,
    20803, 20978, 21003, 21179, 21409, 21619, 21637, 21803, 21838, 22146, 22326, 22345,
    22617, 22924, 23060, 23317, 23504, 23534, 23642, 23776, 23779, 23864, 24161, 24241,
    24517, 24711, 24827, 24916, 25073, 25138, 25303, 25331, 25361, 25569, 25802, 25999,
    26093, 26199, 26205, 26230, 26520, 26627, 26633, 26787, 26875, 27088, 27178, 27298,
    27609, 27802, 28051, 28143, 28772, 28870, 28950, 29265, 29441, 29543, 29572, 29633,
    29928, 30138, 30290, 30304, 30383, 30404, 30514, 30595, 30967, 31106, 31145, 31360,
    31764, 32024, 32179, 32331, 32363, 32375, 32599, 32603, 32978, 33006, 33200, 33281,
    33314, 33527, 33782, 33903, 34041, 34354, 34540, 34573, 34733, 34806, 34903, 34907,
    35221, 35273, 35474, 35747, 35808, 35823, 35870, 36011, 36156, 36185, 36191, 36304,
    36398, 37060, 37099, 37190, 37432, 37560, 37576, 37587, 37635, 38032, 38081, 38099,
    38258, 38414, 38595, 38654, 38769, 39052, 39278, 39354, 39548, 39561, 39755, 39767,
    39830, 39879, 40076, 40131, 40234, 40320, 40340, 40594, 40612, 40685, 40800, 41012,
    41380, 41479, 41481, 41511, 41670, 42107, 42151, 42323, 42463, 42568, 42574, 42593,
    42963, 43133, 43302, 43431, 43497, 43517, 43653, 43930, 44080, 44221, 44299, 44482,
    44683, 44768, 44869, 45008, 45144, 45146, 45399, 45472, 45780, 46154, 46344, 46692,
    46761, 47010, 47064, 47396, 47421, 47445, 47630, 47849, 47976, 48041, 48131, 48711,
    48897, 49143, 49518, 49523, 49622, 49766, 49868, 49974, 50115, 50214, 50222, 50473,
    50760, 50858, 50915, 50966, 50981, 50994, 51037, 51122, 51211, 51393, 51408, 51500,
    51708, 51819, 51852, 51896, 52667, 52730, 53001, 53022, 53122, 53124, 53188, 53353,
    53468, 53530, 53809, 53853, 54149, 54158, 54401, 54645, 54670, 54711, 54917, 55058,
    55129, 55140, 55295, 55411, 56182, 56235, 56276, 56454, 56600, 56613, 56625, 56797,
    56957, 57174, 57322, 57613, 57657, 57767, 57777, 57880, 57947, 58151, 58214, 58322,
    58416, 58452, 58460, 58497, 58563, 58648, 58904, 59092, 59403, 59555, 59674, 60047,
    60058, 60087, 60204, 60280, 60326, 60546, 60560, 60727, 60872, 61041, 61116, 61181,
    61255, 61269, 61318, 61387, 61405, 61525, 61739, 61928, 61994, 62224, 62389, 62601,
    62712, 62713, 62899, 62931, 63012, 63077, 63273, 63385, 63540, 63602, 63629, 63645,
    63686]
  prime: 9999999967
- ksize: 31
  md5sum: a6726f27f40d076597df9e962a3c0bf6
  mins: [268, 340, 472, 580, 823, 873, 1514, 1606, 1737, 2085, 2548, 2558, 2933, 2980,
    3166, 3235, 3418, 3454, 3630, 3799, 3811, 4055, 4167, 4338, 4372, 4377, 4454,
    4471, 4752, 4830, 5030, 5142, 5387, 5675, 5844, 6053, 6287, 6305, 6348, 6389,
    6431, 6442, 7035, 7063, 7082, 7311, 7312, 7382, 7622, 7735, 7740, 8032, 8055,
    8202, 8248, 8298, 8383, 8428, 8804, 8878, 9080, 9093, 9147, 9155, 9280, 9489,
    9682, 9694, 9771, 9883, 9986, 10062, 10139, 10265, 10319, 10336, 10450, 10522,
    10635, 10748, 11057, 11083, 11131, 11175, 11320, 11434, 11504, 11604, 11642, 11917,
    11963, 12129, 12379, 12793, 12938, 12963, 12972, 13116, 13217, 13334, 13414, 13461,
    13523, 13706, 13748, 13812, 14197, 14354, 14451, 14654, 14659, 14710, 14904, 14947,
    15002, 15087, 15247, 15398, 15469, 15484, 15494, 15530, 15796, 15995, 16077, 16141,
    16430, 16975, 17009, 17084, 17247, 17295, 17337, 17345, 17436, 17473, 17652, 17710,
    17889, 18089, 18156, 18254, 18262, 18377, 18378, 18496, 18621, 18815, 18844, 18861,
    18894, 18948, 19007, 19076, 19203, 19296, 19575, 19652, 19686, 19797, 19867, 20134,
    20141, 20357, 20361, 20368, 20615, 20848, 20921, 20967, 21032, 21086, 21120, 21158,
    21185, 21283, 21328, 21434, 21572, 21760, 21762, 21864, 21913, 22314, 22332, 22357,
    22702, 22739, 22800, 22850, 22858, 23038, 23145, 23239, 23253, 23328, 23340, 23365,
    23373, 23550, 23564, 23567, 23667, 23753, 23758, 23821, 24080, 24160, 24259, 24376,
    24427, 24452, 24463, 24561, 24711, 24742, 25365, 25465, 25703, 25714, 25880, 25927,
    26007, 26014, 26066, 26124, 26127, 26153, 26165, 26220, 26469, 26511, 26819, 26866,
    26873, 27043, 27318, 27429, 27466, 27528, 27637, 27648, 27924, 27950, 28019, 28069,
    28427, 28585, 28702, 28915, 28916, 29074, 29221, 29473, 29506, 29774, 29859, 30113,
    30139, 30166, 30479, 30611, 30716, 30987, 31346, 31366, 31511, 31516, 31563, 31763,
    31780, 31889, 31933, 31942, 32027, 32044, 32111, 32125, 32170, 32213, 32524, 32904,
    33013, 33177, 33198, 33235, 33252, 33307, 33356, 33407, 33786, 33948, 34105, 34234,
    34307, 34387, 34477, 34566, 34796, 34827, 34965, 35284, 35789, 35808, 36140, 36605,
    36697, 36833, 36919, 37365, 37512, 37735, 37798, 37858, 38063, 38121, 38123, 38210,
    38606, 38839, 38848, 38864, 39271, 39419, 39462, 39715, 40011, 40070, 40721, 40753,
    40849, 41005, 41024, 41162, 41264, 41357, 41376, 41460, 41587, 42051, 42295, 42436,
    42552, 42584, 42599, 42606, 42681, 42925, 43295, 43375, 43544, 43884, 43900, 43918,
    44279, 44285, 44528, 44649, 44931, 45016, 45077, 45424, 45475, 45590, 45688, 45868,
    45887, 45939, 46443, 46584, 46600, 46810, 46878, 47143, 47313, 47636, 47731, 47958,
    47976, 48070, 48417, 48828, 48958, 49167, 49248, 49377, 49617, 49718, 49731, 49785,
    49806, 50195, 50244, 50454, 50593, 50686, 50786, 51636, 51683, 51952, 52172, 52539,
    52592, 52692, 52717, 53023, 53571, 53699, 53839, 53933, 54037, 54109, 54126, 54195,
    54212, 54220, 54464, 54657, 54718, 54889, 55138, 55641, 55745, 55860, 56001, 56008,
    56229, 56300, 56498, 56937, 57147, 57230, 57296, 57471, 57492, 57565, 57571, 57604,
    57712, 57778, 57912, 58014, 58172, 58194, 58385, 58403, 58415, 58418, 58588, 58966,
    59729, 59791, 59841, 59860, 59887, 59940, 59982, 60086, 60098, 60691, 60715, 60727,
    60788, 60955, 60978, 61040, 61090, 61113, 61266, 61511, 61585, 61587, 61654, 61685,
    61792, 62002, 62058, 62172, 62184, 62189, 62258, 62342, 62413, 62430, 62437, 62518,
    62548, 62565, 63041, 63111, 63265, 63320, 63484, 63494, 63571, 63755, 63823, 64019,
    64119, 64132]
  prime: 9999999967
- ksize: 32
  md5sum: f2a795461f72e850a8b637e7877a9fec
  mins: [0, 14, 142, 210, 219, 282, 294, 490, 493, 576, 675, 710, 1035, 1060, 1074,
    1114, 1119, 1311, 1358, 1494, 1639, 1798, 1860, 1988, 2231, 2354, 2418, 2686,
    2743, 2809, 2897, 2920, 3242, 3488, 3496, 3922, 4413, 4528, 4535, 4562, 4584,
    4707, 4758, 4805, 4885, 5096, 5225, 5283, 5411, 5473, 5489, 5515, 6022, 6130,
    6182, 6186, 6364, 6458, 6503, 6781, 6908, 7076, 7713, 7942, 7952, 7977, 8035,
    8290, 8337, 8507, 8517, 8583, 8630, 8633, 8840, 8882, 8909, 9045, 9047, 9387,
    9475, 9571, 10011, 10118, 10271, 10315, 10684, 10913, 11411, 11571, 11660, 11810,
    11921, 12232, 12301, 12441, 12520, 12733, 12818, 12927, 13253, 13293, 13529, 13916,
    13967, 14196, 14343, 14362, 14541, 14780, 14812, 15091, 15237, 15566, 15673, 15784,
    15874, 16006, 16012, 16157, 16229, 16615, 17071, 17147, 17610, 17699, 17745, 17757,
    18030, 18329, 18371, 18468, 18560, 18676, 18704, 18716, 19003, 19091, 19405, 19611,
    19721, 19722, 19800, 19995, 20267, 20333, 20438, 20497, 20559, 20665, 20673, 20814,
    21377, 21396, 21436, 21558, 21649, 21745, 21962, 22065, 22066, 22121, 22165, 22324,
    22329, 22383, 22569, 22937, 23107, 23524, 23550, 23660, 23771, 23865, 23931, 24325,
    24331, 24631, 24639, 24651, 24676, 24890, 24907, 25390, 25594, 25951, 25959, 26018,
    26067, 26083, 26100, 26382, 26404, 26542, 26716, 26755, 26757, 26783, 27397, 27437,
    27445, 27516, 27543, 27782, 27819, 27827, 28075, 28187, 28316, 28986, 29460, 29509,
    29703, 29789, 30227, 30483, 30701, 30768, 30817, 30929, 30994, 31023, 31081, 31177,
    31264, 31303, 31606, 31729, 31946, 32051, 32057, 32186, 32317, 32395, 32621, 32658,
    32722, 32795, 32880, 33195, 33205, 33487, 33820, 34190, 34244, 34433, 34459, 34559,
    34668, 34996, 35114, 35249, 35261, 35278, 35544, 35582, 35694, 36132, 36358, 36390,
    36472, 36506, 36523, 36622, 36868, 37045, 37124, 37260, 37348, 37425, 37487, 38145,
    38216, 38365, 38579, 38647, 38668, 38697, 38950, 38972, 39283, 39587, 39754, 39890,
    40164, 40596, 40832, 40966, 40971, 41143, 41192, 41249, 41318, 41519, 41647, 41699,
    41788, 41960, 41988, 42074, 42075, 42167, 42268, 42441, 42710, 42722, 42724, 42875,
    43233, 43331, 43819, 43855, 44012, 44060, 44192, 44305, 44357, 44359, 45391, 45473,
    45799, 46074, 46127, 46249, 46333, 46435, 46557, 46620, 46687, 46795, 46932, 47001,
    47152, 47179, 47233, 47407, 47468, 47481, 48030, 48047, 48091, 48171, 48492, 48520,
    48555, 48695, 49015, 49035, 49092, 49112, 49529, 49602, 49685, 49837, 49985, 50009,
    50413, 50643, 51040, 51074, 51218, 51293, 51664, 51755, 51822, 51840, 51924, 52303,
    52475, 52478, 52511, 52737, 52828, 53203, 53281, 53344, 53420, 53491, 53619, 53720,
    53741, 53840, 54155, 54639, 54674, 54717, 54741, 55196, 55569, 55778, 55974, 56149,
    56155, 56318, 56434, 56465, 56475, 56683, 56718, 56783, 56948, 56961, 57115, 57287,
    57364, 57470, 57563, 57757, 57836, 57979, 58070, 58233, 58677, 58749, 58782, 58983,
    59091, 59143, 59301, 59430, 59451, 59573, 59714, 59727, 59812, 59963, 60121, 60312,
    60422, 60468, 60531, 60842, 60944, 61010, 61084, 61122, 61149, 61421, 61965, 62075,
    62195, 62222, 62349, 62350, 62354, 62489, 62515, 62525, 62529, 62789, 62929, 63107,
    63413, 63435, 63491, 63632, 63803, 63812, 63981, 64007, 64175, 64262, 64441, 64796,
    64820, 64878, 65134, 65209, 65297, 65340, 65352, 65399, 65433, 65812, 65883, 65919,
    66223, 66400, 66422, 66440, 66478, 66491, 66587, 66618, 66685, 66688, 66813, 66815,
    67051, 67272, 67427, 67838, 68088, 68286, 68573, 68934, 69074, 69115, 69240, 69336]
  prime: 9999999967
type: mrnaseq
version: '0.2'
