class: sourmash_signature
email: titus@idyll.org
filename: SRR2255622_1.fastq.gz.trimnoV.fq.gz
name: disease mouse
signatures:
- ksize: 16
  md5sum: 0a39b4af83a068d5a8c4c6730ed5d339
  mins: [0, 123, 147, 576, 1114, 1206, 1208, 1884, 2963, 3021, 3060, 3188, 3284, 3397,
    3788, 4049, 4119, 4267, 4406, 4423, 4724, 4830, 6037, 6251, 7125, 7128, 8777,
    9064, 9199, 10221, 10730, 10998, 11374, 11696, 11735, 11742, 12332, 17452, 17783,
    17828, 17903, 18110, 18461, 19070, 19153, 19435, 19942, 20544, 20633, 20750, 20945,
    20952, 21257, 21947, 22181, 24045, 24720, 25557, 25844, 26306, 26445, 27194, 28444,
    29180, 32626, 32674, 32996, 33265, 33714, 34152, 34261, 34568, 35096, 35511, 36263,
    36825, 37047, 37256, 38018, 38151, 38775, 39081, 41500, 41805, 42371, 42787, 42971,
    43710, 44747, 45736, 46003, 46772, 46779, 49483, 50091, 50239, 51289, 52187, 52227,
    53013, 53257, 53891, 54003, 54167, 54777, 54799, 54868, 54911, 54970, 55258, 55633,
    55954, 56526, 57075, 57148, 57485, 58173, 58828, 58971, 59988, 60257, 60691, 60952,
    61380, 61591, 61612, 61905, 62537, 62621, 63214, 64134, 65082, 65846, 66074, 66300,
    67875, 68459, 68739, 68853, 69347, 70082, 71689, 72393, 72791, 73454, 76266, 76460,
    77755, 77784, 78478, 79214, 79930, 80593, 80699, 80829, 82254, 82411, 82510, 83167,
    83813, 84671, 85981, 87150, 88075, 88833, 88916, 90756, 91031, 91894, 91968, 92551,
    93792, 93870, 94022, 96150, 96234, 96313, 98686, 99437, 99814, 100361, 101047,
    101207, 102236, 103362, 103588, 103998, 104415, 104709, 104967, 105196, 106797,
    107760, 107820, 108384, 108642, 109392, 110648, 111858, 112038, 112848, 114904,
    114978, 115086, 115550, 115764, 116469, 118139, 118894, 119265, 119602, 119871,
    122235, 122393, 122964, 123629, 124219, 124710, 124869, 125376, 125592, 126591,
    126744, 128036, 128414, 129532, 129876, 130165, 130325, 131852, 132626, 133211,
    133228, 133961, 134052, 134291, 135091, 135144, 135373, 135594, 135663, 135930,
    136230, 136484, 137356, 137752, 139241, 140035, 140136, 140271, 140283, 140426,
    140692, 140969, 141746, 143370, 143998, 146788, 147721, 148438, 149490, 149804,
    149915, 150949, 151000, 151515, 151534, 152351, 153124, 153488, 155485, 155614,
    155667, 156464, 156927, 157131, 157952, 158184, 158240, 158713, 160483, 160547,
    162304, 162323, 164448, 165284, 165378, 165410, 165744, 166322, 166502, 167465,
    168053, 168145, 169484, 170057, 174094, 174699, 176058, 177252, 177335, 177575,
    177637, 177733, 177734, 177963, 178308, 178660, 179288, 180326, 181552, 182082,
    182723, 182810, 183238, 183596, 183914, 185011, 185267, 186150, 186282, 188335,
    189238, 189472, 189863, 190188, 191429, 191826, 192023, 192297, 192363, 193222,
    193663, 194155, 194931, 195514, 195678, 196327, 196754, 197467, 198051, 199806,
    200502, 200787, 201716, 202299, 202307, 202392, 202821, 203291, 204305, 204338,
    204619, 205689, 206503, 208523, 208897, 209273, 210636, 210792, 211651, 211673,
    211873, 212127, 212507, 212862, 213052, 213115, 213492, 213696, 213795, 214401,
    214545, 215312, 215351, 215609, 215731, 216871, 217008, 217356, 217615, 218727,
    219805, 220949, 221751, 221969, 223280, 223476, 223485, 223983, 224387, 225102,
    225159, 225193, 225206, 225209, 225551, 225652, 226481, 227054, 227556, 228211,
    228810, 230749, 231216, 231406, 231484, 232070, 232470, 233190, 233358, 233804,
    234517, 234558, 234904, 235517, 236049, 236086, 236137, 236281, 237098, 237320,
    237671, 237704, 238078, 238781, 240003, 241076, 241137, 242322, 243127, 243659,
    244083, 244347, 244881, 245118, 248254, 249044, 249887, 250335, 251421, 252462,
    252598, 252704, 252711, 252735, 252824, 253268, 253719, 254272, 255013, 255657,
    255695, 256041, 256507, 256709, 257234, 257873, 258061, 258164, 258718, 261000,
    261707, 262522, 262579, 262823, 263131, 263136, 265319, 265499, 266718, 266947,
    267392, 267398, 267791, 268058, 268256, 268705, 269841, 270378, 271177, 271344,
    271670, 271690, 273929, 274481, 275219, 275322, 275381, 275749, 276928, 278004,
    278609, 279095, 280623, 281053, 281415, 281966, 282792, 283314]
  prime: 9999999967
- ksize: 22
  md5sum: 67109f31d7774eae6ad6452d72e98147
  mins: [0, 846, 1897, 2314, 2516, 2789, 3113, 4947, 5722, 6123, 7030, 7782, 7925,
    8772, 9485, 10330, 10558, 10816, 11255, 11506, 11849, 11889, 12391, 12532, 13685,
    13917, 14097, 14396, 14563, 14924, 15246, 15482, 15760, 15799, 15943, 16564, 17788,
    18071, 18178, 18217, 18941, 19523, 19712, 20354, 20803, 21838, 22326, 23534, 23776,
    23779, 24241, 24827, 25802, 25999, 27178, 28143, 28870, 29928, 30138, 30290, 30404,
    30595, 31764, 32024, 32603, 33281, 34041, 35221, 35474, 36185, 38769, 39354, 39879,
    40076, 41380, 42323, 43497, 43653, 43930, 44080, 44482, 45008, 45144, 45146, 46154,
    47396, 47421, 47445, 47630, 47849, 50760, 50915, 50966, 50981, 51819, 52730, 53809,
    53853, 54645, 55140, 56600, 57174, 57613, 58904, 59092, 60204, 60326, 60872, 61739,
    62389, 63273, 63629, 63747, 64534, 64596, 64780, 65233, 65774, 66235, 66258, 66747,
    67203, 67305, 67524, 67608, 68552, 68734, 69417, 69784, 69841, 71268, 72065, 72360,
    73371, 73830, 76432, 76674, 78285, 78861, 78997, 79807, 80104, 80232, 80521, 81634,
    82046, 82584, 83494, 84339, 84594, 84874, 85595, 85912, 86042, 86445, 86454, 87386,
    87563, 87884, 87996, 88224, 91109, 91211, 91449, 92129, 92772, 93597, 93640, 94477,
    95900, 98997, 100246, 100655, 100893, 100937, 102176, 102546, 102753, 103583,
    103594, 103763, 104337, 104677, 105339, 107309, 107571, 107719, 107726, 108343,
    109541, 111270, 112105, 112475, 113620, 114100, 114175, 114270, 115000, 115045,
    115550, 115961, 116145, 117658, 117729, 119351, 119505, 119541, 119678, 119919,
    121574, 122268, 122531, 122647, 122796, 124185, 124822, 125010, 125589, 126002,
    126568, 127221, 130252, 130896, 131663, 131783, 131842, 132249, 132983, 133075,
    133531, 134694, 134817, 135803, 136420, 136536, 136602, 136678, 139386, 140094,
    140911, 141783, 142008, 142220, 142546, 142726, 143150, 143507, 144446, 145231,
    145727, 145944, 146070, 147550, 147845, 148229, 149124, 149565, 149730, 150088,
    150219, 151235, 151291, 151465, 151634, 151906, 152002, 152378, 152839, 152986,
    154952, 156318, 156524, 156895, 157376, 157409, 157430, 157635, 157990, 158916,
    160251, 160329, 160628, 161671, 162408, 162523, 162869, 163593, 163696, 165870,
    166525, 167131, 167911, 168042, 169292, 169414, 169556, 169847, 169950, 170415,
    171504, 171664, 172161, 173684, 174413, 174649, 175609, 176029, 177096, 177952,
    178125, 178688, 178898, 181355, 181368, 182347, 182411, 182874, 183495, 183555,
    184336, 184491, 186818, 188003, 189414, 189486, 190472, 190626, 192882, 193452,
    193951, 194117, 194745, 194845, 196413, 196939, 197241, 197359, 197522, 197874,
    198084, 198372, 199266, 199291, 200028, 200429, 201378, 201948, 202848, 203335,
    203848, 204795, 205493, 205938, 206155, 206257, 206379, 207078, 207341, 207485,
    207534, 208381, 210328, 210496, 210767, 211523, 211708, 211772, 212613, 213640,
    214378, 214782, 214876, 215071, 215960, 216960, 217276, 217297, 217529, 217763,
    217802, 218227, 218537, 219617, 221684, 222246, 222716, 223987, 224535, 224547,
    224771, 225557, 226278, 226937, 227477, 228482, 229235, 229445, 229543, 230290,
    230550, 231111, 231710, 231906, 231932, 232397, 233250, 233332, 233810, 233837,
    235142, 235453, 236309, 237337, 237575, 237658, 237738, 237754, 237958, 238188,
    238578, 239104, 239570, 239992, 240596, 240959, 241081, 241137, 241924, 242677,
    243611, 244358, 244860, 244922, 245175, 245347, 245604, 246192, 246194, 246422,
    246992, 247350, 247755, 247979, 248032, 249240, 249298, 250051, 250588, 251222,
    251366, 251610, 251653, 251770, 252108, 253601, 255161, 255643, 256390, 257098,
    257901, 258512, 258532, 259020, 259077, 259422, 260198, 260219, 261325, 261741,
    262168, 262718, 263952, 264215, 264454, 264619, 264926, 266340, 266383, 267085,
    267564, 268044, 268537, 269298, 269331, 271065, 271216, 271242, 271257, 272816,
    273306, 274216, 274328, 276365, 276644, 276943, 278082, 278394, 278402, 278428,
    278463]
  prime: 9999999967
- ksize: 31
  md5sum: 33c2e6eb9e8dd75f0f2e31456f054a1e
  mins: [472, 580, 823, 873, 2085, 2933, 2980, 4372, 5675, 6431, 8055, 8428, 9155,
    9280, 9489, 9883, 10319, 10522, 11057, 11083, 12938, 12963, 13116, 14354, 15087,
    15796, 17084, 17436, 17473, 17710, 18089, 18156, 18377, 18621, 19007, 19652, 19867,
    20848, 21120, 21185, 21283, 21913, 22702, 22739, 22800, 23550, 23821, 24427, 24452,
    24742, 25465, 25703, 25714, 25927, 26066, 27429, 28915, 29221, 29473, 29506, 31366,
    31511, 31933, 32111, 32524, 33307, 34796, 36605, 37365, 37512, 37735, 37858, 38123,
    39462, 41005, 41587, 42051, 43884, 45590, 45887, 46584, 47731, 48070, 48417, 49785,
    50195, 50454, 50786, 51952, 52172, 52717, 53699, 54037, 54220, 54464, 54657, 56008,
    56498, 57604, 57712, 58418, 59791, 59860, 59887, 59940, 60098, 60727, 60788, 61685,
    62058, 62172, 62258, 62413, 62518, 63265, 63484, 63571, 64196, 65361, 66009, 66355,
    66611, 67119, 69003, 69057, 69228, 69795, 70227, 70301, 70569, 71010, 71052, 71918,
    74066, 74221, 74905, 76297, 77987, 79797, 80032, 80299, 81609, 82207, 82491, 82710,
    83266, 83471, 84247, 85547, 85925, 86195, 86442, 86559, 87101, 88089, 88444, 88569,
    89035, 89799, 90506, 91120, 91166, 92516, 92550, 92713, 93335, 93853, 94709, 94878,
    95945, 97724, 97871, 98130, 99522, 100022, 100279, 100621, 100731, 101985, 102125,
    102539, 103304, 103792, 103888, 104077, 105201, 105519, 105754, 106267, 106975,
    107984, 108640, 108715, 108869, 109463, 109537, 109805, 110188, 110229, 110721,
    111052, 111790, 112069, 113014, 113293, 113443, 113534, 113901, 114083, 114552,
    115009, 115372, 115464, 115787, 116230, 116499, 116528, 116547, 116709, 116714,
    117969, 118130, 118223, 118336, 118588, 118688, 119094, 119242, 119380, 119587,
    119862, 120338, 120561, 120797, 121116, 121468, 122016, 122320, 122492, 122812,
    122974, 124888, 125671, 126092, 126771, 126803, 127962, 127968, 131410, 131757,
    131947, 132937, 133064, 133102, 133859, 133906, 134207, 134819, 135232, 135591,
    135831, 137074, 138071, 138212, 138247, 138730, 138883, 139371, 139768, 140312,
    140441, 142495, 142771, 143356, 144204, 146138, 146696, 148102, 148585, 149589,
    150092, 151156, 151268, 151426, 152485, 152645, 152809, 152826, 153547, 153759,
    154251, 154265, 155041, 155084, 155504, 155875, 155914, 159068, 159752, 160242,
    161065, 162164, 163165, 163453, 163511, 163998, 164153, 164508, 165362, 165988,
    166083, 167093, 167827, 168882, 169912, 170632, 170694, 171318, 171912, 173884,
    175532, 175588, 175651, 176309, 177062, 178114, 178325, 178450, 178615, 178762,
    178806, 178954, 181228, 181447, 182416, 182602, 182754, 183942, 183997, 184259,
    184434, 186270, 186557, 186978, 187736, 188068, 188196, 188308, 190081, 190413,
    190712, 192128, 193231, 193316, 194350, 194606, 195280, 195285, 195647, 196748,
    196899, 197325, 199049, 199595, 201499, 202330, 203031, 204366, 205114, 205431,
    206988, 207217, 207330, 208190, 209304, 210333, 212792, 213261, 213376, 214157,
    217040, 218502, 218812, 218946, 219659, 219820, 220299, 222140, 223532, 224717,
    226424, 226624, 227047, 227170, 227888, 228010, 228113, 228364, 228507, 229563,
    229705, 229976, 230461, 230818, 230870, 231337, 231615, 231838, 232079, 233218,
    236276, 236460, 237184, 238000, 239577, 239603, 239914, 240411, 240583, 240734,
    240761, 240782, 241534, 241590, 241645, 241775, 242827, 243091, 244312, 244335,
    244540, 244789, 244883, 245445, 245888, 246119, 246531, 247013, 247543, 248019,
    248185, 248491, 248532, 248674, 249387, 251187, 251418, 251751, 252149, 252343,
    252572, 253578, 254395, 254412, 254644, 255879, 256033, 256462, 257171, 257253,
    257772, 258259, 258822, 259420, 259538, 259689, 261119, 261330, 261705, 261711,
    261741, 261874, 262291, 263112, 263466, 263749, 264006, 264695, 264746, 267150,
    267182, 268364, 268564, 269026, 269723, 270550, 270880, 270899, 272890, 272999,
    273034, 273447, 273672, 273886, 274738, 274886, 275099, 276240, 276384, 277622]
  prime: 9999999967
- ksize: 32
  md5sum: a2f695a6f72b2c83afc0c1d96c458ef3
  mins: [0, 219, 294, 490, 493, 710, 1114, 2231, 2418, 2897, 3488, 4562, 4584, 4707,
    5489, 6022, 9045, 9047, 10315, 10913, 11411, 11660, 12927, 13253, 13967, 14196,
    14780, 15237, 17147, 17699, 18560, 18704, 18716, 19722, 20333, 21377, 22065, 22121,
    22324, 22569, 23550, 23660, 24651, 24890, 25594, 25959, 28075, 28187, 28986, 29703,
    29789, 31264, 32051, 32186, 32621, 32658, 32795, 33205, 34190, 34433, 35261, 35544,
    35694, 36472, 36523, 37425, 38216, 38972, 40164, 40596, 41960, 42075, 42268, 42724,
    43233, 43331, 44060, 44192, 45473, 46435, 46795, 46932, 49685, 49837, 51218, 51755,
    52478, 52511, 52737, 53619, 53720, 53840, 54639, 54674, 55778, 56155, 56465, 57563,
    57757, 57979, 59430, 59451, 60468, 60944, 61421, 62195, 62525, 63803, 64007, 64175,
    64796, 65209, 65297, 65399, 66223, 67272, 67838, 69336, 69405, 70526, 70607, 70775,
    71039, 72501, 72539, 73568, 73702, 73872, 74170, 74750, 75960, 76043, 76289, 76539,
    76668, 76822, 77153, 77428, 77825, 78077, 78331, 78479, 78604, 78925, 80107, 80274,
    80494, 81185, 83329, 84094, 85407, 85668, 85739, 85900, 86184, 86676, 87106, 87425,
    87695, 88099, 88722, 92710, 92723, 92749, 93382, 93556, 94552, 95302, 96020, 96941,
    97844, 97927, 98012, 98095, 99780, 99959, 100169, 101240, 101897, 101953, 102382,
    102984, 103027, 103081, 103338, 103630, 103954, 104727, 104944, 105187, 105316,
    105751, 106198, 106452, 107085, 107435, 107657, 107817, 107857, 108875, 109303,
    109664, 110361, 112287, 113165, 114279, 114509, 114969, 115379, 115743, 115758,
    116473, 116896, 117699, 118181, 118633, 118691, 118758, 119136, 119836, 120221,
    120780, 121242, 122231, 122382, 122635, 123133, 123377, 123461, 123603, 124263,
    124405, 124428, 126244, 126248, 126720, 126742, 126844, 127362, 127810, 128808,
    129636, 130170, 130302, 131576, 131845, 132151, 133046, 133050, 133515, 133557,
    134407, 134534, 134987, 135787, 135794, 136346, 136870, 137568, 137803, 137907,
    138374, 140666, 141488, 141629, 142143, 142161, 142621, 143143, 143216, 143696,
    144508, 144711, 144853, 144959, 145105, 145309, 145313, 145692, 146352, 146372,
    147525, 149265, 149358, 149722, 149748, 150173, 150316, 150554, 150908, 151392,
    151535, 152445, 153802, 155005, 155456, 155483, 155495, 155499, 155551, 157017,
    158002, 158962, 158965, 159164, 159299, 160031, 160458, 160855, 162466, 162563,
    162571, 163427, 165163, 165503, 165681, 166704, 167193, 167302, 167398, 167939,
    169058, 169198, 169285, 170498, 170564, 170827, 171695, 172343, 172405, 174402,
    175216, 175395, 176291, 176755, 177841, 178781, 179274, 180792, 182117, 182209,
    182678, 182763, 182890, 183042, 184019, 185344, 185888, 186495, 187932, 188028,
    188365, 189687, 190745, 190757, 191001, 191113, 191774, 192381, 192447, 194374,
    195173, 195968, 196346, 196628, 197507, 197976, 198195, 198602, 199511, 201906,
    202080, 202084, 202302, 202579, 202728, 203243, 204380, 205287, 205877, 206670,
    206708, 207257, 207380, 207822, 207839, 208904, 209741, 210916, 212110, 212666,
    212878, 212903, 214579, 214878, 215091, 215524, 215628, 215768, 216678, 217013,
    217188, 217767, 218352, 218882, 220595, 220968, 221024, 221197, 221306, 222587,
    222982, 223161, 224722, 224772, 224918, 225420, 225570, 225767, 225856, 226360,
    227900, 228262, 228865, 230681, 231906, 232176, 232416, 232738, 232901, 233377,
    233413, 233835, 235305, 235941, 236866, 237576, 237926, 238488, 238864, 239869,
    240787, 241168, 241612, 242329, 242689, 243350, 243355, 243358, 243625, 244555,
    246275, 246746, 248154, 248254, 249040, 249248, 250602, 250731, 250841, 251232,
    251528, 251874, 252266, 253831, 254057, 254448, 254488, 254639, 254969, 257375,
    257437, 258529, 259152, 259549, 260101, 260185, 260595, 261075, 261321, 261839,
    261991, 262822, 263526, 264129, 265496, 265704, 265877, 266122, 266221, 266999,
    267097, 267214, 267456, 267477, 268031, 268085, 270802, 271109, 271518]
  prime: 9999999967
type: mrnaseq
version: '0.2'
