class: sourmash_signature
email: titus@idyll.org
filename: SRR2060939_1.fastq.gz.trimnoV.fq.gz
name: house mouse
signatures:
- ksize: 16
  md5sum: 8579ea5b227e0f59a24270f68c2bbbe1
  mins: [0, 69, 123, 4119, 29864, 33265, 50128, 50228, 63214, 69347, 75346, 79008,
    81720, 83813, 90784, 97747, 112213, 116204, 135280, 151515, 151959, 169559, 172906,
    183268, 185837, 189472, 189616, 193363, 202392, 205237, 212139, 215731, 221373,
    223983, 228351, 243659, 248254, 249044, 251555, 261240, 265592, 267398, 268705,
    273929, 291913, 304565, 307583, 307726, 310411, 314610, 314995, 317076, 326128,
    334020, 334297, 337366, 346894, 353221, 355067, 359218, 361754, 375554, 377556,
    381885, 386694, 394628, 395394, 404776, 409266, 412697, 418131, 421068, 421538,
    425317, 426381, 427402, 431433, 434783, 437068, 441272, 453620, 456240, 456860,
    460389, 463382, 463631, 468294, 473922, 475067, 477743, 485504, 485662, 485934,
    489380, 494861, 500048, 503796, 504500, 510362, 512263, 520284, 521877, 522299,
    523576, 523771, 526516, 527059, 527996, 545716, 545951, 547018, 549589, 551411,
    556408, 557667, 566937, 567307, 575516, 581839, 584134, 592340, 597652, 602281,
    605201, 615401, 621811, 621910, 623348, 629707, 632847, 641122, 651882, 659286,
    661992, 670775, 672335, 674948, 678700, 679958, 684226, 705216, 716074, 719703,
    732772, 746103, 746671, 756612, 758278, 758434, 759667, 779049, 788478, 789957,
    790160, 791337, 796968, 803762, 815664, 817830, 844859, 845389, 859445, 864844,
    868867, 871934, 874648, 877414, 882112, 895443, 896922, 898053, 899049, 900305,
    916759, 919633, 928572, 934562, 939880, 948994, 952720, 954239, 955653, 961420,
    976548, 983015, 989057, 991376, 996534, 999488, 1004986, 1011735, 1011844, 1018390,
    1022564, 1025709, 1025865, 1031868, 1035177, 1040883, 1042522, 1042800, 1046345,
    1057407, 1067771, 1067777, 1072840, 1074469, 1078918, 1081677, 1082548, 1100612,
    1104391, 1114174, 1118683, 1121243, 1122846, 1130978, 1140857, 1142916, 1146119,
    1153380, 1157637, 1159587, 1162761, 1177043, 1179863, 1188876, 1195684, 1210982,
    1211139, 1224383, 1227969, 1230981, 1232953, 1235205, 1242563, 1248627, 1255148,
    1257478, 1275862, 1276090, 1283814, 1294380, 1302936, 1313556, 1315897, 1319580,
    1323538, 1324050, 1327974, 1328993, 1332155, 1335816, 1343942, 1358442, 1378562,
    1384757, 1386500, 1387581, 1391129, 1393975, 1396442, 1397903, 1398535, 1401959,
    1412035, 1417483, 1418703, 1418796, 1422930, 1423843, 1425040, 1427621, 1435789,
    1447903, 1458461, 1458948, 1468553, 1471113, 1471131, 1479133, 1481713, 1482230,
    1484203, 1493628, 1496373, 1501929, 1510110, 1514243, 1514465, 1514696, 1516636,
    1517826, 1524690, 1524726, 1525517, 1538433, 1539359, 1552765, 1553163, 1564359,
    1567692, 1575607, 1575839, 1579072, 1580511, 1585634, 1585811, 1608810, 1615846,
    1619534, 1620816, 1622784, 1623522, 1627294, 1629759, 1642485, 1647837, 1652550,
    1653611, 1657241, 1660189, 1663083, 1665333, 1688738, 1696737, 1705507, 1710164,
    1712268, 1723949, 1726007, 1730385, 1735062, 1738162, 1739690, 1741984, 1744046,
    1749993, 1760862, 1763923, 1782388, 1785506, 1797311, 1803425, 1807900, 1810804,
    1812220, 1816994, 1823935, 1824357, 1848829, 1858311, 1860686, 1865204, 1874985,
    1881543, 1881702, 1882568, 1884713, 1897180, 1908625, 1915833, 1927579, 1932612,
    1939424, 1942513, 1949297, 1950398, 1955599, 1959683, 1961723, 1975400, 1986921,
    1990954, 1993661, 1999450, 2001706, 2001835, 2002551, 2009387, 2011607, 2013329,
    2013917, 2031222, 2032628, 2033206, 2037765, 2041212, 2045492, 2050585, 2052696,
    2057483, 2085219, 2085885, 2087293, 2089754, 2089869, 2090891, 2093939, 2097249,
    2098021, 2106080, 2111695, 2113988, 2116547, 2127272, 2132966, 2140844, 2143403,
    2148136, 2151085, 2162859, 2166394, 2178109, 2182301, 2185876, 2190944, 2193743,
    2206696, 2207281, 2211122, 2224802, 2233314, 2238957, 2246338, 2254012, 2261552,
    2264901, 2265989, 2275200, 2280778, 2281376, 2283351, 2284055, 2290088, 2291886,
    2293555, 2307576, 2311839, 2314101, 2316606, 2318044, 2326132, 2327519, 2329512,
    2343626, 2349077, 2349236, 2352173, 2356186, 2359287, 2360567, 2360920, 2361933,
    2363371, 2363676, 2365933, 2374996, 2378718, 2379770, 2381729, 2382069, 2386595,
    2389991, 2390105, 2399877, 2405811, 2408471, 2409772, 2436388, 2440165, 2443788,
    2457122, 2467403, 2468943, 2473067, 2473598, 2490632, 2495717, 2498285, 2502627,
    2502677, 2507750, 2516857, 2518745, 2520884, 2523740, 2541182, 2544829, 2548669,
    2549768, 2552851, 2558720, 2574636, 2576373, 2582521, 2583266, 2590209, 2591467,
    2592183]
  prime: 9999999967
- ksize: 22
  md5sum: 2056530e3a4b16f3dffd6918823e22ea
  mins: [0, 1897, 2485, 7523, 11688, 14097, 15943, 20354, 32284, 43653, 64121, 67524,
    71840, 80521, 85159, 91014, 92772, 100937, 106556, 119919, 131663, 135318, 135780,
    136678, 141762, 141813, 145231, 150219, 151676, 153481, 156160, 165559, 174805,
    177408, 190386, 190626, 194117, 194321, 198084, 199266, 204979, 214378, 216960,
    217733, 227547, 241137, 246614, 249569, 251610, 259077, 261325, 264854, 269752,
    278675, 283466, 290933, 291973, 292862, 298039, 318819, 329738, 332395, 332822,
    338495, 341164, 341765, 347693, 350177, 357737, 360721, 362971, 368282, 369945,
    377441, 377632, 379144, 385862, 386033, 392969, 394444, 399345, 400281, 400998,
    431816, 442593, 443647, 448640, 455373, 464156, 464746, 466167, 467985, 472223,
    475984, 477099, 488501, 488617, 492711, 497040, 502588, 503904, 505565, 512540,
    520326, 522927, 524845, 525634, 534493, 539789, 541449, 547757, 548334, 548832,
    557839, 568778, 569599, 574046, 577963, 583755, 584572, 590135, 599753, 602474,
    611666, 614596, 614853, 615757, 635898, 638072, 638675, 653040, 654204, 673307,
    689624, 694603, 695373, 720414, 721279, 733571, 734544, 738488, 743852, 746396,
    748008, 748757, 754745, 758256, 766975, 786039, 790285, 798602, 806765, 807067,
    807414, 809421, 813893, 814705, 815290, 816066, 822091, 843371, 851379, 854448,
    857306, 859439, 863813, 866110, 876587, 884479, 884959, 887315, 895985, 898569,
    904572, 910117, 912435, 916048, 920529, 923064, 930226, 931873, 941817, 946551,
    947034, 948129, 950538, 956132, 962559, 966009, 969111, 976134, 978102, 978229,
    980384, 984491, 986321, 986417, 991067, 992238, 1006767, 1012624, 1017320, 1028297,
    1033876, 1034104, 1043478, 1051355, 1053053, 1062667, 1062840, 1063662, 1064870,
    1068841, 1074712, 1087219, 1097646, 1098019, 1099886, 1102724, 1106170, 1108094,
    1108176, 1108629, 1118707, 1123235, 1129766, 1138616, 1148095, 1148113, 1149997,
    1150033, 1150988, 1151577, 1153693, 1156526, 1158461, 1160098, 1166338, 1168551,
    1169658, 1177963, 1178533, 1178874, 1180281, 1181558, 1187164, 1191857, 1200530,
    1201479, 1202299, 1204558, 1209874, 1211623, 1219064, 1220217, 1221974, 1225043,
    1231921, 1232148, 1239022, 1244019, 1244665, 1265800, 1266074, 1274920, 1277662,
    1285985, 1287275, 1292351, 1298322, 1321912, 1322870, 1323034, 1329271, 1340501,
    1345692, 1348030, 1356205, 1356469, 1361131, 1362301, 1362955, 1369361, 1385176,
    1394326, 1397384, 1407171, 1409745, 1410470, 1410699, 1412700, 1413281, 1418352,
    1431250, 1440235, 1443652, 1447554, 1453022, 1457715, 1460088, 1463577, 1466637,
    1474080, 1483251, 1485917, 1488804, 1492570, 1492984, 1493384, 1495582, 1506233,
    1509526, 1509899, 1516225, 1519637, 1526183, 1534026, 1537291, 1538271, 1541967,
    1546113, 1547498, 1554495, 1555117, 1559067, 1559425, 1560265, 1561768, 1562454,
    1563610, 1571325, 1583953, 1587648, 1592889, 1599901, 1600473, 1602018, 1602068,
    1605467, 1605770, 1608968, 1609198, 1621027, 1627714, 1633764, 1636128, 1637339,
    1641757, 1646434, 1654315, 1658611, 1659396, 1664981, 1671127, 1671613, 1673717,
    1675003, 1681949, 1682117, 1683110, 1684424, 1688559, 1689969, 1705897, 1712845,
    1713890, 1715795, 1717905, 1719431, 1721895, 1723826, 1724444, 1726856, 1727503,
    1727585, 1739338, 1739790, 1741458, 1745566, 1748092, 1749595, 1763521, 1765493,
    1765769, 1793195, 1803804, 1808034, 1813145, 1814363, 1825372, 1829471, 1831734,
    1832036, 1833079, 1839096, 1842868, 1844232, 1846836, 1850309, 1859303, 1859789,
    1861877, 1871309, 1874411, 1877241, 1880759, 1882023, 1885164, 1890384, 1899032,
    1905603, 1906515, 1907751, 1910289, 1919381, 1921209, 1922605, 1937449, 1941070,
    1948339, 1958319, 1962248, 1972339, 1975425, 1981505, 1989746, 1990396, 1992811,
    2000332, 2000988, 2004573, 2013505, 2013963, 2016061, 2021405, 2025883, 2028630,
    2036610, 2037704, 2039666, 2049052, 2057174, 2061550, 2063887, 2066096, 2067728,
    2077605, 2078319, 2081878, 2082347, 2083464, 2089383, 2105086, 2116842, 2118212,
    2120627, 2122236, 2130485, 2131621, 2132606, 2136622, 2137707, 2146470, 2146672,
    2155962, 2157325, 2159437, 2161596, 2164422, 2165145, 2169021, 2170208, 2176662,
    2177578, 2179633, 2188528, 2189566, 2193208, 2198915, 2214343, 2215440, 2216511,
    2222747, 2228363, 2233681, 2244556, 2257604, 2257965, 2265551, 2265633, 2269358,
    2270180, 2271304, 2273661, 2278009, 2278481, 2284278, 2290052, 2295301, 2298478]
  prime: 9999999967
- ksize: 31
  md5sum: 2cbeaed8f7093c49795766ba26659981
  mins: [6431, 8662, 13523, 25703, 26066, 33202, 35577, 41810, 45887, 48627, 50786,
    56498, 62258, 74721, 76806, 81974, 82491, 87101, 93335, 94878, 103272, 103304,
    109634, 112198, 119241, 120797, 123185, 126092, 126407, 133728, 137074, 139371,
    143027, 146138, 148842, 151290, 162730, 172687, 177062, 178450, 179208, 195647,
    200589, 203587, 209494, 211898, 212573, 215764, 218938, 227170, 236276, 247411,
    258754, 259420, 263316, 267318, 270986, 274233, 275099, 284788, 290231, 291512,
    296851, 302548, 312158, 314019, 315267, 326927, 329907, 339186, 350456, 354705,
    362573, 363437, 367630, 375916, 377092, 379323, 382420, 382604, 385690, 394275,
    397654, 398515, 400820, 406237, 412093, 417492, 429141, 430333, 432670, 437605,
    444862, 449055, 449567, 452819, 462964, 464224, 468816, 473821, 479643, 481078,
    482372, 488398, 489328, 515186, 522972, 523400, 524275, 526496, 536501, 540566,
    549236, 552762, 561314, 562125, 568283, 570466, 572378, 581244, 584376, 590957,
    591407, 595766, 595930, 599519, 604400, 608252, 617101, 617859, 617984, 622615,
    628682, 640276, 641891, 642927, 651148, 652082, 658903, 670071, 674024, 675916,
    675962, 683087, 683149, 683431, 684886, 687122, 700942, 703737, 707775, 709343,
    718741, 723442, 725794, 729665, 732009, 742448, 742665, 743145, 747975, 755658,
    756480, 756938, 768742, 771691, 772052, 774849, 775187, 780626, 781697, 788683,
    791934, 793554, 793679, 795586, 795842, 797935, 798783, 821299, 821469, 826188,
    828672, 833029, 836725, 838912, 839699, 845878, 846465, 852173, 859623, 863415,
    881902, 883911, 889042, 892625, 892700, 900264, 902642, 913635, 918674, 928344,
    930119, 934397, 934940, 940253, 945357, 948255, 949024, 950677, 952624, 954646,
    960216, 962071, 964453, 970877, 977338, 977596, 978422, 989961, 990028, 993427,
    994323, 1000557, 1000612, 1000805, 1002155, 1002774, 1006563, 1007239, 1015196,
    1019009, 1032326, 1033387, 1041152, 1044122, 1045746, 1049349, 1053081, 1057130,
    1057471, 1059534, 1065367, 1077542, 1079811, 1084350, 1085924, 1086105, 1086670,
    1088727, 1089469, 1095941, 1096861, 1100438, 1109234, 1109288, 1110028, 1111372,
    1114654, 1118971, 1119558, 1121726, 1133590, 1138120, 1140878, 1144895, 1147342,
    1148565, 1155182, 1155232, 1157561, 1160239, 1164837, 1171143, 1188516, 1190538,
    1199655, 1202268, 1202946, 1209046, 1213809, 1218095, 1226155, 1226209, 1245448,
    1251889, 1255320, 1255888, 1257192, 1260273, 1262826, 1271358, 1273309, 1276581,
    1279355, 1281689, 1282912, 1285815, 1288003, 1290381, 1290444, 1291406, 1296572,
    1302769, 1304847, 1314977, 1315395, 1317178, 1318117, 1319736, 1323082, 1330556,
    1334005, 1337136, 1340444, 1344969, 1350003, 1351547, 1354644, 1358278, 1363687,
    1363787, 1369922, 1373964, 1376078, 1379563, 1388963, 1395384, 1399406, 1402849,
    1409566, 1411824, 1414318, 1428540, 1456261, 1456516, 1461470, 1464945, 1483478,
    1484367, 1484585, 1489968, 1495090, 1497557, 1499811, 1501391, 1505460, 1507441,
    1509608, 1522041, 1527629, 1530184, 1532431, 1533684, 1534573, 1548370, 1549296,
    1551834, 1565852, 1567203, 1567938, 1579129, 1585072, 1592371, 1595007, 1601417,
    1601550, 1609616, 1612280, 1618442, 1624263, 1625727, 1627140, 1631748, 1634689,
    1635203, 1636486, 1638722, 1638840, 1639029, 1639889, 1640617, 1646692, 1648014,
    1652649, 1656466, 1660148, 1661953, 1662272, 1664202, 1675683, 1675773, 1685722,
    1690240, 1691389, 1700705, 1711378, 1715477, 1718051, 1729162, 1732853, 1738296,
    1739518, 1739713, 1752824, 1754810, 1765148, 1765215, 1765771, 1768415, 1772995,
    1778739, 1793504, 1795322, 1799421, 1799691, 1802755, 1808497, 1809549, 1818887,
    1823275, 1827359, 1837552, 1840282, 1840653, 1842930, 1845012, 1850946, 1851215,
    1851617, 1853761, 1859499, 1871228, 1877757, 1878697, 1880270, 1886183, 1888799,
    1894588, 1913924, 1922397, 1925884, 1929050, 1935809, 1936646, 1939751, 1942890,
    1944451, 1955804, 1956383, 1958747, 1960882, 1962233, 1983058, 1983766, 1986105,
    1989507, 2001289, 2004276, 2005917, 2008652, 2009987, 2020802, 2026689, 2028727,
    2039810, 2039860, 2042981, 2043749, 2051581, 2053168, 2060157, 2063360, 2073248,
    2083997, 2091503, 2092832, 2097295, 2107374, 2111692, 2114790, 2121240, 2126949,
    2127710, 2129842, 2137802, 2140099, 2144670, 2145434, 2152946, 2158120, 2158794,
    2166581, 2167720, 2171802, 2173472, 2175150, 2189932, 2200667, 2201242]
  prime: 9999999967
- ksize: 32
  md5sum: 572d4b2cacd99673f2c229b25aee8992
  mins: [219, 6047, 11224, 12550, 17699, 22972, 24922, 25417, 26018, 36472, 46620,
    69405, 70982, 74703, 80353, 93146, 95277, 96941, 99627, 99707, 121233, 127362,
    131845, 133515, 138130, 150554, 161135, 166704, 166911, 167398, 178782, 179576,
    182489, 191113, 193254, 197098, 206380, 207220, 209421, 210916, 222296, 222587,
    227813, 228262, 243657, 244256, 244555, 245874, 247884, 250344, 260479, 266077,
    266221, 269275, 280113, 291682, 293389, 301224, 313947, 318801, 322092, 322875,
    326507, 336649, 337835, 342081, 347389, 351845, 366658, 367442, 368395, 371244,
    390931, 405182, 406136, 409295, 419473, 424102, 435732, 457692, 466786, 468714,
    469189, 476321, 480980, 483954, 498021, 505712, 506879, 506935, 516526, 517064,
    519092, 522630, 526357, 527333, 529830, 539211, 549180, 549305, 555844, 563401,
    564895, 567532, 568178, 575527, 581898, 586675, 588096, 591825, 601095, 608117,
    608154, 613729, 624750, 627690, 632930, 635741, 644895, 650086, 653030, 655021,
    657328, 666411, 667017, 667445, 671656, 671958, 672408, 673762, 686456, 689383,
    698432, 703093, 710504, 717910, 718147, 718252, 720555, 722353, 725548, 727153,
    745294, 753370, 759599, 762461, 762699, 771518, 771981, 774999, 786270, 786667,
    787732, 795280, 803455, 809173, 819538, 828395, 841317, 842178, 843038, 849840,
    850477, 851161, 865016, 875940, 876109, 876720, 900291, 908155, 925415, 925968,
    926594, 929063, 929586, 931593, 948315, 950643, 958400, 958817, 967288, 968111,
    968749, 970138, 975231, 977858, 985601, 989872, 994110, 1002233, 1003452, 1003725,
    1007434, 1017025, 1021329, 1022667, 1023425, 1024972, 1026135, 1031522, 1037225,
    1043541, 1046745, 1049916, 1052732, 1060677, 1066746, 1082327, 1085801, 1089856,
    1090424, 1090434, 1091287, 1102727, 1106114, 1114549, 1124466, 1125535, 1130205,
    1134967, 1136732, 1138817, 1152165, 1172612, 1173333, 1178150, 1196388, 1199289,
    1207343, 1220846, 1225737, 1228386, 1233937, 1236373, 1240131, 1244716, 1247495,
    1249767, 1249958, 1251490, 1252769, 1258807, 1261179, 1261420, 1263521, 1263744,
    1266216, 1267832, 1271897, 1275233, 1286062, 1292417, 1293945, 1301908, 1303356,
    1315947, 1320213, 1320747, 1329835, 1330380, 1338387, 1340446, 1341848, 1342204,
    1342459, 1342983, 1355159, 1356409, 1357425, 1359905, 1363799, 1364197, 1365370,
    1367524, 1369781, 1375712, 1379384, 1380215, 1382452, 1383807, 1384606, 1389728,
    1391426, 1396204, 1405662, 1406954, 1407332, 1414052, 1421289, 1425549, 1426161,
    1442339, 1448259, 1454457, 1455127, 1459328, 1466444, 1469098, 1470600, 1474093,
    1475107, 1476548, 1480020, 1483752, 1490836, 1498852, 1505530, 1520002, 1520598,
    1529839, 1530301, 1554300, 1555377, 1557314, 1562229, 1565899, 1574913, 1578139,
    1591780, 1623612, 1626776, 1639128, 1647424, 1663050, 1663485, 1664099, 1664795,
    1673072, 1674573, 1682148, 1684291, 1684777, 1686466, 1687869, 1690977, 1707515,
    1708932, 1719389, 1719712, 1732672, 1732858, 1740081, 1740227, 1742817, 1756813,
    1757516, 1759932, 1773792, 1778028, 1778748, 1785651, 1791373, 1791413, 1793780,
    1800807, 1801658, 1806421, 1809202, 1810930, 1812410, 1814937, 1818062, 1818066,
    1824727, 1838323, 1841172, 1843898, 1845832, 1849889, 1855124, 1863812, 1863923,
    1875579, 1877127, 1878027, 1879944, 1897509, 1908702, 1912678, 1914396, 1914467,
    1917030, 1918835, 1922965, 1924271, 1931180, 1931825, 1942493, 1944393, 1944579,
    1947718, 1952345, 1954070, 1956524, 1960411, 1966674, 1970797, 1971953, 1977034,
    1980592, 1985175, 2004269, 2007998, 2011438, 2022157, 2023061, 2025183, 2029721,
    2032098, 2034703, 2040864, 2051572, 2057072, 2062044, 2066744, 2067134, 2067681,
    2070577, 2075310, 2076654, 2080320, 2084321, 2084775, 2093238, 2099341, 2102152,
    2103328, 2115915, 2120094, 2123022, 2124843, 2127780, 2128077, 2135379, 2147332,
    2151773, 2161415, 2170392, 2186779, 2192925, 2195747, 2200228, 2202162, 2204982,
    2205108, 2208311, 2218395, 2220989, 2221802, 2233510, 2237540, 2241782, 2243364,
    2245282, 2250628, 2261391, 2263640, 2273069, 2274599, 2279967, 2285193, 2293338,
    2294891, 2308016, 2325123, 2325349, 2333668, 2336924, 2345475, 2347966, 2351407,
    2353082, 2356605, 2361978, 2363214, 2364206, 2366133, 2366558, 2378181, 2378657,
    2381653, 2383783, 2388594, 2399818, 2405259, 2432572, 2433437, 2434732, 2434926,
    2442159, 2443757, 2448644, 2457764, 2459652, 2460999, 2462820, 2464455, 2485375,
    2489692, 2489820]
  prime: 9999999967
type: mrnaseq
version: '0.2'
