class: sourmash_signature
email: titus@idyll.org
filename: SRR2060939_2.fastq.gz.trimnoV.fq.gz
name: house mouse
signatures:
- ksize: 16
  md5sum: 4616206f01274b4356624d0df6357137
  mins: [0, 9, 69, 123, 147, 576, 1114, 2416, 4119, 4406, 4545, 5139, 7125, 7128,
    7222, 8560, 9330, 10730, 10842, 11374, 11696, 13074, 15176, 18461, 19070, 19501,
    20544, 20633, 21062, 25711, 28444, 29864, 30652, 32166, 33036, 33265, 33448, 34058,
    34261, 37256, 38018, 42947, 43101, 43669, 45736, 46003, 46772, 47206, 48101, 50128,
    50228, 50731, 51314, 51901, 53069, 53793, 53891, 54167, 54970, 55783, 56676, 57075,
    57148, 58173, 58284, 61591, 62581, 63214, 63798, 64134, 64458, 64758, 65082, 66074,
    66205, 67205, 67875, 68170, 68673, 68801, 69347, 69872, 71326, 73454, 74129, 74479,
    75223, 75346, 76329, 76730, 76823, 77075, 78478, 79008, 80593, 80829, 81720, 83813,
    84471, 85981, 86683, 87563, 90576, 90756, 90784, 91968, 92090, 92551, 93548, 93792,
    94660, 94872, 95269, 95825, 95931, 97747, 98630, 100770, 102236, 103183, 103580,
    103588, 104709, 104982, 105327, 105706, 106797, 108642, 110252, 110648, 112213,
    113340, 114569, 114904, 115224, 115764, 116204, 116469, 116688, 118479, 118621,
    118894, 119348, 119602, 121487, 121772, 122964, 123402, 123629, 123841, 125376,
    125592, 128378, 130165, 132927, 133435, 134291, 134568, 135091, 135280, 136189,
    136230, 136484, 138331, 140035, 140271, 140283, 140969, 141509, 143216, 144170,
    146788, 148438, 149799, 150455, 151212, 151515, 151886, 151959, 154765, 155602,
    155667, 159210, 160023, 160547, 162316, 162323, 164695, 165378, 165560, 166769,
    167669, 167959, 169559, 170057, 170412, 171321, 172906, 175516, 176058, 177575,
    177597, 178128, 178660, 181666, 182701, 182723, 183268, 183596, 185011, 185837,
    188202, 189472, 189616, 190188, 190326, 191429, 192023, 192289, 192363, 193363,
    194155, 194764, 195733, 197643, 199292, 199806, 199807, 202392, 202483, 205237,
    207209, 208523, 208722, 212139, 213052, 214401, 215731, 216018, 217008, 221373,
    221602, 221751, 222140, 222503, 223280, 223983, 224387, 225324, 225652, 225660,
    226481, 227054, 227430, 227644, 228082, 228351, 229493, 231484, 232470, 233190,
    235247, 235795, 236281, 237704, 237751, 238871, 239044, 240421, 241137, 242322,
    242476, 243659, 245118, 246726, 248254, 249044, 249140, 250656, 251194, 251421,
    251555, 252598, 252735, 253728, 254143, 254258, 254701, 255363, 255657, 256041,
    256709, 257234, 258164, 258663, 261240, 261439, 261707, 261922, 262522, 262579,
    262823, 263131, 263317, 263804, 265499, 265592, 265605, 267392, 267398, 268256,
    268313, 268705, 269912, 270378, 270810, 271344, 273617, 273929, 274180, 275322,
    275381, 275763, 276928, 277112, 277127, 278609, 278843, 279529, 281265, 281547,
    283209, 283213, 283928, 285286, 285667, 287085, 287457, 288856, 291477, 291510,
    291913, 292933, 293215, 294060, 294668, 294943, 296017, 296631, 297657, 299670,
    301372, 302921, 303252, 304055, 304421, 304428, 304565, 305785, 306273, 306456,
    306584, 307359, 307583, 307726, 308245, 310411, 311184, 311492, 312929, 313074,
    313329, 313753, 314610, 314995, 317076, 318331, 319712, 320381, 321513, 322118,
    322885, 323489, 324633, 325972, 326128, 328095, 329802, 330416, 333337, 334020,
    334121, 334297, 335676, 337366, 337453, 337920, 339266, 340098, 340690, 343226,
    345492, 346428, 346894, 347093, 348535, 349933, 350045, 352304, 353221, 355067,
    357333, 358193, 359077, 359107, 359218, 359434, 361754, 362972, 364078, 366220,
    366452, 367458, 368515, 369313, 369570, 369790, 369875, 371017, 371026, 373225,
    373655, 374132, 374316, 375554, 376314, 376573, 377556, 377967, 378641, 381885,
    383396, 386694, 387117, 388811, 389025, 390967, 391334, 392367, 394628, 394754,
    395394, 397221, 398207, 399017, 399169, 400648, 401794, 403681, 404241, 404776,
    404900, 405845, 407401, 408640, 409266, 410201, 411257, 412697, 412907, 415286,
    415510, 417467, 418131, 419345, 420987, 421041, 421068, 421538, 421641, 422432,
    423481, 423556, 423662, 425317, 425630, 426381, 426444, 427147, 427402, 428594,
    431433, 431588, 431617, 431880, 432086, 432574, 433548, 434226, 434783]
  prime: 9999999967
- ksize: 22
  md5sum: 8982e90a8f3bb65efa627d1c914a9bde
  mins: [0, 359, 1062, 1108, 1114, 1897, 2485, 3257, 4914, 6249, 6355, 6571, 7050,
    7481, 7523, 9485, 10666, 11177, 11688, 12880, 13295, 13685, 14097, 15692, 15943,
    16354, 17820, 18178, 18217, 19523, 20016, 20051, 20354, 20680, 20803, 21344, 23776,
    23944, 24827, 25073, 25768, 26205, 27178, 28870, 31380, 31584, 32284, 35221, 36011,
    36185, 36191, 36287, 39842, 41479, 43653, 43930, 45144, 48719, 50832, 51132, 51393,
    51936, 52430, 53353, 53853, 55140, 55399, 55593, 56717, 58685, 60058, 60087, 60326,
    60560, 60800, 60872, 62932, 63747, 64121, 65313, 66167, 66747, 67305, 67524, 71070,
    71268, 71840, 71911, 72286, 72492, 73371, 76448, 76571, 77370, 78995, 79379, 80521,
    81047, 81634, 82584, 82940, 83225, 84539, 85159, 86454, 86609, 86679, 88039, 88224,
    90030, 91014, 91211, 91238, 92772, 93701, 96495, 96748, 97578, 98997, 99427, 100051,
    100246, 100893, 100937, 102999, 104337, 104677, 105426, 105816, 106556, 107726,
    109213, 111364, 111401, 113678, 114506, 115666, 116896, 118749, 119541, 119618,
    119919, 120950, 122357, 122647, 124270, 126002, 127748, 128260, 130252, 130337,
    130561, 131663, 132249, 132983, 135318, 135780, 135817, 136678, 141762, 141813,
    142202, 142220, 142261, 142508, 142760, 144446, 144752, 145231, 145803, 145961,
    146070, 147502, 147550, 148459, 150088, 150219, 151676, 152839, 153481, 154952,
    155479, 156160, 157745, 157990, 158073, 158604, 159214, 159272, 162895, 165559,
    165870, 166685, 167131, 167911, 169414, 169637, 169950, 170292, 171830, 172044,
    173571, 173607, 174056, 174649, 174805, 175164, 177408, 178298, 179022, 180758,
    181368, 182874, 183555, 185248, 186818, 187125, 187577, 187757, 189585, 190102,
    190386, 190472, 190626, 190963, 191132, 194117, 194321, 196413, 197874, 198084,
    199266, 199291, 199933, 200028, 200743, 201378, 201656, 202848, 204979, 205633,
    205697, 205722, 205919, 206016, 207485, 207534, 210328, 211772, 212746, 214107,
    214378, 215960, 216960, 217733, 218227, 219619, 221684, 222071, 222716, 222842,
    224214, 224547, 225357, 226278, 226591, 226606, 227477, 227547, 230550, 232633,
    232932, 233250, 234637, 234976, 235142, 236897, 237180, 237658, 239288, 240768,
    241137, 241924, 241947, 242035, 245571, 245604, 246192, 246614, 247222, 247979,
    249117, 249350, 249569, 250393, 251236, 251582, 251610, 253838, 258532, 259077,
    261325, 261736, 264854, 264927, 266980, 268288, 268879, 269331, 269752, 271065,
    271242, 273306, 274026, 274070, 274075, 275115, 275954, 278394, 278428, 278463,
    278675, 280251, 280309, 280926, 282083, 282696, 283421, 283466, 286493, 288239,
    288433, 288587, 290129, 290933, 291973, 292002, 292347, 292862, 293917, 294041,
    294516, 298039, 299462, 299783, 300473, 301541, 301877, 301914, 302768, 302898,
    302948, 302987, 303665, 305959, 308545, 308902, 309214, 309708, 312346, 312502,
    312639, 312949, 313673, 313716, 315092, 315877, 316291, 316371, 317369, 318689,
    318819, 319832, 321454, 323384, 323598, 325085, 327183, 329738, 330566, 331188,
    332343, 332395, 332599, 332822, 332995, 333179, 333431, 336961, 338174, 338342,
    338434, 338495, 341164, 341765, 342544, 342692, 346181, 346353, 346420, 347693,
    349232, 349554, 350177, 355014, 355172, 355931, 356333, 357350, 357737, 358232,
    358764, 359013, 360721, 362527, 362971, 363054, 363297, 363759, 363921, 364386,
    368282, 369484, 369945, 373461, 374585, 376234, 376956, 377441, 377632, 378285,
    378897, 379144, 379189, 380090, 380104, 382464, 383641, 384326, 385049, 385862,
    386033, 386534, 387482, 388024, 388607, 389923, 390655, 392603, 392969, 393249,
    394444, 395668, 395701, 396614, 399345, 399360, 399489, 400281, 400998, 401011,
    401068, 401708, 402939, 404807, 404840, 405193, 406095, 406190, 408660, 408702,
    408901, 412627, 414289, 415809, 416813, 418609, 422584, 423105, 424214, 424694,
    424983, 425081, 425789, 429340, 429497, 431816, 433486, 433896, 434164, 434271,
    435122, 436035, 436070, 436170, 437889, 438054, 438200, 438589, 439947]
  prime: 9999999967
- ksize: 31
  md5sum: f39ebcc48a37007fba8c96a50960a239
  mins: [134, 580, 1765, 2085, 2894, 3334, 6305, 6431, 7481, 8662, 9489, 9694, 10709,
    11057, 12012, 12938, 13217, 13523, 14654, 15028, 15374, 17085, 17371, 18156, 19686,
    20848, 21185, 21760, 22415, 22646, 22782, 24452, 25703, 26066, 26873, 28296, 29506,
    30911, 32111, 32524, 33202, 33318, 34566, 35195, 35577, 37858, 41810, 42051, 42295,
    42498, 42925, 44210, 45887, 46634, 48627, 49253, 50286, 50786, 52172, 52212, 52717,
    52843, 55386, 56498, 57712, 59860, 60250, 60715, 61587, 62258, 63265, 66611, 68412,
    69003, 70029, 70569, 71010, 72397, 74221, 74721, 76806, 77055, 77216, 77238, 79797,
    80210, 80299, 81974, 82284, 82491, 82532, 84955, 86195, 86559, 86968, 87101, 88528,
    88569, 88795, 91120, 91166, 91238, 91381, 91814, 93335, 94835, 94878, 96186, 97871,
    100022, 100621, 101191, 101318, 102539, 103272, 103304, 106059, 108043, 108523,
    108777, 109537, 109634, 109805, 109969, 110229, 111164, 112069, 112198, 113293,
    113534, 113707, 113901, 116709, 119094, 119241, 119380, 119862, 120543, 120568,
    120797, 122016, 122345, 122492, 123185, 123770, 125075, 125576, 126092, 126345,
    126407, 127826, 127962, 128527, 129169, 130811, 133728, 133859, 133906, 135232,
    136762, 137074, 137750, 138057, 138247, 139371, 140357, 142495, 143027, 143654,
    143676, 143720, 145009, 146138, 147847, 148102, 148585, 148842, 150092, 151290,
    151426, 152231, 152826, 154251, 154772, 156562, 156821, 157505, 157535, 158366,
    158470, 162730, 163453, 167093, 167827, 168297, 171338, 172687, 177062, 178421,
    178450, 178870, 179208, 180826, 184404, 186978, 187980, 188196, 188485, 190266,
    191622, 192128, 192518, 194960, 195285, 195647, 198073, 199313, 200589, 200696,
    201058, 201361, 203587, 206022, 207714, 207816, 209048, 209304, 209494, 210266,
    210742, 211898, 212573, 212629, 212773, 215683, 215764, 216570, 218812, 218938,
    218958, 218961, 220017, 222004, 223933, 224717, 224852, 226088, 226497, 227170,
    228294, 228407, 228507, 228614, 229705, 229976, 230545, 231337, 231765, 232188,
    233218, 233738, 235375, 235474, 235864, 236276, 237233, 237755, 238557, 240411,
    240583, 240734, 241531, 241534, 241590, 243091, 243613, 244540, 244883, 245445,
    245888, 246119, 246688, 247411, 247607, 248019, 252572, 254412, 254941, 256033,
    256462, 258754, 258791, 259219, 259420, 259568, 260703, 263316, 264695, 266344,
    267318, 268364, 269469, 269723, 270947, 270986, 272834, 274233, 275099, 276240,
    276384, 276982, 281414, 282340, 284759, 284788, 285312, 285797, 285943, 286394,
    287645, 288237, 288864, 290033, 290231, 290275, 291512, 292110, 293680, 294512,
    295981, 296851, 299322, 299966, 301634, 302548, 303422, 303732, 306253, 309121,
    310074, 312158, 312987, 313756, 314019, 314598, 315267, 316502, 316581, 320006,
    320061, 321579, 321731, 321777, 323058, 323645, 323790, 324725, 326256, 326314,
    326898, 326927, 327382, 329378, 329907, 330114, 330980, 331086, 333907, 333965,
    337729, 337756, 337870, 338749, 338827, 339186, 339860, 340174, 340702, 342797,
    342823, 343022, 343308, 343487, 343777, 343795, 346475, 347643, 350456, 351582,
    351937, 352041, 352215, 352582, 353367, 354348, 354705, 356697, 357042, 357939,
    358165, 358360, 358475, 358550, 361413, 361434, 362573, 362739, 363259, 363437,
    364774, 365698, 367215, 367458, 367630, 370288, 370803, 370837, 375916, 376754,
    376789, 377092, 377201, 377372, 378021, 379323, 379567, 379859, 382420, 382604,
    385690, 385970, 386409, 387809, 387899, 388311, 389576, 391635, 393537, 393604,
    394275, 396694, 397232, 397654, 398515, 399454, 399769, 400820, 401572, 403879,
    404071, 404903, 405250, 406206, 406237, 407194, 407942, 409925, 410851, 411796,
    412093, 413043, 414658, 415066, 415437, 415540, 415837, 416569, 417282, 417313,
    417492, 419946, 421325, 422235, 424441, 425883, 426014, 426996, 427106, 429141,
    430333, 431365, 431432, 431963, 432331, 432556, 432670, 433452, 434055, 434892,
    436222, 436712, 437100, 437605, 440572, 442299, 444021, 444134, 444429, 444862,
    446690]
  prime: 9999999967
- ksize: 32
  md5sum: 2ba3f09c7ebcfad6f2e6a6c62910b38f
  mins: [0, 219, 285, 1195, 3426, 4562, 6047, 9308, 10011, 10315, 11016, 11224, 11411,
    12550, 12927, 14196, 14780, 17699, 17734, 18149, 18704, 19003, 19721, 19722, 21126,
    21446, 21467, 22121, 22278, 22972, 24922, 25417, 25634, 25696, 26018, 26083, 27226,
    27281, 27437, 27543, 28075, 30016, 30402, 30554, 30768, 31729, 32186, 32317, 32658,
    32795, 34459, 34504, 35544, 36080, 36472, 36899, 38216, 38916, 39283, 39635, 40596,
    40635, 44192, 45799, 46435, 46620, 47560, 47783, 48336, 49278, 50551, 51040, 51660,
    52235, 52278, 53491, 53840, 54030, 54264, 56295, 57855, 58444, 59430, 59573, 59727,
    60468, 60858, 61232, 61421, 62013, 64007, 64107, 65347, 65696, 67558, 69405, 70607,
    70982, 71039, 71546, 74703, 75386, 76289, 76492, 77153, 77498, 78133, 78331, 78799,
    80353, 81251, 81624, 83434, 84007, 84115, 84317, 85668, 87425, 88722, 89005, 93146,
    93238, 94524, 95277, 95302, 96436, 96941, 97844, 98012, 98918, 99401, 99627, 99707,
    99780, 100169, 101240, 102382, 103027, 103630, 106779, 107657, 107817, 107857,
    108836, 109664, 114609, 114907, 115743, 118691, 120738, 121233, 121571, 122589,
    123143, 124405, 124698, 126244, 126844, 127362, 127771, 130170, 131845, 132696,
    133515, 133557, 137033, 137496, 138130, 140666, 141075, 141629, 142621, 145711,
    146064, 146224, 146376, 146589, 146795, 147809, 148024, 148579, 148641, 149265,
    149722, 150554, 150900, 151017, 151120, 151808, 152231, 153020, 153394, 155728,
    156067, 157494, 160031, 161135, 161604, 163146, 163427, 166704, 166911, 167302,
    167398, 167903, 168201, 168815, 169198, 169285, 169735, 171371, 171465, 172227,
    172343, 173644, 174922, 175395, 178782, 179576, 180763, 182110, 182117, 182209,
    182489, 182526, 184730, 185344, 187932, 188028, 189347, 191113, 191872, 192900,
    193254, 194395, 194407, 197012, 197098, 197976, 198602, 199886, 201906, 202043,
    202084, 202579, 205412, 206380, 207220, 207822, 208904, 209053, 209421, 210442,
    210916, 212277, 212878, 214579, 217013, 220287, 220969, 222296, 222587, 222982,
    223161, 223203, 224722, 225856, 227041, 227813, 228262, 229157, 231528, 232901,
    233413, 233760, 234645, 235305, 235488, 236156, 236866, 238488, 238518, 239393,
    242329, 243625, 243657, 244028, 244256, 244555, 244970, 245874, 246275, 246805,
    247884, 248154, 250344, 251528, 251874, 252102, 254438, 254969, 256126, 257375,
    257411, 258016, 258601, 260479, 261613, 261839, 261991, 264129, 264292, 265453,
    265470, 266077, 266122, 266221, 267097, 267214, 267288, 267456, 268846, 269275,
    269712, 272195, 272241, 273042, 273583, 276741, 277612, 277974, 278675, 278772,
    280113, 281730, 282939, 284414, 285018, 286543, 287950, 290171, 290754, 291682,
    292605, 293389, 294236, 294397, 295437, 296875, 298141, 300802, 301224, 302857,
    304372, 305691, 306231, 308221, 312893, 312902, 313947, 314313, 314652, 314758,
    314975, 315537, 316089, 316730, 318593, 318801, 320974, 322092, 322599, 322875,
    324919, 326507, 328206, 331624, 331778, 331786, 334016, 334972, 335788, 336649,
    337835, 338259, 339074, 339222, 339929, 339952, 341942, 342081, 343096, 343813,
    344153, 344223, 345058, 345722, 345928, 347389, 350931, 351093, 351800, 351845,
    355667, 356760, 359998, 360270, 360493, 361186, 362752, 363637, 364864, 366566,
    366658, 367442, 368395, 368597, 368873, 369108, 371002, 371244, 372538, 372748,
    373175, 373513, 376821, 376826, 376870, 378180, 378362, 379544, 380263, 382810,
    383275, 383974, 387170, 387313, 389511, 390931, 391085, 391093, 393577, 393916,
    394991, 395478, 396533, 396762, 398024, 398049, 398131, 404922, 405140, 405182,
    406136, 409099, 409295, 409340, 410679, 412083, 412510, 412837, 413480, 413846,
    413994, 415363, 415450, 416765, 419473, 419615, 421305, 422020, 424102, 425296,
    425566, 426055, 426153, 429708, 430840, 431904, 432336, 432745, 433989, 435058,
    435732, 436524, 437065, 437794, 438442, 438715, 439987, 440888, 441443, 442219,
    442312, 442572, 444139, 445963, 446408, 447054, 447153]
  prime: 9999999967
type: mrnaseq
version: '0.2'
