class: sourmash_signature
email: titus@idyll.org
filename: SRR2255622_1.fastq.gz.trimnoV.fq.gz
name: disease mouse
signatures:
- ksize: 16
  md5sum: b571a0058a0c8f48311935b6f53e01c0
  mins: [0, 1114, 1206, 3397, 18461, 24045, 34261, 38018, 41500, 42787, 54167, 54911,
    61591, 62537, 62621, 63214, 64134, 65082, 69347, 73454, 83813, 88075, 102236,
    103588, 104415, 105196, 108384, 108642, 109392, 126591, 135594, 136230, 137752,
    140271, 140692, 143998, 151515, 160547, 177575, 181552, 182810, 185011, 185267,
    189472, 192023, 192297, 192363, 198051, 204305, 204338, 208523, 215609, 215731,
    223280, 225193, 228211, 232070, 232470, 234904, 244083, 244347, 248254, 249044,
    252824, 255657, 261000, 262579, 268705, 275219, 275381, 279095, 290341, 290905,
    296017, 297328, 301006, 304421, 305785, 312149, 319336, 321520, 325301, 337453,
    338829, 339057, 339266, 349933, 356102, 357053, 361346, 362156, 365007, 371838,
    371944, 380025, 397807, 410672, 421041, 421538, 431433, 432086, 432749, 433548,
    436412, 437068, 445708, 453620, 456230, 457188, 463034, 463382, 477743, 492835,
    494709, 498357, 500423, 505626, 506571, 510362, 511262, 511928, 514007, 514351,
    518351, 525167, 527059, 532404, 557240, 565391, 566937, 567086, 569020, 578811,
    582744, 591978, 595349, 601320, 602759, 604212, 605201, 606990, 611027, 611880,
    615401, 620401, 624298, 624760, 625952, 630560, 636007, 641122, 644293, 653390,
    655985, 664658, 669166, 672866, 677649, 679776, 689410, 690488, 692726, 695086,
    698966, 716972, 717076, 719310, 719703, 722650, 726006, 732772, 735662, 740663,
    748146, 752649, 761869, 766906, 775121, 776717, 778474, 779049, 779293, 810283,
    813727, 814589, 832050, 834114, 842926, 844617, 857818, 857863, 862317, 879945,
    882112, 885579, 888388, 911159, 911660, 916759, 918506, 919476, 920191, 927672,
    928572, 933294, 934562, 941646, 954160, 957299, 957633, 958152, 975385, 983015,
    984282, 993599, 994497, 1003342, 1017934, 1018489, 1019274, 1020560, 1022564,
    1029412, 1041223, 1050770, 1056634, 1057005, 1060889, 1063107, 1081161, 1102770,
    1109685, 1111583, 1120420, 1121243, 1121310, 1126936, 1128894, 1130161, 1138392,
    1141199, 1141937, 1143263, 1145954, 1146209, 1148205, 1154403, 1157314, 1157932,
    1159587, 1159982, 1162761, 1165233, 1168509, 1168696, 1186567, 1193303, 1193815,
    1197493, 1198395, 1201329, 1204316, 1210982, 1211139, 1215226, 1217759, 1224383,
    1226417, 1229117, 1232813, 1233779, 1244330, 1248627, 1253032, 1255112, 1256362,
    1256371, 1265305, 1265449, 1266212, 1266735, 1272654, 1282539, 1286231, 1290083,
    1293036, 1293618, 1295971, 1299244, 1300916, 1317487, 1324050, 1325264, 1326074,
    1326378, 1330480, 1337353, 1353270, 1354899, 1356074, 1357138, 1363368, 1369461,
    1376868, 1378484, 1379435, 1381248, 1381525, 1384313, 1384996, 1390445, 1392605,
    1396442, 1396512, 1397903, 1402587, 1404465, 1408356, 1412124, 1418078, 1423028,
    1425040, 1431046, 1432550, 1452762, 1457629, 1462526, 1463310, 1464716, 1465288,
    1467686, 1468713, 1469629, 1472546, 1489375, 1492718, 1497319, 1503092, 1507545,
    1509502, 1512076, 1512788, 1527788, 1539359, 1544918, 1553292, 1561752, 1563722,
    1567692, 1570154, 1571466, 1574791, 1578874, 1580511, 1598289, 1603904, 1604375,
    1605552, 1619534, 1622784, 1624488, 1625319, 1634374, 1638398, 1645272, 1645601,
    1650732, 1657188, 1662418, 1669192, 1680242, 1685700, 1692311, 1693126, 1693818,
    1698178, 1706923, 1711661, 1713422, 1725598, 1729070, 1730385, 1732603, 1732821,
    1747083, 1751686, 1757355, 1772014, 1775347, 1780162, 1783315, 1787302, 1791564,
    1799520, 1804410, 1809968, 1809976, 1810092, 1823935, 1829454, 1832915, 1837231,
    1844179, 1844779, 1846019, 1850537, 1856489, 1858383, 1872113, 1878824, 1883330,
    1892282, 1893958, 1894268, 1899579, 1902483, 1905385, 1906260, 1908685, 1911050,
    1913285, 1915444, 1920294, 1925111, 1927069, 1934784, 1939424, 1944407, 1947561,
    1949297, 1952050, 1956210, 1958360, 1961723, 1964098, 1972034, 1982663, 1985381,
    1993661, 1995533, 1998339, 2005032, 2015189, 2017398, 2019415, 2026964, 2028884,
    2029747, 2038241, 2038588, 2041740, 2041861, 2043763, 2050585, 2057483, 2062574,
    2063045, 2066313, 2082283, 2085602, 2089869, 2090891, 2091450, 2094491, 2096358,
    2099712, 2102482, 2109669, 2109949, 2110096, 2114399, 2116324, 2116547, 2119668,
    2124540, 2124895, 2143403, 2148433, 2162859, 2177271, 2177558, 2182925, 2187532,
    2190921, 2193586, 2195307, 2196590, 2199100, 2200287, 2204807, 2205599, 2212040,
    2215358, 2220764, 2226979, 2233314, 2234668, 2236604, 2243818, 2248451]
  prime: 9999999967
- ksize: 22
  md5sum: 39b1597ab6843ee10920d2ca45c29f91
  mins: [0, 2789, 10816, 14924, 15943, 18217, 19523, 20803, 21838, 24827, 25999, 33281,
    34041, 35221, 36185, 43497, 45144, 50981, 54645, 56600, 59092, 60872, 63747, 65774,
    67524, 73371, 73830, 79807, 81634, 82584, 87386, 91109, 91449, 100246, 107719,
    114100, 114270, 116145, 125589, 130252, 131663, 132983, 136678, 143507, 157990,
    165870, 174649, 188003, 190626, 199266, 201378, 201948, 202848, 203848, 206155,
    207534, 214378, 217297, 222716, 223987, 231906, 233250, 237754, 244922, 245347,
    245604, 246194, 249240, 257098, 259077, 267564, 269331, 271216, 278463, 289939,
    290144, 291973, 298039, 298998, 300431, 301877, 302987, 308902, 310644, 312949,
    314078, 315768, 354733, 356354, 359013, 360721, 363759, 364365, 367191, 383028,
    392279, 392969, 397981, 400281, 402939, 404807, 405877, 416813, 419077, 431816,
    433486, 436035, 436170, 437471, 438593, 452285, 452684, 453974, 461066, 467985,
    470780, 475625, 477099, 486087, 488501, 491384, 507929, 509038, 514624, 520326,
    520539, 528369, 529227, 532637, 532705, 535767, 548334, 551411, 554578, 585748,
    591444, 591747, 594928, 599753, 602217, 603121, 606259, 614596, 615757, 616972,
    619654, 622881, 629060, 632528, 634518, 638675, 640040, 646477, 647179, 667703,
    669554, 680018, 682441, 691383, 692446, 694224, 698010, 700398, 704951, 712245,
    715971, 721279, 723060, 725316, 736187, 738488, 738758, 744285, 749606, 750061,
    758169, 763968, 764151, 766975, 776861, 778459, 778855, 782031, 786803, 788925,
    790285, 791945, 794998, 797421, 803594, 816066, 816084, 817965, 820118, 824035,
    824060, 841016, 846767, 854448, 859439, 861307, 868574, 884421, 886053, 887835,
    887977, 890586, 904572, 910117, 911739, 914131, 917988, 922824, 944497, 945018,
    946551, 949411, 949712, 950628, 950681, 951406, 951821, 954411, 961208, 962205,
    966838, 981802, 984491, 991549, 991621, 992719, 996016, 1008418, 1028297, 1028754,
    1039540, 1062667, 1070887, 1079747, 1079857, 1090804, 1099926, 1100710, 1105104,
    1109757, 1118707, 1121326, 1131832, 1133426, 1137166, 1148095, 1148482, 1151577,
    1152014, 1156912, 1158461, 1160098, 1176389, 1177386, 1177853, 1181308, 1184492,
    1185107, 1188627, 1191857, 1197926, 1198620, 1201338, 1201479, 1207350, 1210714,
    1212490, 1218279, 1221255, 1225043, 1226998, 1227369, 1236558, 1239022, 1239497,
    1249947, 1250928, 1258091, 1261384, 1263360, 1265545, 1265595, 1266074, 1266808,
    1267560, 1277415, 1277992, 1283467, 1284495, 1285527, 1286326, 1286529, 1287745,
    1298322, 1306894, 1313199, 1313616, 1316473, 1322700, 1324855, 1326887, 1327456,
    1330529, 1334344, 1338118, 1340880, 1345692, 1352633, 1355128, 1356205, 1358737,
    1360480, 1360515, 1361131, 1362955, 1365229, 1369520, 1370095, 1372924, 1375960,
    1391696, 1402350, 1402798, 1404174, 1405056, 1405312, 1409745, 1412973, 1421387,
    1426489, 1428205, 1429380, 1431250, 1431665, 1440711, 1447554, 1452814, 1457715,
    1468796, 1479427, 1482158, 1489269, 1489775, 1491010, 1492570, 1512485, 1514687,
    1515478, 1524724, 1528090, 1529226, 1534762, 1537291, 1541967, 1542794, 1546931,
    1547221, 1554495, 1554810, 1556792, 1562454, 1563610, 1580384, 1583953, 1587699,
    1588375, 1591825, 1595330, 1596376, 1598307, 1602053, 1603114, 1605770, 1607023,
    1608968, 1619034, 1619843, 1620688, 1621192, 1639504, 1641757, 1646176, 1646656,
    1646817, 1649881, 1654638, 1658611, 1658698, 1664981, 1668179, 1673717, 1675003,
    1677033, 1682117, 1705410, 1705943, 1717905, 1729560, 1739790, 1742593, 1742735,
    1748389, 1751898, 1756358, 1760144, 1762044, 1762509, 1771563, 1771616, 1786018,
    1803961, 1806284, 1813437, 1814707, 1815095, 1818521, 1824594, 1826557, 1829351,
    1829471, 1832883, 1835227, 1835239, 1835617, 1838136, 1846836, 1851650, 1853338,
    1854723, 1860739, 1869027, 1874469, 1881040, 1886846, 1894962, 1914262, 1915496,
    1915742, 1927002, 1933188, 1935120, 1938585, 1942797, 1944786, 1951978, 1952100,
    1972389, 1976995, 1980789, 1990396, 1994580, 1996074, 2004573, 2004951, 2013505,
    2015349, 2039666, 2039731, 2042228, 2049052, 2049626, 2051149, 2051337, 2051480,
    2060950, 2061985, 2063642, 2067531, 2069881, 2076465, 2082100, 2085009, 2092807,
    2102597, 2103481, 2103839, 2104304, 2105071, 2111852, 2116842, 2122236, 2136622,
    2147254, 2147486, 2155546, 2160891, 2168745, 2169067, 2170208, 2173591, 2178668,
    2181309, 2184267, 2185439, 2189799]
  prime: 9999999967
- ksize: 31
  md5sum: a3a87c5c25af575c3660681c0c0ae4ab
  mins: [24427, 24452, 26066, 32111, 32524, 45887, 50786, 54220, 59860, 62258, 62413,
    71052, 76297, 82491, 86559, 94878, 97871, 103304, 109805, 113901, 114552, 115787,
    116230, 122492, 127962, 133064, 133906, 138071, 138883, 146138, 146696, 151426,
    152826, 163511, 165362, 178615, 178806, 183942, 186978, 188308, 195280, 204366,
    220299, 227047, 227170, 227888, 228507, 229705, 229976, 236276, 244883, 247013,
    248532, 252572, 256462, 258822, 261741, 272999, 273034, 284316, 284759, 294589,
    296364, 303732, 308528, 312158, 317128, 320006, 321777, 337794, 341868, 355159,
    355200, 356804, 358360, 361425, 367037, 367205, 370365, 379567, 388676, 397654,
    400306, 403385, 405368, 406618, 411451, 413043, 420928, 428716, 437185, 444134,
    452819, 455408, 458931, 460664, 462964, 463092, 475091, 479643, 480050, 485371,
    486976, 491034, 493944, 495547, 498752, 500101, 500279, 502952, 512618, 514223,
    515186, 515906, 526146, 526496, 526614, 533650, 535343, 540566, 556284, 558440,
    581643, 584376, 591407, 595477, 596705, 601751, 606484, 609786, 617859, 617984,
    629570, 639489, 641891, 647038, 647846, 648441, 649121, 649550, 655248, 656472,
    662863, 664980, 669432, 673268, 674310, 675962, 682421, 683149, 684379, 688107,
    699421, 704082, 704929, 718741, 722612, 737934, 739986, 748338, 750808, 755828,
    757541, 759187, 761772, 768742, 770029, 771085, 772052, 776677, 780458, 780557,
    792483, 793184, 793322, 793679, 795586, 795876, 796341, 796782, 804844, 809203,
    821945, 826899, 828672, 830329, 831392, 835968, 848596, 857020, 862329, 878851,
    879651, 889042, 890461, 892613, 906723, 910755, 916251, 917455, 931028, 931973,
    934397, 935359, 938506, 939066, 943779, 944452, 945357, 946134, 961566, 970442,
    973532, 975286, 984712, 988016, 993659, 1002774, 1008295, 1025376, 1026962, 1029085,
    1029525, 1031887, 1032364, 1041761, 1044886, 1047182, 1059534, 1069692, 1071898,
    1075904, 1085503, 1089469, 1091841, 1092294, 1095121, 1096505, 1097815, 1109288,
    1111818, 1116788, 1118971, 1119286, 1126566, 1127327, 1134430, 1140878, 1144895,
    1155111, 1162893, 1166231, 1174661, 1186733, 1190538, 1204184, 1208604, 1210690,
    1222789, 1228164, 1228248, 1243327, 1248646, 1262695, 1267056, 1268158, 1268639,
    1284571, 1285593, 1286538, 1287976, 1290381, 1296304, 1301266, 1303676, 1309109,
    1309384, 1311932, 1317981, 1320713, 1328605, 1343162, 1352212, 1353276, 1356935,
    1391396, 1395471, 1406667, 1414629, 1418738, 1421056, 1421492, 1425056, 1428241,
    1428540, 1433634, 1440698, 1449952, 1456516, 1466596, 1474412, 1483478, 1483728,
    1484367, 1486434, 1497334, 1509608, 1511170, 1513998, 1516958, 1524672, 1530503,
    1533684, 1538637, 1550514, 1551834, 1554685, 1557693, 1558385, 1560560, 1566535,
    1567153, 1572266, 1580941, 1583211, 1585256, 1585831, 1585968, 1593949, 1596335,
    1599113, 1608553, 1616237, 1617971, 1618442, 1621407, 1625357, 1627140, 1628436,
    1637159, 1638500, 1638722, 1642171, 1644842, 1648014, 1649887, 1652649, 1656070,
    1656466, 1656712, 1672789, 1673643, 1677416, 1685319, 1688343, 1691389, 1701471,
    1703793, 1705255, 1705485, 1706552, 1710187, 1733467, 1739820, 1743546, 1743689,
    1748460, 1753961, 1757491, 1760397, 1761844, 1763238, 1773096, 1777178, 1785056,
    1786305, 1798192, 1800207, 1800692, 1802755, 1818887, 1819140, 1823257, 1834072,
    1835022, 1840282, 1841037, 1845012, 1850946, 1859499, 1867961, 1876146, 1876906,
    1877757, 1894430, 1896764, 1901013, 1904724, 1909334, 1909899, 1913924, 1915184,
    1915407, 1915595, 1926271, 1935809, 1939751, 1941275, 1942393, 1950935, 1953011,
    1954121, 1959950, 1962223, 1962233, 1982177, 1984352, 1984802, 1988829, 2001289,
    2002950, 2003816, 2006478, 2007544, 2007730, 2008652, 2009931, 2018955, 2021405,
    2023384, 2031215, 2034011, 2034576, 2042365, 2046418, 2050772, 2052720, 2056861,
    2056865, 2061611, 2062198, 2063163, 2067786, 2073018, 2075485, 2080199, 2082638,
    2083529, 2091787, 2096623, 2112506, 2115561, 2121470, 2128190, 2128435, 2132248,
    2136058, 2136346, 2136383, 2139443, 2140557, 2150833, 2152918, 2158538, 2158794,
    2162032, 2166581, 2171840, 2174965, 2179097, 2183351, 2189005, 2192896, 2194720,
    2201242, 2201567, 2201693, 2202651, 2205784, 2207045, 2210516, 2219930, 2220285,
    2231553, 2233839, 2236172, 2259737, 2259842, 2263063, 2269979, 2282218, 2282770,
    2284101, 2285060, 2287671, 2291592, 2292864, 2296179, 2296534, 2299846]
  prime: 9999999967
- ksize: 32
  md5sum: a60e99b15df94ebd31c97fd4dbbdde59
  mins: [0, 3488, 10315, 13967, 18704, 18716, 24651, 28986, 31264, 34433, 36472, 44192,
    49837, 53619, 53720, 62195, 67838, 73702, 76289, 78331, 80274, 84094, 92710, 95302,
    96941, 98012, 100169, 101240, 104727, 106452, 114509, 115758, 118758, 126244,
    127362, 134407, 144711, 150554, 155456, 158962, 159299, 160855, 165681, 167398,
    169198, 172343, 174402, 191113, 204380, 215524, 220968, 222982, 224722, 228262,
    230681, 233413, 235305, 236866, 238488, 243350, 243625, 259549, 266122, 267214,
    274323, 278675, 283330, 284414, 285018, 293778, 293974, 301999, 305691, 308293,
    312902, 320974, 322875, 325977, 329191, 333303, 336649, 344117, 345928, 348199,
    351845, 365117, 365785, 367234, 371738, 372895, 373513, 393916, 395225, 399427,
    399471, 406810, 408635, 418093, 425217, 440487, 441897, 449262, 449855, 453181,
    457206, 458300, 464718, 483999, 485059, 490088, 492998, 493401, 495540, 503030,
    506879, 508814, 512193, 514506, 515085, 529830, 530895, 532195, 536786, 539159,
    542557, 542822, 543339, 555844, 559613, 563401, 564895, 568778, 568870, 570112,
    570126, 574050, 575625, 575891, 592716, 595648, 598043, 603983, 604376, 604775,
    607723, 614132, 614755, 624185, 624254, 625153, 631601, 635150, 635741, 636324,
    641864, 648091, 650086, 653404, 663022, 664620, 666411, 667017, 667445, 672408,
    673886, 678572, 687367, 687955, 698432, 717910, 722109, 735523, 739568, 744345,
    754741, 756230, 762752, 764376, 776285, 790163, 798094, 798096, 808339, 811369,
    812239, 820812, 825157, 826087, 830281, 831509, 833306, 836973, 837050, 838164,
    838481, 843913, 861787, 865809, 870223, 870359, 876720, 880100, 881933, 886482,
    896907, 902781, 906686, 906690, 911315, 921722, 927664, 929063, 931593, 932534,
    933244, 938545, 942248, 951714, 952690, 956299, 956958, 961510, 963131, 968111,
    977858, 985601, 989122, 989872, 991986, 994110, 1002233, 1002290, 1005502, 1022667,
    1027461, 1031522, 1041360, 1042000, 1043148, 1043359, 1048043, 1049461, 1051288,
    1058280, 1063912, 1064368, 1065119, 1066746, 1067239, 1077381, 1081773, 1082327,
    1083533, 1083910, 1089856, 1097815, 1104780, 1105385, 1106668, 1112494, 1112542,
    1114804, 1123616, 1127003, 1130732, 1136732, 1144951, 1148105, 1148575, 1151302,
    1154178, 1158180, 1162337, 1171117, 1174552, 1177217, 1177547, 1178150, 1192283,
    1196476, 1199289, 1201718, 1202624, 1219593, 1220641, 1220846, 1222125, 1222981,
    1230707, 1239589, 1242299, 1247048, 1248331, 1249958, 1251805, 1252066, 1260628,
    1261331, 1271564, 1274814, 1280210, 1281531, 1290701, 1292654, 1296121, 1301235,
    1309517, 1320747, 1323053, 1327952, 1330380, 1340446, 1342204, 1351300, 1356088,
    1359905, 1369391, 1384606, 1386761, 1391813, 1396204, 1410303, 1414956, 1417946,
    1426194, 1429596, 1434408, 1436893, 1442339, 1448259, 1451627, 1452407, 1458975,
    1460025, 1472469, 1479974, 1486259, 1498602, 1502593, 1510061, 1513517, 1515970,
    1517482, 1521910, 1527873, 1540929, 1542938, 1551778, 1558666, 1563917, 1565899,
    1583083, 1590148, 1590860, 1595033, 1603547, 1612899, 1615486, 1617337, 1623612,
    1629255, 1630019, 1631135, 1637005, 1639458, 1642491, 1652196, 1653861, 1659185,
    1660219, 1664795, 1664925, 1670751, 1673672, 1682372, 1684303, 1684777, 1694108,
    1698289, 1702800, 1707010, 1707515, 1708192, 1717605, 1720972, 1722888, 1724401,
    1730468, 1740617, 1743277, 1747867, 1751532, 1761059, 1769062, 1771669, 1776314,
    1778018, 1778028, 1784372, 1785283, 1799975, 1827049, 1832743, 1834401, 1835534,
    1835794, 1837288, 1840476, 1841914, 1841947, 1848725, 1849889, 1850508, 1859872,
    1860349, 1862370, 1862452, 1863658, 1863812, 1871068, 1872546, 1875714, 1877861,
    1878594, 1879145, 1879334, 1895949, 1896945, 1897509, 1902333, 1908535, 1912678,
    1917030, 1919250, 1921336, 1924271, 1925296, 1926553, 1939062, 1941368, 1942471,
    1943100, 1947363, 1947718, 1970847, 1971953, 1972728, 1974863, 1975279, 1985123,
    1987728, 1997128, 2001708, 2007249, 2012154, 2015433, 2022157, 2023781, 2025183,
    2039137, 2040601, 2048232, 2051441, 2053659, 2054870, 2057072, 2059386, 2062377,
    2065413, 2067883, 2080319, 2082264, 2083735, 2087867, 2087978, 2096144, 2097878,
    2104773, 2111467, 2112255, 2115915, 2122465, 2123560, 2124437, 2125857, 2126461,
    2127780, 2131617, 2134673, 2135379, 2137881, 2144048, 2151365, 2175518, 2176309,
    2187977, 2190346, 2190652, 2193921, 2193964]
  prime: 9999999967
type: mrnaseq
version: '0.2'
