class: sourmash_signature
email: titus@idyll.org
filename: SRR2241509_1.fastq.gz.trimnoV.fq.gz
name: disease mouse
signatures:
- ksize: 16
  md5sum: d44c78264d72bde4eb6ac1615cb9b55d
  mins: [0, 69, 147, 1114, 1206, 1853, 3021, 3060, 3788, 4119, 4545, 6251, 6498, 8548,
    8777, 9330, 10024, 10252, 10842, 10856, 11374, 11696, 12332, 14461, 17056, 17828,
    17903, 18461, 21459, 21503, 23998, 24045, 25844, 32674, 33265, 33542, 34145, 34261,
    36601, 37200, 38109, 38151, 39067, 42687, 45736, 46003, 46378, 50731, 51289, 53757,
    54167, 55295, 55578, 55633, 56563, 57148, 61451, 61591, 62621, 62851, 63214, 63798,
    64134, 65082, 65084, 68170, 68675, 68739, 68801, 69347, 71326, 72068, 73454, 75928,
    76460, 76730, 76929, 77075, 79170, 83813, 85230, 85436, 85981, 86528, 88436, 89151,
    90756, 91967, 92551, 93754, 93928, 94900, 94948, 96007, 96045, 96313, 96327, 96478,
    98333, 100770, 101047, 101272, 102236, 103362, 103588, 104709, 105196, 108384,
    108642, 109829, 110372, 111150, 114904, 114990, 115764, 116204, 116936, 118316,
    118894, 119871, 121772, 123629, 123901, 124869, 125376, 125592, 126367, 129190,
    133211, 133326, 133435, 134291, 135594, 136230, 137752, 139565, 140035, 140271,
    140692, 140969, 143370, 143998, 144170, 150949, 151000, 151515, 152765, 155557,
    155614, 157131, 158767, 162484, 163291, 163562, 164448, 165284, 165378, 165555,
    165744, 168099, 168429, 169651, 170057, 170254, 170412, 176994, 177963, 179288,
    179620, 181666, 182254, 182701, 184109, 185011, 189472, 189863, 190326, 192023,
    192289, 192297, 193001, 193945, 194155, 194931, 195678, 196327, 198525, 200502,
    202392, 204338, 205237, 205689, 208523, 211673, 212862, 213492, 213795, 214545,
    215138, 215312, 215731, 217008, 217615, 218300, 219514, 220751, 221926, 222140,
    223280, 224387, 225193, 225652, 226007, 226321, 226481, 226965, 227054, 228082,
    228211, 229812, 231386, 231484, 232070, 232470, 234904, 235502, 236281, 237671,
    238781, 240003, 244083, 245516, 246726, 248254, 248744, 249044, 249374, 251421,
    252462, 252598, 252735, 253268, 254202, 255657, 255695, 256507, 256709, 257234,
    257314, 257631, 257887, 261000, 261439, 261707, 262522, 262579, 263061, 263086,
    263131, 265456, 265641, 266718, 267392, 267896, 267973, 268705, 269128, 269841,
    270378, 270400, 271026, 271670, 273929, 275322, 275381, 276235, 278609, 279668,
    281415, 281547, 282792, 285286, 287510, 290358, 290905, 291050, 291477, 292825,
    294060, 295439, 296017, 297657, 297990, 298716, 300162, 301372, 302921, 305785,
    306079, 306308, 306584, 307120, 308245, 308295, 308929, 309818, 310097, 311104,
    311262, 311451, 312149, 315822, 315962, 319970, 320796, 321520, 324633, 325301,
    325972, 327154, 330416, 330856, 331602, 333301, 334343, 334481, 335332, 335676,
    336555, 337366, 337453, 339057, 339139, 339266, 345284, 346082, 348837, 349687,
    349933, 350045, 352135, 354882, 355067, 355857, 357333, 358193, 358501, 359107,
    359218, 359951, 361346, 361579, 361689, 361754, 363405, 365007, 365261, 366140,
    366208, 366579, 367118, 367985, 369420, 369570, 369624, 370222, 371026, 371944,
    371950, 372650, 373059, 373655, 373690, 374316, 375204, 376566, 377967, 380025,
    381885, 382850, 382997, 383423, 384465, 384818, 386630, 388430, 392897, 393643,
    394365, 395210, 396195, 396499, 398181, 398522, 399169, 403681, 404083, 407256,
    410516, 410672, 412313, 413995, 415286, 415933, 416141, 419723, 420908, 421538,
    423556, 425829, 426474, 426575, 426658, 427253, 428188, 428390, 430420, 432574,
    432749, 433034, 433379, 433548, 433948, 434029, 435015, 435779, 436295, 436412,
    436594, 437068, 438104, 438466, 439017, 440290, 440658, 441891, 445999, 446425,
    449338, 449413, 451265, 453620, 454388, 455257, 455735, 456230, 457425, 459444,
    460399, 463034, 463382, 464814, 468203, 468294, 468497, 469636, 470135, 470821,
    472140, 475067, 476215, 476434, 477743, 477871, 477892, 478325, 480493, 481302,
    482199, 484302, 484420, 484590, 484718, 485147, 485662, 485934, 486459, 487016,
    489380, 490235, 491577, 492835, 493306, 496083, 498809, 501456, 501468, 502083,
    502103, 503199, 504020, 504831, 505626, 506015, 508148, 509046, 509050, 510362,
    511262, 511928]
  prime: 9999999967
- ksize: 22
  md5sum: ea069c29f57f191d7042c506280f7fca
  mins: [0, 776, 1062, 1813, 1897, 3257, 4914, 5476, 6355, 7481, 8922, 10816, 11446,
    12867, 12880, 13685, 14097, 14924, 15246, 15295, 15799, 15943, 16564, 16837, 17788,
    17820, 18178, 18217, 18941, 19523, 20354, 20803, 22326, 22959, 24711, 24827, 25802,
    27178, 28806, 28870, 29265, 30404, 30810, 31215, 32258, 33281, 33309, 33940, 36185,
    38491, 38769, 39052, 39327, 39677, 40573, 40955, 41380, 43330, 43653, 44080, 44482,
    45144, 45881, 47630, 50242, 50966, 51211, 52800, 53353, 53781, 53809, 53853, 54645,
    55140, 55801, 57767, 57777, 59092, 60087, 60326, 60800, 63603, 63747, 66207, 66500,
    66611, 66747, 67524, 68228, 69401, 70871, 72286, 72360, 72440, 72630, 73371, 73830,
    76580, 77690, 79660, 81634, 82584, 83339, 83494, 84613, 86454, 86609, 88224, 88342,
    88413, 90798, 90842, 92129, 92772, 93330, 95620, 95998, 96748, 96835, 99371, 100246,
    100633, 100937, 102629, 107409, 108915, 109021, 111119, 111685, 114100, 114506,
    115661, 118828, 119255, 119540, 119541, 119867, 120126, 120861, 121574, 122261,
    122926, 123646, 124534, 125314, 128179, 128368, 131663, 132983, 133543, 133597,
    134244, 134428, 136678, 137574, 139386, 140130, 141157, 141229, 141259, 141762,
    141999, 142008, 142220, 143507, 143661, 147094, 147550, 148229, 148459, 150088,
    150219, 151634, 151676, 155269, 155733, 156232, 157376, 157990, 158617, 158916,
    159214, 159533, 160329, 160530, 161543, 161671, 162976, 164586, 165870, 166968,
    167820, 167911, 168042, 169292, 169414, 169918, 169950, 174031, 174649, 174711,
    175177, 175369, 175605, 175951, 177520, 177536, 180410, 180580, 181997, 183555,
    183656, 184481, 185171, 185248, 185842, 186051, 186506, 187273, 187791, 188003,
    189414, 189486, 190408, 190472, 190619, 190626, 192371, 192950, 194745, 196413,
    197522, 197874, 198084, 198153, 199109, 199266, 199291, 199390, 201378, 202365,
    202848, 203040, 203805, 205633, 205697, 206155, 207078, 207485, 207534, 208381,
    210496, 211286, 211523, 214378, 214782, 216960, 217763, 217844, 218227, 220898,
    221684, 222246, 222716, 222976, 223085, 224441, 226278, 230868, 231906, 233332,
    235142, 237341, 237658, 239346, 239570, 240904, 241341, 241924, 244358, 244381,
    245001, 245262, 245571, 245604, 246194, 247350, 248157, 248222, 251366, 251610,
    251770, 251980, 255028, 255383, 255792, 257098, 257739, 258323, 259077, 259422,
    259481, 261325, 262768, 263109, 263404, 264619, 264733, 265454, 267085, 268941,
    269298, 269654, 270153, 271065, 272521, 273306, 274572, 278394, 278463, 279048,
    279375, 280509, 281242, 282608, 283252, 283815, 284171, 289939, 290144, 291354,
    291651, 291973, 292347, 293232, 293875, 294041, 294461, 294786, 298039, 300274,
    300431, 300473, 301541, 301877, 302901, 302987, 305005, 308359, 308545, 308902,
    309708, 310252, 310644, 310990, 312346, 312502, 312880, 314078, 314610, 315092,
    315618, 315960, 317325, 318819, 319707, 321051, 321107, 321313, 321695, 323384,
    323647, 323722, 324670, 325255, 325890, 326862, 327183, 327412, 328670, 329999,
    330146, 330159, 331774, 332395, 332995, 338342, 338495, 339667, 346420, 347058,
    347624, 347693, 349658, 349804, 350007, 351467, 351718, 353295, 354148, 354149,
    354733, 355533, 356687, 358232, 358888, 359013, 359738, 360585, 360721, 361192,
    361484, 363505, 363759, 363921, 364985, 365489, 368298, 368897, 369712, 370571,
    370858, 372536, 377441, 377791, 378897, 383641, 383940, 386499, 386506, 386728,
    387954, 388607, 388954, 389390, 391897, 392969, 393131, 395668, 395701, 396240,
    399489, 399774, 400057, 400281, 400998, 401068, 402939, 404355, 404632, 404807,
    409601, 411659, 414719, 416513, 416813, 417765, 417913, 419077, 419181, 419687,
    421443, 421684, 422304, 424287, 424875, 424877, 425081, 426264, 427306, 427978,
    428548, 429670, 430663, 430990, 431816, 433245, 433486, 434164, 436090, 436170,
    436904, 437760, 438589, 438843, 438891, 439752, 440164, 441680, 443647, 444335,
    444340, 445065, 446427, 448640, 449052, 449972, 450529, 452684, 453112]
  prime: 9999999967
- ksize: 31
  md5sum: 2afd92e9e0323eef4de70b01243931d4
  mins: [118, 2085, 2093, 2291, 5015, 5958, 6431, 8933, 9411, 12938, 14703, 18377,
    18850, 20141, 20377, 20848, 21185, 22310, 22383, 22702, 23667, 24427, 24711, 25703,
    26066, 26511, 26873, 26960, 29221, 30611, 32111, 32524, 33291, 33293, 36558, 36920,
    37273, 37835, 38819, 40070, 41136, 42051, 42493, 42599, 47143, 48303, 48449, 50786,
    51952, 52172, 54598, 57458, 57712, 58283, 59849, 59860, 60691, 60727, 61113, 61266,
    61685, 61955, 62172, 62258, 64182, 66091, 66355, 66811, 68412, 69003, 69795, 70108,
    70406, 70604, 71010, 71315, 71730, 71918, 72747, 74066, 76297, 79797, 80788, 81159,
    82037, 82189, 82284, 82491, 84335, 84395, 84955, 86157, 86195, 86559, 87101, 87571,
    89035, 89805, 90334, 93335, 94035, 94109, 94267, 94878, 97871, 99575, 99658, 99706,
    100022, 100039, 100225, 100621, 101355, 102125, 102478, 102668, 103698, 103792,
    104057, 104783, 105773, 106267, 109805, 110103, 111052, 113293, 113501, 113534,
    113901, 116499, 116822, 116835, 119094, 119242, 119380, 120456, 122320, 122492,
    123140, 123307, 123852, 124363, 125671, 126092, 126739, 126803, 127084, 127962,
    128527, 130848, 133064, 133102, 133404, 133553, 133859, 133906, 134819, 135232,
    135422, 136960, 138071, 140312, 141665, 142269, 143308, 143720, 145695, 146138,
    146696, 148102, 148168, 149589, 150092, 150306, 150811, 151156, 151426, 151803,
    152809, 152826, 155504, 155704, 156340, 156425, 156821, 158718, 159719, 159826,
    160689, 160754, 161065, 161256, 161763, 162730, 162909, 163165, 163453, 165362,
    165386, 166984, 167827, 168306, 168321, 168650, 169114, 169456, 171318, 173884,
    175058, 175395, 175651, 176555, 177062, 178114, 178325, 178450, 178615, 178806,
    179089, 179835, 179964, 182773, 183181, 186669, 186906, 186978, 188308, 189341,
    191383, 193610, 193898, 194463, 194504, 194606, 195285, 195647, 199049, 199411,
    199595, 200543, 204330, 204991, 205575, 207816, 209304, 210117, 210805, 212049,
    212773, 213621, 214348, 214816, 217040, 218812, 219820, 220299, 220620, 220766,
    221956, 223257, 224717, 224797, 225737, 226088, 226624, 227170, 228364, 229563,
    229705, 229968, 229976, 230461, 231337, 231589, 231838, 233218, 234542, 234568,
    236276, 237715, 237843, 238146, 240734, 241099, 241289, 241590, 243065, 244563,
    244883, 245320, 245445, 245670, 245888, 246225, 247258, 247543, 247855, 248293,
    251751, 252572, 253578, 254412, 256462, 256648, 257630, 258780, 258822, 259420,
    259550, 260340, 262291, 264668, 264746, 264963, 267127, 267318, 269284, 269341,
    269723, 270880, 272999, 273034, 273167, 274738, 275242, 276240, 276977, 279762,
    280907, 281414, 281558, 284759, 286394, 287493, 288863, 291493, 291732, 291785,
    292110, 293219, 293645, 294430, 294816, 295099, 296027, 296431, 296851, 299322,
    300047, 302085, 302383, 302501, 302778, 302808, 303877, 304211, 304314, 304916,
    305219, 306881, 308528, 309768, 312158, 312309, 314598, 316502, 317128, 317184,
    318668, 319497, 319840, 320006, 321579, 321731, 321777, 322853, 322990, 323182,
    324011, 327094, 327323, 328800, 330114, 330361, 331299, 332741, 332939, 335558,
    339098, 339126, 340174, 340505, 340982, 341868, 343308, 343898, 344449, 344628,
    344846, 346504, 346735, 346849, 347384, 348687, 349579, 352902, 353271, 353367,
    353624, 353637, 354146, 355159, 355522, 356804, 358360, 358364, 362036, 362867,
    365008, 365857, 367037, 367613, 369248, 369836, 370288, 370365, 370837, 371988,
    372197, 372337, 373558, 373999, 374234, 374256, 374754, 375790, 376301, 379323,
    379567, 383156, 383237, 384495, 385690, 386218, 386221, 386719, 387393, 387627,
    389725, 391635, 393604, 393963, 394533, 397232, 397654, 398108, 400668, 402907,
    406112, 406364, 411451, 411526, 412093, 413043, 414025, 415066, 416865, 417492,
    418199, 419437, 420566, 421686, 421913, 423857, 424249, 424597, 426598, 431785,
    432556, 432670, 433015, 433071, 434055, 434061, 435844, 436992, 437165, 437760,
    438657, 439475, 439606, 442630, 444134, 445266, 446083, 446394, 446690, 447021,
    447150, 447613]
  prime: 9999999967
- ksize: 32
  md5sum: 816d9622caf34ccee66ac495b89ecb5c
  mins: [0, 1236, 3843, 4562, 6908, 7942, 8181, 8354, 8882, 9308, 10315, 12927, 15701,
    16398, 16615, 19989, 21387, 21446, 22121, 24651, 24843, 25629, 25634, 26100, 26542,
    26627, 27437, 28075, 28986, 29572, 32051, 32621, 32658, 32671, 32795, 36472, 37425,
    39023, 40596, 42075, 46435, 48230, 49015, 51381, 53491, 53548, 53619, 53840, 55826,
    58351, 58439, 59430, 59573, 60468, 61421, 62195, 67272, 67829, 67838, 70607, 73156,
    74170, 75493, 75956, 76289, 77153, 78331, 78603, 78848, 80095, 82231, 84007, 84094,
    85092, 85407, 85668, 85877, 87106, 87425, 90795, 92376, 92723, 96941, 97786, 97844,
    98012, 99393, 101240, 102382, 103027, 103630, 103866, 104790, 105316, 106148,
    106536, 107817, 107857, 108397, 109664, 110164, 110457, 113740, 113766, 115743,
    117449, 118691, 118758, 119136, 119159, 121242, 122382, 124917, 126244, 127362,
    127616, 130193, 130768, 131845, 132151, 133557, 134987, 135056, 136870, 137473,
    137803, 137935, 139061, 141629, 141728, 142621, 143696, 143921, 144508, 145257,
    145295, 145309, 146041, 146301, 146352, 149820, 150554, 151017, 153073, 155456,
    155500, 155551, 155742, 156067, 158543, 158874, 159164, 159299, 159889, 160855,
    161667, 166704, 167302, 167361, 167398, 169198, 169285, 172227, 172343, 172405,
    173015, 174402, 175270, 176687, 179274, 180433, 180890, 182763, 182982, 184035,
    184118, 185564, 187932, 188028, 188248, 189347, 190745, 191001, 191113, 194374,
    196897, 197066, 197523, 199338, 199369, 199886, 200368, 200447, 200930, 201906,
    202302, 202579, 204050, 204380, 205291, 205877, 207220, 207257, 207740, 207839,
    208904, 212110, 213277, 213455, 214579, 214878, 215243, 215524, 219694, 221092,
    221982, 222587, 222982, 224560, 225528, 227023, 228262, 230649, 232117, 233126,
    233413, 234983, 235305, 235488, 235941, 236866, 238488, 240454, 242329, 243350,
    243625, 244256, 244555, 244970, 248154, 248254, 249928, 250344, 250841, 254057,
    254381, 254822, 261839, 263526, 263638, 264800, 267214, 267288, 267456, 268672,
    268707, 271776, 271810, 272454, 272586, 272837, 273052, 273507, 277390, 277432,
    278412, 278675, 281338, 282939, 284414, 285018, 285879, 286814, 287043, 287909,
    288672, 288948, 288976, 289761, 290187, 290242, 291920, 294253, 296063, 297295,
    297313, 298128, 300335, 301224, 301434, 301641, 302963, 303130, 303914, 305167,
    305260, 305382, 305691, 308293, 309018, 311089, 311871, 315379, 315685, 315702,
    316252, 316551, 317016, 317040, 318518, 318624, 322875, 325071, 326507, 329173,
    331488, 331998, 333144, 333230, 334972, 335014, 335046, 335874, 336037, 336386,
    336481, 336649, 339074, 339467, 340165, 341061, 341942, 342940, 343182, 343943,
    344153, 344763, 345722, 346236, 350208, 351908, 352138, 352517, 356128, 356440,
    356451, 357141, 361169, 362752, 363057, 364714, 364864, 366566, 366924, 367156,
    367234, 367791, 369029, 371244, 371738, 371928, 372242, 372244, 372541, 373513,
    374212, 375309, 375352, 376826, 380263, 380487, 383981, 385203, 385329, 385568,
    385916, 386518, 386557, 386824, 387157, 387313, 387845, 390931, 391183, 391413,
    393916, 395150, 395225, 395478, 395865, 396050, 396092, 396592, 396973, 397273,
    398565, 399471, 402808, 403922, 406520, 406793, 406810, 407630, 411090, 412602,
    413480, 414744, 415363, 415450, 416674, 417199, 419126, 423474, 424102, 424598,
    424935, 425296, 427358, 429271, 429520, 430052, 430201, 431050, 431191, 431904,
    433108, 438162, 438396, 439471, 440487, 440731, 442219, 442312, 442332, 442690,
    443062, 443555, 443927, 444680, 444685, 444777, 445948, 447006, 447344, 447415,
    447752, 448471, 448662, 452087, 454667, 455687, 455896, 456413, 456969, 457206,
    457531, 459881, 460133, 462151, 462987, 463215, 464037, 465599, 466122, 466220,
    466611, 467073, 467614, 467970, 470218, 470911, 471745, 471976, 472295, 473713,
    476321, 477094, 480250, 480469, 481397, 482163, 482417, 482517, 483189, 483203,
    483432, 483900, 483999, 485059, 485546, 485949, 486549, 487348, 487581, 489576,
    490186, 490223, 491092, 491346, 491515]
  prime: 9999999967
type: mrnaseq
version: '0.2'
