class: sourmash_signature
email: titus@idyll.org
filename: SRR2060939_1.fastq.gz.trimnoV.fq.gz
name: house mouse
signatures:
- ksize: 16
  md5sum: 782819f64395e16f3b98eabcc87e1477
  mins: [0, 69, 123, 147, 4119, 4406, 5139, 7128, 11374, 11696, 19070, 29864, 33265,
    34058, 37256, 42947, 48101, 50128, 50228, 53069, 53793, 53891, 54167, 54970, 56676,
    57148, 63214, 64758, 67875, 69347, 69872, 73454, 74479, 75346, 76329, 78478, 79008,
    80593, 80829, 81720, 83813, 85981, 90756, 90784, 91968, 94872, 97747, 98630, 102236,
    103580, 105327, 108642, 110648, 112213, 115224, 116204, 116688, 118479, 121487,
    121772, 125376, 130165, 132927, 135091, 135280, 136189, 136230, 136484, 138331,
    144170, 151515, 151959, 154765, 164695, 165378, 166769, 169559, 170412, 172906,
    177597, 178128, 182701, 183268, 185837, 188202, 189472, 189616, 190326, 193363,
    197643, 202392, 205237, 208523, 212139, 215731, 216018, 221373, 223983, 224387,
    225660, 226481, 227430, 228351, 237704, 237751, 242322, 243659, 248254, 249044,
    251555, 253728, 254143, 254258, 255657, 256041, 256709, 258164, 258663, 261240,
    261707, 263317, 263804, 265592, 267398, 268705, 269912, 273929, 275322, 275763,
    276928, 278609, 278843, 283209, 291510, 291913, 299670, 303252, 304565, 306273,
    306584, 307359, 307583, 307726, 308245, 310411, 314610, 314995, 317076, 319712,
    320381, 321513, 322118, 324633, 325972, 326128, 329802, 334020, 334121, 334297,
    335676, 337366, 337453, 339266, 340098, 345492, 346894, 348535, 353221, 355067,
    359218, 359434, 361754, 364078, 366452, 367458, 369570, 369790, 369875, 371017,
    373225, 375554, 376314, 376573, 377556, 381885, 386694, 387117, 389025, 394628,
    395394, 399169, 404776, 407401, 409266, 410201, 412697, 415286, 418131, 421068,
    421538, 423556, 425317, 426381, 427147, 427402, 431433, 431880, 432574, 433548,
    434783, 435779, 437068, 437337, 440290, 441272, 446983, 453166, 453620, 455735,
    456226, 456230, 456240, 456860, 459434, 460389, 463382, 463631, 468294, 472140,
    473922, 475067, 477743, 484993, 485504, 485580, 485662, 485934, 489380, 494861,
    495182, 499588, 500048, 500410, 502866, 503796, 504500, 510362, 511262, 512263,
    514351, 514400, 516803, 520284, 521877, 522299, 523576, 523771, 524115, 525801,
    525922, 526369, 526516, 527059, 527996, 528828, 538117, 541300, 544551, 545716,
    545951, 547018, 549589, 551411, 555643, 556408, 557240, 557667, 561260, 562113,
    565353, 566937, 567307, 568509, 569020, 573366, 575516, 580289, 581839, 583589,
    584010, 584134, 591978, 592340, 593785, 595349, 596449, 597652, 599133, 600350,
    600412, 602281, 602759, 605201, 606349, 606869, 610210, 615401, 615423, 617591,
    618763, 621811, 621910, 623348, 629707, 631384, 632847, 636795, 637491, 640331,
    641049, 641122, 651362, 651377, 651882, 659286, 661992, 663633, 663749, 663950,
    670775, 671405, 672335, 672363, 672867, 674357, 674948, 678700, 679958, 680410,
    682914, 684226, 692726, 700376, 700447, 705216, 705710, 706810, 707181, 710591,
    716074, 716972, 717076, 719703, 726006, 732772, 738527, 738899, 742711, 744648,
    746103, 746671, 747790, 753742, 756612, 758278, 758434, 758796, 759667, 761869,
    766565, 775121, 777457, 778141, 778474, 779049, 781061, 781836, 782891, 788478,
    789957, 790160, 790511, 791337, 796968, 798787, 799240, 803642, 803762, 804498,
    807000, 808599, 812865, 815293, 815344, 815664, 816662, 817830, 821328, 822208,
    825235, 829349, 831131, 835983, 836101, 837572, 842889, 844859, 845389, 850175,
    851689, 854262, 857136, 858798, 859445, 860619, 861693, 864844, 868867, 869040,
    870506, 871271, 871934, 874648, 875209, 877414, 880009, 882112, 883554, 886216,
    888885, 889487, 891257, 891317, 895206, 895443, 896922, 898053, 899049, 900305,
    903563, 906118, 906580, 911660, 913215, 913552, 916759, 919633, 925819, 928572,
    934562, 939880, 948994, 952720, 954239, 955458, 955653, 955962, 957640, 957710,
    961420, 961865, 965613, 972703, 976548, 983015, 988423, 988715, 989057, 989545,
    991376, 992760, 996296, 996534, 998262, 999488, 1000916, 1004986, 1011735, 1011844,
    1012735, 1018390, 1019274, 1019543, 1020292, 1020968, 1022564, 1025709, 1025865,
    1029412, 1031868, 1035177, 1035251, 1036017, 1040883, 1041223, 1042522, 1042800,
    1045526, 1046345, 1047865]
  prime: 9999999967
- ksize: 22
  md5sum: 6cc4bb3ddf2b8641b1aeb7096d9e3fa9
  mins: [0, 359, 1062, 1108, 1897, 2485, 6355, 7050, 7523, 11688, 12880, 13685, 14097,
    15692, 15943, 18217, 20354, 23944, 31584, 32284, 36191, 39842, 43653, 43930, 55140,
    55593, 60326, 60872, 63747, 64121, 67524, 71268, 71840, 71911, 72286, 72492, 76448,
    76571, 80521, 81634, 82584, 83225, 85159, 90030, 91014, 92772, 96495, 98997, 100051,
    100937, 105816, 106556, 107726, 111364, 111401, 115666, 116896, 119541, 119919,
    122357, 127748, 130252, 130337, 131663, 132249, 135318, 135780, 136678, 141762,
    141813, 142760, 144752, 145231, 147502, 147550, 148459, 150219, 151676, 152839,
    153481, 156160, 157745, 158604, 159214, 162895, 165559, 165870, 169414, 169637,
    170292, 171830, 173607, 174649, 174805, 177408, 178298, 182874, 183555, 186818,
    187577, 189585, 190102, 190386, 190626, 194117, 194321, 196413, 198084, 199266,
    200028, 200743, 202848, 204979, 205697, 205722, 212746, 214378, 215960, 216960,
    217733, 221684, 224214, 227547, 230550, 234637, 234976, 236897, 237180, 237658,
    241137, 241924, 242035, 245571, 246614, 249117, 249569, 251610, 253838, 259077,
    261325, 261736, 264854, 268288, 269752, 271065, 275954, 278394, 278675, 280309,
    280926, 283466, 286493, 290933, 291973, 292002, 292347, 292862, 294041, 298039,
    301877, 302948, 303665, 308545, 308902, 312346, 312639, 315092, 318689, 318819,
    321454, 327183, 329738, 330566, 332395, 332599, 332822, 332995, 333179, 338174,
    338495, 341164, 341765, 347693, 350177, 357737, 358232, 359013, 360721, 362971,
    368282, 369945, 377441, 377632, 378897, 379144, 380090, 383641, 385049, 385862,
    386033, 392969, 394444, 395701, 396614, 399345, 400281, 400998, 401708, 402939,
    408702, 416813, 422584, 423105, 425789, 431816, 433896, 435122, 436035, 442593,
    443647, 444483, 448640, 451955, 452006, 452308, 453797, 455373, 455758, 456125,
    456418, 457775, 464156, 464746, 466167, 467985, 468736, 469817, 470331, 470387,
    472223, 475984, 476966, 477099, 485389, 488501, 488617, 490876, 490899, 492497,
    492711, 497040, 501830, 502588, 503904, 504214, 505565, 509038, 512540, 512956,
    520326, 520517, 522220, 522927, 524224, 524845, 525634, 534493, 534564, 537392,
    537805, 539789, 541449, 546236, 547757, 548161, 548334, 548832, 550162, 551132,
    552998, 557084, 557775, 557839, 562045, 567892, 568778, 569599, 574046, 577963,
    583755, 584572, 586705, 590135, 595263, 597293, 599753, 602474, 606603, 611666,
    614596, 614853, 615757, 618137, 620963, 623783, 635898, 637271, 637392, 638072,
    638264, 638675, 639699, 639822, 645861, 648287, 648578, 652459, 653040, 654204,
    655503, 658493, 665979, 667703, 672668, 673307, 673802, 676120, 678247, 678401,
    678875, 680381, 681198, 682966, 686939, 689624, 691383, 692326, 694603, 695373,
    700561, 700709, 705826, 706204, 709906, 720414, 720771, 721279, 722893, 723319,
    726615, 733571, 733735, 734544, 736207, 736366, 738488, 740625, 742080, 743364,
    743852, 745501, 746396, 747911, 748008, 748757, 754745, 758256, 760430, 763129,
    763255, 764451, 766975, 769884, 772752, 774320, 776861, 780063, 782927, 786039,
    786803, 787875, 790196, 790285, 794688, 798602, 798885, 799272, 803252, 803594,
    803892, 805365, 806315, 806765, 807067, 807414, 809421, 810706, 813893, 814705,
    815290, 816066, 820312, 822091, 823726, 826185, 840727, 841016, 842255, 843371,
    851379, 852902, 853426, 854448, 857306, 859439, 863813, 866110, 868234, 870260,
    875348, 876587, 878603, 884421, 884479, 884959, 886053, 887192, 887315, 889747,
    889829, 890586, 895985, 898569, 899579, 904121, 904572, 906306, 907184, 910117,
    910395, 912435, 916048, 916051, 919302, 920529, 920557, 921681, 923064, 923346,
    923438, 924167, 926278, 928243, 928579, 930226, 931762, 931873, 934004, 934682,
    935755, 937367, 937680, 937877, 941657, 941817, 943028, 945413, 946251, 946551,
    947034, 947889, 948129, 949429, 950538, 950681, 953196, 953911, 954097, 956132,
    957455, 959763, 962559, 966009, 969111, 970903, 974820, 974994, 976134, 978102,
    978229, 980384, 980399, 983056, 984491, 986052, 986321, 986417, 991067, 992238,
    995131]
  prime: 9999999967
- ksize: 31
  md5sum: bf3ffb26af0f34e0169b1559699043de
  mins: [580, 2085, 2894, 6305, 6431, 8662, 9694, 10709, 12938, 13217, 13523, 15374,
    22646, 22782, 25703, 26066, 28296, 30911, 32524, 33202, 35195, 35577, 41810, 42295,
    45887, 46634, 48627, 50786, 56498, 59860, 62258, 69003, 70569, 74721, 76806, 77055,
    79797, 80299, 81974, 82491, 82532, 87101, 93335, 94878, 96186, 100621, 102539,
    103272, 103304, 109634, 109805, 112069, 112198, 113293, 113901, 116709, 119094,
    119241, 119862, 120797, 122016, 122492, 123185, 125075, 126092, 126407, 127826,
    130811, 133728, 135232, 137074, 139371, 143027, 143654, 145009, 146138, 148102,
    148842, 150092, 151290, 151426, 152826, 156562, 162730, 168297, 172687, 177062,
    178421, 178450, 179208, 188196, 188485, 190266, 194960, 195285, 195647, 200589,
    203587, 209048, 209304, 209494, 210266, 210742, 211898, 212573, 215683, 215764,
    218812, 218938, 224717, 224852, 227170, 228294, 228507, 229705, 229976, 233218,
    233738, 235375, 236276, 240734, 243091, 243613, 245445, 245888, 247411, 252572,
    254412, 256462, 258754, 259420, 263316, 267318, 270986, 274233, 275099, 276384,
    284788, 285943, 287645, 290033, 290231, 290275, 291512, 293680, 296851, 302548,
    310074, 312158, 314019, 315267, 316581, 323645, 324725, 326927, 327382, 329378,
    329907, 330114, 330980, 333907, 337756, 339186, 340174, 343022, 343487, 346475,
    350456, 354705, 358360, 358550, 362573, 363437, 365698, 367630, 370803, 375916,
    376754, 376789, 377092, 379323, 379567, 379859, 382420, 382604, 385690, 386409,
    394275, 397232, 397654, 398515, 400820, 401572, 403879, 404071, 406237, 412093,
    413043, 415837, 417492, 419946, 425883, 426014, 426996, 429141, 430333, 432670,
    434055, 437605, 442299, 444862, 449055, 449567, 452819, 453690, 454961, 455994,
    456137, 458913, 462964, 464224, 465172, 466448, 468816, 473821, 476128, 478016,
    478628, 479643, 481078, 482372, 482754, 488398, 489328, 495400, 498752, 501911,
    505323, 512618, 515186, 516805, 519578, 520748, 521432, 522972, 523400, 524274,
    524275, 526380, 526496, 536393, 536501, 538758, 538848, 540566, 544386, 545921,
    549236, 552141, 552762, 555335, 559405, 561314, 562125, 566654, 568283, 570466,
    572378, 581244, 581501, 582032, 583041, 584376, 588255, 589861, 589884, 590957,
    591297, 591407, 592180, 595766, 595930, 598618, 599519, 604400, 607757, 608252,
    609786, 609806, 617101, 617859, 617984, 618862, 622615, 626153, 628682, 629621,
    629793, 636011, 637536, 637960, 640276, 641891, 642927, 645713, 647238, 650232,
    651148, 652082, 658903, 666423, 668084, 669474, 669956, 670071, 671797, 672935,
    673493, 674024, 675916, 675962, 680259, 682421, 683087, 683149, 683431, 684759,
    684886, 687122, 689289, 691479, 693603, 695009, 695475, 697046, 700942, 701004,
    703737, 707775, 709343, 714833, 717543, 718741, 723442, 723580, 725794, 726409,
    728714, 729665, 731497, 732009, 739743, 742448, 742665, 743145, 744008, 745450,
    747975, 755658, 756429, 756480, 756938, 757541, 767068, 768742, 771691, 772052,
    774849, 775082, 775187, 776677, 779823, 780626, 781697, 785962, 788683, 791934,
    793322, 793554, 793679, 794027, 795586, 795842, 795876, 797267, 797935, 798783,
    809203, 809630, 821299, 821469, 826188, 827187, 828672, 833029, 836725, 838912,
    839699, 845878, 846465, 848092, 849746, 850166, 852173, 852561, 854560, 857020,
    859623, 862520, 863415, 871120, 878600, 879316, 881902, 882263, 882936, 883911,
    888053, 889042, 889839, 890144, 892613, 892625, 892700, 898538, 900264, 902642,
    904952, 911113, 912260, 913635, 916251, 918228, 918674, 919099, 921696, 923170,
    928344, 930119, 930674, 933186, 934397, 934940, 935261, 935359, 935727, 940253,
    944561, 945357, 948255, 949024, 950677, 951022, 951326, 952624, 954131, 954646,
    958620, 960216, 962071, 962649, 964453, 964700, 965809, 970442, 970877, 973410,
    977338, 977596, 977720, 978422, 982218, 983554, 984712, 988154, 988451, 989961,
    990028, 991084, 992758, 993427, 994323, 1000557, 1000612, 1000805, 1002155, 1002602,
    1002774, 1006563, 1007239, 1007960, 1007996, 1010914, 1012171, 1012775, 1015196,
    1017556, 1019009, 1020154, 1021302]
  prime: 9999999967
- ksize: 32
  md5sum: 0e28c8f0f8e9429b92b65c37b0d79552
  mins: [219, 6047, 10315, 11224, 12550, 17699, 17734, 18149, 19722, 21126, 21467,
    22972, 24922, 25417, 26018, 30768, 32317, 32795, 34504, 36472, 36899, 38916, 40596,
    40635, 44192, 45799, 46620, 47560, 47783, 48336, 59573, 59727, 61421, 62013, 64107,
    69405, 70982, 74703, 76492, 78133, 78331, 80353, 81251, 84317, 93146, 95277, 96941,
    97844, 98012, 99401, 99627, 99707, 99780, 103630, 106779, 107817, 121233, 126244,
    127362, 130170, 131845, 133515, 133557, 138130, 140666, 145711, 146064, 149722,
    150554, 150900, 151808, 152231, 157494, 161135, 163427, 166704, 166911, 167398,
    169285, 172227, 174922, 175395, 178782, 179576, 182489, 185344, 191113, 191872,
    193254, 194395, 194407, 197098, 205412, 206380, 207220, 209421, 210916, 220287,
    220969, 222296, 222587, 223161, 223203, 224722, 227813, 228262, 235488, 236156,
    238488, 239393, 242329, 243625, 243657, 244256, 244555, 244970, 245874, 247884,
    250344, 257411, 258601, 260479, 261991, 264292, 265470, 266077, 266221, 267214,
    269275, 273583, 277974, 278772, 280113, 285018, 290754, 291682, 293389, 294236,
    295437, 301224, 304372, 305691, 306231, 308221, 313947, 314313, 314652, 314758,
    318801, 320974, 322092, 322599, 322875, 326507, 331624, 336649, 337835, 339222,
    339952, 342081, 343096, 345722, 347389, 351845, 356760, 362752, 366658, 367442,
    368395, 371244, 376826, 376870, 379544, 387313, 390931, 393577, 393916, 395478,
    396533, 398049, 398131, 404922, 405182, 406136, 409295, 409340, 413480, 415363,
    419473, 421305, 424102, 426153, 435732, 437794, 441443, 442219, 442572, 447054,
    447153, 449142, 457692, 458300, 458309, 460229, 466786, 468714, 469189, 470136,
    476321, 477474, 480980, 483954, 486205, 486644, 486785, 487581, 491294, 494051,
    496142, 498021, 501522, 505712, 506879, 506935, 511532, 516171, 516526, 517064,
    519092, 522630, 526357, 527333, 529830, 532742, 538631, 539211, 543745, 549180,
    549183, 549305, 552126, 555844, 561496, 561725, 562804, 563401, 564895, 567532,
    568178, 568277, 568870, 571910, 575527, 581898, 583113, 586675, 587365, 588096,
    591276, 591825, 594081, 600422, 601095, 605795, 606989, 608117, 608154, 613729,
    614755, 620806, 622469, 623445, 624254, 624750, 626231, 626935, 627690, 628062,
    628366, 632930, 633911, 635741, 636498, 639405, 641864, 642477, 643535, 644895,
    645258, 650086, 650607, 652603, 653030, 655021, 656682, 657328, 660973, 663022,
    665030, 666411, 667017, 667445, 671656, 671871, 671958, 672408, 673451, 673762,
    676585, 678572, 681486, 683118, 686456, 689383, 690979, 692855, 695136, 697236,
    698432, 698634, 699718, 703093, 710504, 710958, 716318, 717910, 718147, 718252,
    718570, 720093, 720470, 720555, 722353, 725317, 725548, 727139, 727153, 737567,
    742642, 745294, 746128, 750921, 750983, 752891, 753370, 753504, 754083, 754741,
    759599, 759921, 762461, 762699, 767037, 771192, 771250, 771518, 771981, 774999,
    775476, 778085, 786270, 786667, 787732, 788194, 793143, 795280, 797533, 798094,
    799801, 801604, 803455, 805487, 806648, 809173, 819538, 823375, 823472, 823649,
    828286, 828395, 830187, 830529, 837149, 838018, 841317, 842178, 843038, 844216,
    844244, 847008, 849525, 849840, 850477, 851045, 851161, 852448, 853346, 853401,
    853904, 860108, 865016, 866225, 869797, 870359, 875940, 876109, 876507, 876720,
    877911, 878862, 880565, 891303, 894147, 894338, 894637, 895914, 897499, 900291,
    900801, 902386, 908155, 909604, 910225, 914773, 925415, 925968, 926594, 929063,
    929586, 931593, 934683, 937293, 937619, 938246, 938545, 948315, 949742, 950643,
    952690, 954997, 958033, 958400, 958817, 963131, 965827, 967288, 968111, 968749,
    970138, 971354, 975231, 976220, 977858, 978595, 978943, 985601, 989514, 989872,
    991986, 994110, 994213, 998307, 1002233, 1003452, 1003725, 1007434, 1008297, 1016822,
    1017025, 1021329, 1021662, 1022667, 1023425, 1024972, 1026135, 1028246, 1028317,
    1028406, 1031522, 1037225, 1038829, 1042441, 1043541, 1046745, 1047447, 1049916,
    1051294, 1052732, 1056043, 1060677, 1064368, 1065958, 1066746, 1074086, 1076248,
    1077025, 1082327, 1082443, 1084209, 1085801]
  prime: 9999999967
type: mrnaseq
version: '0.2'
