class: sourmash_signature
email: titus@idyll.org
filename: SRR2060939_2.fastq.gz.trimnoV.fq.gz
name: house mouse
signatures:
- ksize: 16
  md5sum: eadd07b8fd4f4b343efd46c2bfa69d4f
  mins: [0, 69, 123, 147, 2416, 4119, 4406, 4545, 5139, 7125, 7128, 11374, 11696,
    15176, 19070, 20633, 28444, 29864, 33265, 33448, 34058, 34261, 37256, 42947, 43101,
    47206, 48101, 50128, 50228, 53069, 53793, 53891, 54167, 54970, 56676, 57075, 57148,
    58173, 61591, 63214, 64134, 64758, 67205, 67875, 68170, 69347, 69872, 73454, 75223,
    75346, 76329, 78478, 79008, 80593, 80829, 81720, 83813, 84471, 85981, 87563, 90576,
    90756, 90784, 91968, 93548, 93792, 94660, 94872, 97747, 98630, 102236, 103580,
    103588, 104709, 105327, 105706, 108642, 110648, 112213, 113340, 115224, 115764,
    116204, 116688, 118479, 118621, 119348, 119602, 121487, 121772, 123629, 123841,
    125376, 130165, 132927, 133435, 134291, 135091, 135280, 136189, 136230, 136484,
    138331, 140035, 140271, 140969, 141509, 144170, 150455, 151515, 151959, 154765,
    160023, 160547, 162323, 164695, 165378, 165560, 166769, 169559, 170412, 171321,
    172906, 177597, 178128, 178660, 181666, 182701, 182723, 183268, 183596, 185837,
    188202, 189472, 189616, 190326, 193363, 199292, 202392, 205237, 208523, 208722,
    212139, 215731, 216018, 221373, 223280, 223983, 224387, 225324, 225652, 225660,
    226481, 227430, 228082, 228351, 232470, 237704, 237751, 242322, 243659, 246726,
    248254, 249044, 251421, 251555, 253728, 254143, 254258, 255363, 255657, 256041,
    256709, 258164, 258663, 261240, 261707, 261922, 262522, 263131, 263317, 263804,
    265499, 265592, 267392, 267398, 268313, 268705, 269912, 273929, 275322, 275763,
    276928, 277112, 278609, 278843, 283209, 285286, 291510, 291913, 292933, 293215,
    294060, 294668, 299670, 303252, 304055, 304565, 305785, 306273, 306456, 306584,
    307359, 307583, 307726, 308245, 310411, 311184, 311492, 312929, 314610, 314995,
    317076, 318331, 319712, 320381, 321513, 322118, 322885, 324633, 325972, 326128,
    329802, 333337, 334020, 334121, 334297, 335676, 337366, 337453, 337920, 339266,
    340098, 340690, 345492, 346894, 348535, 350045, 353221, 355067, 359107, 359218,
    359434, 361754, 364078, 366452, 367458, 369570, 369790, 369875, 371017, 373225,
    374316, 375554, 376314, 376573, 377556, 377967, 381885, 386694, 387117, 389025,
    390967, 391334, 392367, 394628, 395394, 397221, 399169, 400648, 403681, 404776,
    404900, 407401, 408640, 409266, 410201, 411257, 412697, 412907, 415286, 415510,
    417467, 418131, 420987, 421068, 421538, 421641, 423556, 425317, 426381, 427147,
    427402, 431433, 431880, 432574, 433548, 434783, 435779, 436412, 437068, 437337,
    440290, 441272, 446983, 453166, 453620, 454388, 455735, 456226, 456230, 456240,
    456860, 458868, 459434, 460389, 463034, 463382, 463631, 468103, 468294, 472140,
    473922, 474374, 475067, 476241, 477743, 480901, 481158, 483249, 484659, 484993,
    485504, 485662, 485934, 487903, 489380, 494861, 495182, 499588, 500048, 500410,
    502866, 503796, 504500, 508170, 510362, 511262, 512263, 514351, 514400, 516803,
    518497, 520284, 521877, 522299, 523576, 523771, 524115, 525801, 525922, 526369,
    526516, 527059, 527996, 528828, 531178, 534274, 535631, 538117, 541300, 544551,
    544751, 545716, 545875, 545951, 547018, 549589, 550506, 551411, 555643, 555794,
    556408, 557240, 557242, 557667, 561260, 562113, 565353, 566206, 566937, 567307,
    568509, 569020, 569167, 571028, 573366, 575516, 579580, 580289, 581194, 581839,
    583589, 584010, 584134, 585305, 588058, 589012, 591978, 592340, 592970, 593785,
    595349, 596449, 597652, 599133, 600350, 600412, 602281, 602759, 605201, 606349,
    606869, 608744, 610210, 611027, 614258, 614892, 615401, 615423, 617591, 618224,
    618763, 621609, 621811, 621910, 623348, 627898, 629707, 631384, 632847, 633126,
    636795, 637491, 640331, 641049, 641122, 651362, 651377, 651882, 652691, 653435,
    654320, 659286, 661992, 663633, 663749, 663950, 664616, 665109, 668456, 670775,
    670856, 670921, 671405, 672335, 672363, 672867, 672908, 674357, 674948, 676974,
    678700, 679776, 679958, 680410, 682914, 684226, 687172, 687901, 692726, 695037,
    700376, 700447, 701571, 705216, 705710, 706810, 707181, 710526]
  prime: 9999999967
- ksize: 22
  md5sum: a01e492716725c0dacb02bdcb3e47ba5
  mins: [0, 359, 1108, 1114, 1897, 2485, 3257, 6355, 7050, 7523, 11177, 11688, 12880,
    13685, 14097, 15692, 15943, 18178, 18217, 20016, 20354, 20680, 23776, 23944, 24827,
    25073, 25768, 27178, 28870, 31380, 31584, 32284, 36191, 39842, 41479, 43653, 43930,
    50832, 51132, 53353, 53853, 55140, 55593, 60326, 60560, 60800, 60872, 62932, 63747,
    64121, 67524, 71268, 71840, 71911, 72286, 72492, 73371, 76448, 76571, 79379, 80521,
    81634, 82584, 83225, 85159, 88224, 90030, 91014, 92772, 93701, 96495, 96748, 98997,
    100051, 100937, 102999, 104337, 104677, 105816, 106556, 107726, 109213, 111364,
    111401, 113678, 115666, 116896, 118749, 119541, 119618, 119919, 122357, 127748,
    130252, 130337, 131663, 132249, 135318, 135780, 135817, 136678, 141762, 141813,
    142508, 142760, 144752, 145231, 147502, 147550, 148459, 150219, 151676, 152839,
    153481, 154952, 156160, 157745, 159214, 162895, 165559, 165870, 166685, 167911,
    169414, 169637, 170292, 171830, 172044, 173607, 174649, 174805, 177408, 178298,
    182874, 183555, 186818, 187577, 189585, 190102, 190386, 190626, 191132, 194117,
    194321, 196413, 198084, 199266, 199291, 199933, 200028, 200743, 201378, 202848,
    204979, 205697, 205722, 206016, 207534, 212746, 214378, 215960, 216960, 217733,
    218227, 221684, 222842, 224214, 225357, 227547, 230550, 234637, 234976, 236897,
    237180, 237658, 240768, 241137, 241924, 242035, 245571, 246192, 246614, 249117,
    249569, 251610, 253838, 259077, 261325, 261736, 264854, 264927, 268288, 269752,
    271065, 274026, 274070, 274075, 275115, 275954, 278394, 278675, 280309, 280926,
    283466, 286493, 288433, 288587, 290933, 291973, 292002, 292347, 292862, 293917,
    294041, 294516, 298039, 300473, 301541, 301877, 301914, 302768, 302898, 302948,
    303665, 308545, 308902, 312346, 312639, 312949, 313673, 315092, 316291, 318689,
    318819, 321454, 323384, 327183, 329738, 330566, 332395, 332599, 332822, 332995,
    333179, 338174, 338495, 341164, 341765, 346181, 347693, 349232, 349554, 350177,
    357737, 359013, 360721, 362527, 362971, 368282, 369945, 377441, 377632, 378285,
    378897, 379144, 380090, 380104, 383641, 385049, 385862, 386033, 386534, 388024,
    388607, 390655, 392969, 393249, 394444, 395668, 395701, 396614, 399345, 400281,
    400998, 401068, 401708, 402939, 404840, 408702, 414289, 415809, 416813, 422584,
    423105, 425789, 431816, 433486, 433896, 435122, 436035, 438054, 438200, 438589,
    442593, 443647, 444335, 444483, 446140, 448640, 451955, 452006, 452308, 452684,
    453797, 455373, 455570, 455758, 456125, 456418, 456716, 461577, 464156, 464746,
    465462, 466167, 467985, 468531, 468736, 469817, 470331, 470387, 472223, 473284,
    475984, 476966, 477099, 485389, 487747, 488501, 488617, 489956, 490876, 490899,
    492711, 497040, 497172, 500329, 501830, 502588, 503904, 504214, 505565, 506772,
    507929, 509038, 512540, 512956, 518250, 520326, 520517, 520539, 522220, 522927,
    524224, 524845, 525634, 529227, 529240, 530232, 534493, 534564, 535933, 536360,
    537392, 537805, 539789, 541449, 546236, 547748, 547757, 548334, 548832, 550162,
    551132, 551813, 552018, 552998, 557084, 557775, 557839, 559568, 562045, 564005,
    567892, 568778, 569599, 569638, 571618, 574046, 575970, 577963, 579476, 580415,
    582063, 583037, 583755, 584572, 586705, 588128, 588966, 590135, 594928, 595263,
    597293, 599607, 599753, 602474, 606603, 611666, 613136, 614596, 614853, 615757,
    618137, 618314, 620963, 623783, 630239, 630638, 635898, 637271, 637392, 638072,
    638264, 638675, 639699, 639822, 640040, 640491, 642464, 644491, 645861, 646477,
    648287, 648578, 650048, 652459, 653040, 654204, 655503, 658493, 660178, 662416,
    664706, 665979, 666982, 667703, 672668, 673307, 673802, 676120, 678247, 678401,
    678875, 679843, 680381, 681198, 682966, 685358, 686939, 687859, 688766, 689624,
    691383, 692326, 694603, 694977, 695373, 696344, 700561, 700709, 703963, 705826,
    706204, 709128, 709906, 710319, 710895, 715733, 715971, 720086, 720414, 720771,
    721279, 722893, 723319, 726615, 733571, 733735, 734544]
  prime: 9999999967
- ksize: 31
  md5sum: b0fbfaddd0096a259240eff658c22425
  mins: [580, 2085, 2894, 3334, 6305, 6431, 8662, 9489, 9694, 12938, 13217, 13523,
    14654, 15028, 15374, 17085, 17371, 18156, 20848, 22646, 22782, 24452, 25703, 26066,
    28296, 29506, 30911, 32111, 32524, 33202, 34566, 35195, 35577, 41810, 42295, 42498,
    45887, 46634, 48627, 50786, 52843, 56498, 59860, 60250, 61587, 62258, 69003, 70029,
    70569, 74721, 76806, 77055, 77216, 79797, 80299, 81974, 82491, 82532, 84955, 87101,
    88795, 91238, 91381, 93335, 94835, 94878, 96186, 100621, 101191, 101318, 103272,
    103304, 108777, 109537, 109634, 109805, 111164, 112069, 112198, 113293, 113707,
    113901, 116709, 119094, 119241, 119380, 119862, 120543, 120568, 120797, 122016,
    122345, 122492, 123185, 123770, 125075, 125576, 126092, 126407, 127826, 128527,
    130811, 133728, 135232, 136762, 137074, 137750, 139371, 140357, 143027, 143654,
    143720, 145009, 146138, 147847, 148102, 148585, 148842, 150092, 151290, 152826,
    156562, 157505, 162730, 168297, 171338, 172687, 177062, 178421, 178450, 179208,
    184404, 187980, 188196, 188485, 190266, 192128, 192518, 194960, 195285, 195647,
    199313, 200589, 200696, 201058, 201361, 203587, 206022, 209048, 209304, 209494,
    210266, 210742, 211898, 212573, 215683, 215764, 218812, 218938, 218958, 218961,
    220017, 224717, 224852, 226497, 227170, 228294, 228507, 229705, 229976, 231337,
    233218, 233738, 235375, 236276, 237233, 240734, 243091, 243613, 245445, 245888,
    247411, 247607, 252572, 254412, 256462, 258754, 258791, 259420, 260703, 263316,
    264695, 267318, 268364, 270986, 274233, 275099, 276384, 276982, 284788, 285943,
    286394, 287645, 290033, 290231, 290275, 291512, 293680, 296851, 299322, 302548,
    310074, 312158, 314019, 315267, 316581, 321777, 323645, 324725, 326256, 326314,
    326927, 327382, 329378, 329907, 330114, 330980, 331086, 333907, 337756, 339186,
    340174, 340702, 342823, 343022, 343487, 346475, 350456, 352582, 354705, 356697,
    357042, 358360, 358550, 361413, 362573, 363437, 365698, 367458, 367630, 370288,
    370803, 375916, 376754, 376789, 377092, 379323, 379567, 379859, 382420, 382604,
    385690, 386409, 387899, 388311, 389576, 393604, 394275, 396694, 397232, 397654,
    398515, 400820, 401572, 403879, 404071, 406237, 412093, 413043, 415066, 415540,
    415837, 417492, 419946, 421325, 422235, 424441, 425883, 426014, 426996, 429141,
    430333, 431963, 432556, 432670, 434055, 437100, 437605, 440572, 442299, 444429,
    444862, 449055, 449567, 452819, 453690, 454961, 455994, 456137, 457278, 458455,
    458913, 462964, 464224, 465172, 466448, 468816, 473274, 473728, 473776, 473821,
    474320, 476128, 478628, 479643, 481078, 482372, 482689, 482754, 483481, 488398,
    489328, 495400, 495547, 497078, 498378, 498752, 498769, 501911, 505323, 507690,
    508757, 509067, 509596, 512618, 515186, 516805, 517299, 519578, 520748, 521432,
    521637, 522795, 522972, 523400, 523402, 524274, 524275, 526380, 526496, 531012,
    532028, 536378, 536393, 536501, 538758, 538848, 540566, 543901, 544386, 545921,
    548340, 549236, 552141, 552762, 555335, 559405, 561314, 562125, 566654, 568283,
    570466, 571657, 572378, 577246, 581244, 581501, 581643, 582032, 583041, 583210,
    584376, 587887, 588255, 589861, 589884, 589930, 590957, 591297, 591407, 592180,
    593716, 595477, 595766, 595930, 598618, 599519, 602417, 604400, 606484, 607757,
    608252, 609786, 609806, 617101, 617859, 617984, 618862, 622615, 623770, 626153,
    626251, 626532, 627188, 628682, 629621, 629793, 630256, 635518, 636011, 637960,
    638649, 639789, 640276, 641891, 642927, 645713, 647238, 647346, 649550, 651135,
    651148, 651542, 652082, 655334, 658903, 665284, 666423, 668084, 669474, 669956,
    670071, 672935, 673268, 673493, 673983, 674024, 674349, 675916, 675962, 680259,
    680305, 681094, 682421, 683087, 683149, 683431, 683586, 684759, 684827, 684886,
    687122, 689289, 691479, 693603, 695222, 695475, 695756, 697046, 699421, 700942,
    701004, 701604, 702906, 703737, 703981, 707672, 707775, 709343, 709346, 709488,
    714833, 715760, 717543, 718741, 718889, 719091, 723442, 723580, 724258]
  prime: 9999999967
- ksize: 32
  md5sum: 4ebd50f97a95c14826b45c26a20269f6
  mins: [0, 219, 285, 1195, 4562, 6047, 9308, 10315, 11016, 11224, 12550, 14196, 17699,
    17734, 18149, 18704, 19722, 21126, 21467, 22121, 22278, 22972, 24922, 25417, 26018,
    26083, 27226, 30554, 30768, 32317, 32658, 32795, 34459, 34504, 36472, 36899, 38916,
    40596, 40635, 44192, 45799, 46435, 46620, 47560, 47783, 48336, 50551, 52235, 53491,
    56295, 59573, 59727, 60468, 60858, 61232, 61421, 62013, 64107, 65696, 69405, 70607,
    70982, 74703, 76289, 76492, 77153, 78133, 78331, 80353, 81251, 83434, 84007, 84317,
    85668, 87425, 88722, 89005, 93146, 94524, 95277, 96941, 97844, 98012, 99401, 99627,
    99707, 99780, 102382, 103630, 106779, 107657, 107817, 107857, 118691, 120738,
    121233, 122589, 123143, 126244, 127362, 130170, 131845, 132696, 133515, 133557,
    137033, 138130, 140666, 142621, 145711, 146064, 146224, 148641, 149722, 150554,
    150900, 151808, 152231, 153020, 153394, 155728, 156067, 157494, 161135, 163146,
    163427, 166704, 166911, 167398, 169198, 169285, 171371, 171465, 172227, 174922,
    175395, 178782, 179576, 182117, 182209, 182489, 185344, 187932, 191113, 191872,
    193254, 194395, 194407, 197012, 197098, 198602, 199886, 201906, 202043, 205412,
    206380, 207220, 207822, 209421, 210442, 210916, 220287, 220969, 222296, 222587,
    223161, 223203, 224722, 225856, 227813, 228262, 229157, 234645, 235488, 236156,
    238488, 238518, 239393, 242329, 243625, 243657, 244256, 244555, 244970, 245874,
    247884, 250344, 252102, 257411, 258016, 258601, 260479, 261613, 261991, 264292,
    265470, 266077, 266221, 267214, 269275, 269712, 273042, 273583, 277612, 277974,
    278772, 280113, 281730, 282939, 284414, 285018, 287950, 290171, 290754, 291682,
    292605, 293389, 294236, 295437, 296875, 301224, 304372, 305691, 306231, 308221,
    313947, 314313, 314652, 314758, 316730, 318801, 320974, 322092, 322599, 322875,
    326507, 331624, 331786, 336649, 337835, 339222, 339952, 341942, 342081, 345722,
    347389, 351800, 351845, 356760, 362752, 363637, 364864, 366658, 367442, 368395,
    368597, 368873, 371002, 371244, 376826, 376870, 378180, 379544, 387170, 387313,
    390931, 393577, 393916, 394991, 395478, 396533, 398024, 398049, 398131, 404922,
    405140, 405182, 406136, 409295, 409340, 410679, 412510, 412837, 413480, 415363,
    415450, 419473, 421305, 422020, 424102, 426153, 435058, 435732, 436524, 437794,
    438442, 438715, 441443, 442219, 442572, 447054, 447153, 448938, 449142, 450002,
    457669, 457692, 458300, 458309, 460229, 465599, 466786, 468714, 469189, 470136,
    473559, 476166, 476321, 477184, 477474, 478545, 479754, 480980, 483189, 483954,
    484385, 486205, 486644, 486785, 487581, 490705, 491294, 494051, 496142, 498021,
    501522, 501719, 502209, 504158, 505712, 506647, 506879, 506935, 507639, 511532,
    513687, 516171, 516526, 517064, 518147, 519092, 521124, 522630, 522723, 523553,
    525608, 526357, 527333, 529830, 532742, 534824, 535528, 538631, 539211, 542917,
    543021, 543745, 548637, 549180, 549183, 549305, 550488, 552126, 555844, 556109,
    561496, 561725, 562804, 563401, 563531, 564895, 567532, 568178, 568277, 568778,
    568870, 569938, 571910, 575527, 581898, 583113, 586675, 587365, 588096, 591276,
    591825, 592511, 592716, 592755, 594081, 597201, 598742, 600422, 601095, 602790,
    605795, 606989, 607707, 608117, 608154, 613729, 614755, 618607, 619675, 620320,
    620806, 622469, 623445, 624254, 624263, 624750, 626231, 626935, 627690, 628062,
    628366, 632930, 633911, 635741, 636498, 636778, 639405, 641864, 642477, 643256,
    643535, 645258, 648091, 650086, 650540, 650607, 652403, 652603, 653030, 654390,
    655021, 655195, 655630, 656325, 656682, 657328, 658686, 660973, 663022, 663986,
    665030, 666411, 667017, 667255, 667319, 667445, 670640, 670898, 671656, 671871,
    671958, 672408, 673451, 673527, 673762, 676585, 678572, 681486, 683951, 686456,
    689383, 690979, 691535, 692045, 692855, 695136, 695950, 697191, 697236, 698432,
    698634, 699463, 699718, 703093, 710493, 710504, 710557, 710575, 710958, 714528,
    716318, 717910, 718147, 718252, 718570]
  prime: 9999999967
type: mrnaseq
version: '0.2'
