class: sourmash_signature
email: titus@idyll.org
filename: SRR2241509_1.fastq.gz.trimnoV.fq.gz
name: disease mouse
signatures:
- ksize: 16
  md5sum: e05821b96907fb4c9b3fb7be007a65c3
  mins: [0, 69, 147, 576, 1114, 1206, 1853, 3021, 3060, 3188, 3788, 4119, 4545, 6250,
    6251, 6414, 6498, 7128, 7222, 8548, 8777, 9330, 10024, 10221, 10252, 10668, 10842,
    10856, 11374, 11696, 12332, 14461, 17056, 17828, 17903, 18461, 19070, 20544, 20952,
    21257, 21459, 21503, 23998, 24045, 25844, 26445, 29279, 32674, 33265, 33542, 34145,
    34261, 36601, 37200, 37686, 38109, 38151, 39067, 41805, 42687, 45736, 46003, 46378,
    46772, 50268, 50731, 51289, 52227, 53013, 53757, 54003, 54167, 55295, 55578, 55633,
    56563, 57148, 60366, 61451, 61591, 62621, 62851, 63214, 63798, 64134, 65082, 65084,
    68170, 68675, 68739, 68801, 69347, 71326, 71689, 72068, 72946, 73454, 74030, 74652,
    75928, 76266, 76460, 76730, 76929, 77075, 77732, 77784, 79170, 81637, 82510, 83813,
    85230, 85396, 85436, 85981, 86528, 88436, 89151, 90756, 91967, 92551, 93754, 93928,
    94900, 94948, 95269, 95931, 96007, 96045, 96150, 96313, 96327, 96478, 98333, 100770,
    101047, 101272, 102236, 103362, 103588, 104709, 105196, 108109, 108384, 108642,
    109829, 110372, 111150, 113304, 114904, 114990, 115764, 116204, 116688, 116936,
    118316, 118894, 119871, 121487, 121772, 123629, 123901, 124710, 124869, 125376,
    125592, 126367, 126479, 128136, 128414, 129190, 129532, 130165, 130185, 133211,
    133228, 133326, 133435, 134291, 135280, 135594, 136178, 136230, 136484, 137752,
    139565, 140035, 140136, 140271, 140283, 140692, 140969, 141746, 143370, 143998,
    144170, 150949, 151000, 151515, 152765, 153244, 155485, 155557, 155614, 156404,
    156775, 157131, 158184, 158767, 162484, 163291, 163562, 164448, 164484, 165284,
    165378, 165555, 165744, 168099, 168429, 169484, 169651, 170057, 170254, 170412,
    174699, 175727, 176994, 177597, 177963, 178660, 179288, 179620, 181137, 181666,
    182254, 182701, 183848, 184109, 185011, 186150, 188335, 189472, 189863, 190326,
    191826, 192023, 192289, 192297, 192748, 193001, 193945, 194155, 194931, 195678,
    196327, 198525, 200502, 202392, 204338, 205237, 205551, 205689, 206414, 208390,
    208523, 211556, 211673, 211873, 212862, 213052, 213492, 213795, 214545, 215138,
    215312, 215609, 215731, 217008, 217615, 218300, 219514, 220751, 221926, 222140,
    223280, 224387, 225193, 225652, 226007, 226321, 226481, 226965, 227054, 227556,
    228082, 228211, 229812, 230749, 231386, 231484, 232070, 232470, 233804, 233967,
    234356, 234904, 234933, 235502, 235899, 235948, 236137, 236281, 237671, 238781,
    240003, 244083, 245516, 246726, 248254, 248744, 249044, 249374, 251421, 252462,
    252598, 252735, 253268, 254202, 254498, 255657, 255695, 256507, 256709, 257234,
    257314, 257631, 257887, 259614, 261000, 261439, 261707, 261922, 262522, 262579,
    263061, 263086, 263131, 265456, 265605, 265641, 266718, 267392, 267896, 267973,
    268705, 269128, 269841, 270213, 270378, 270400, 271026, 271344, 271670, 273235,
    273929, 275322, 275381, 276056, 276235, 276928, 277615, 278609, 279529, 279668,
    281415, 281547, 282792, 283209, 284978, 285286, 287510, 290358, 290905, 291050,
    291477, 292825, 293215, 294060, 294943, 295439, 296017, 297657, 297990, 298716,
    300162, 301372, 302921, 304055, 305347, 305785, 306079, 306273, 306308, 306456,
    306584, 307120, 308245, 308295, 308929, 309547, 309818, 310097, 311104, 311262,
    311451, 312149, 312408, 312929, 314435, 315058, 315822, 315962, 317076, 319970,
    320796, 321520, 322885, 323280, 324385, 324633, 325301, 325972, 327154, 329694,
    330416, 330856, 331602, 333191, 333301, 333648, 334343, 334376, 334481, 334730,
    335089, 335332, 335604, 335676, 336555, 337139, 337325, 337366, 337453, 337920,
    338918, 339057, 339139, 339266, 340690, 345284, 345298, 345492, 346082, 348837,
    349034, 349636, 349687, 349933, 350045, 352135, 354882, 355067, 355720, 355857,
    357299, 357333, 358193, 358501, 359107, 359218, 359951, 360415, 361346, 361579,
    361689, 361754, 363405, 365007, 365261, 365412, 366140, 366208, 366579, 367118,
    367985, 368515, 368786, 369420, 369570]
  prime: 9999999967
- ksize: 22
  md5sum: 24d1cd9c507618897342c80c196a0159
  mins: [0, 776, 1062, 1813, 1897, 3257, 4914, 5476, 6355, 7481, 8867, 8922, 10816,
    11446, 12867, 12880, 13685, 14097, 14396, 14924, 15246, 15295, 15799, 15943, 16564,
    16837, 17788, 17820, 18071, 18178, 18217, 18627, 18941, 19523, 20354, 20803, 22326,
    22959, 24711, 24827, 25569, 25802, 27178, 27802, 28806, 28870, 28950, 29265, 30404,
    30810, 30813, 31215, 32258, 33281, 33309, 33940, 35221, 35330, 35929, 36185, 38491,
    38769, 39052, 39327, 39677, 40573, 40955, 41380, 42107, 43330, 43497, 43653, 44080,
    44482, 45144, 45881, 47630, 50242, 50966, 51211, 52800, 53353, 53781, 53809, 53853,
    54645, 55140, 55801, 57767, 57777, 58904, 59092, 59555, 60087, 60326, 60800, 62601,
    63603, 63747, 64501, 66207, 66258, 66500, 66611, 66747, 67305, 67524, 67608, 68209,
    68228, 69401, 69784, 70134, 70871, 72286, 72360, 72440, 72630, 73371, 73830, 74637,
    76580, 77690, 77950, 79660, 80519, 81634, 82046, 82584, 83150, 83202, 83339, 83494,
    84613, 86454, 86609, 88224, 88342, 88413, 90798, 90842, 91449, 92129, 92772, 93330,
    95620, 95998, 96748, 96835, 99371, 100246, 100633, 100893, 100937, 101589, 102629,
    103249, 103583, 104337, 107309, 107409, 108915, 109021, 111119, 111685, 112105,
    114100, 114175, 114506, 115661, 118828, 119255, 119505, 119540, 119541, 119867,
    120000, 120126, 120861, 121574, 122261, 122926, 123137, 123624, 123646, 124185,
    124534, 125314, 126751, 128003, 128179, 128368, 130252, 130337, 131663, 132249,
    132983, 133543, 133597, 134244, 134428, 136455, 136602, 136678, 137574, 139386,
    140130, 140459, 141157, 141229, 141259, 141762, 141999, 142008, 142220, 143507,
    143661, 147094, 147550, 147845, 148229, 148459, 150088, 150219, 151634, 151676,
    152839, 155269, 155733, 156232, 157376, 157990, 158604, 158617, 158916, 159214,
    159533, 160329, 160530, 161543, 161671, 162408, 162976, 163593, 164586, 165559,
    165870, 166968, 167251, 167820, 167911, 167923, 168042, 169292, 169414, 169918,
    169950, 173684, 174031, 174649, 174711, 175177, 175369, 175605, 175951, 177096,
    177520, 177536, 178125, 180410, 180580, 181368, 181997, 183555, 183656, 184481,
    185171, 185248, 185327, 185842, 186051, 186506, 186818, 187273, 187791, 188003,
    189414, 189486, 190408, 190472, 190619, 190626, 192371, 192950, 194745, 195410,
    196413, 196939, 197522, 197874, 198084, 198153, 199109, 199266, 199291, 199390,
    200028, 201378, 201608, 201656, 202365, 202848, 203040, 203805, 205493, 205633,
    205697, 206155, 207078, 207485, 207534, 208381, 210496, 210767, 211286, 211523,
    212904, 214378, 214782, 215071, 215960, 216960, 217276, 217763, 217844, 218185,
    218227, 219617, 220427, 220898, 221684, 222246, 222716, 222976, 223085, 224441,
    226278, 230868, 231906, 233250, 233332, 233679, 235142, 237341, 237658, 237754,
    239346, 239570, 240596, 240904, 241341, 241924, 243765, 243878, 244358, 244381,
    245001, 245262, 245571, 245604, 246192, 246194, 247350, 248157, 248222, 249298,
    251366, 251610, 251770, 251980, 255028, 255383, 255643, 255792, 257098, 257739,
    258323, 258532, 259077, 259422, 259481, 261325, 262768, 263109, 263404, 264073,
    264619, 264733, 265057, 265454, 266672, 267085, 268044, 268941, 269298, 269654,
    270153, 271065, 272521, 273306, 273456, 274572, 274787, 276336, 277989, 278394,
    278428, 278463, 279048, 279375, 280463, 280509, 281242, 282083, 282608, 283252,
    283815, 284171, 286783, 287454, 288778, 289939, 290144, 290362, 291354, 291651,
    291973, 292116, 292347, 292540, 293232, 293875, 294041, 294461, 294786, 297656,
    298039, 300274, 300431, 300473, 300484, 301541, 301877, 302901, 302987, 304457,
    305005, 308359, 308545, 308902, 309708, 310252, 310644, 310990, 312346, 312502,
    312880, 313673, 314078, 314610, 315092, 315618, 315768, 315960, 317139, 317325,
    318798, 318819, 319707, 321051, 321107, 321313, 321695, 322297, 323384, 323647,
    323722, 324670, 325085, 325255, 325890, 326029, 326862, 327183, 327412, 328670,
    329738, 329999, 330146, 330159]
  prime: 9999999967
- ksize: 31
  md5sum: 429725f8a16128b2a20a73c3f8d87499
  mins: [118, 2085, 2093, 2291, 5015, 5958, 6431, 8055, 8933, 9155, 9411, 12938, 14273,
    14703, 14710, 17473, 17540, 18377, 18382, 18850, 19226, 20141, 20377, 20848, 21185,
    22310, 22383, 22656, 22702, 23667, 24427, 24452, 24711, 25703, 26066, 26127, 26511,
    26873, 26960, 29221, 30611, 32111, 32524, 33291, 33293, 33346, 35963, 36558, 36920,
    37273, 37835, 38606, 38819, 40070, 40446, 41005, 41136, 42051, 42290, 42295, 42493,
    42599, 47143, 48303, 48417, 48449, 50786, 50805, 51952, 52172, 52692, 53699, 54598,
    55771, 56229, 57458, 57712, 58283, 59849, 59860, 60691, 60715, 60727, 61113, 61142,
    61266, 61685, 61955, 62172, 62258, 63571, 64182, 66091, 66355, 66811, 68412, 69003,
    69057, 69228, 69358, 69795, 70108, 70406, 70604, 70775, 71010, 71315, 71680, 71730,
    71918, 72747, 74066, 76297, 79797, 80299, 80788, 81159, 82037, 82189, 82207, 82284,
    82491, 84247, 84335, 84395, 84955, 85547, 85568, 86157, 86195, 86559, 87101, 87571,
    88569, 89035, 89805, 90334, 91120, 91350, 92516, 93335, 94035, 94109, 94267, 94878,
    95619, 97871, 99575, 99658, 99706, 100022, 100039, 100211, 100225, 100621, 101355,
    101985, 102125, 102478, 102668, 103698, 103792, 104057, 104396, 104783, 104949,
    105773, 105875, 106267, 106308, 108519, 108651, 109805, 110103, 110721, 111052,
    111602, 112069, 113293, 113501, 113534, 113661, 113901, 115787, 116499, 116822,
    116835, 117520, 117803, 119094, 119242, 119380, 120456, 120568, 122056, 122320,
    122492, 123140, 123307, 123852, 124234, 124363, 125193, 125671, 126092, 126739,
    126803, 127084, 127962, 128527, 130848, 132471, 133064, 133102, 133404, 133553,
    133859, 133906, 134819, 135232, 135422, 136960, 137074, 138071, 139371, 140312,
    141665, 142269, 143308, 143720, 144856, 145695, 146138, 146696, 148102, 148168,
    148585, 149589, 150092, 150306, 150662, 150811, 151156, 151365, 151426, 151803,
    152682, 152809, 152826, 154251, 155504, 155704, 156340, 156425, 156821, 157867,
    158718, 159068, 159719, 159826, 160689, 160754, 161065, 161256, 161763, 162730,
    162909, 163132, 163165, 163453, 163511, 164311, 165362, 165386, 166083, 166207,
    166984, 167827, 168306, 168321, 168650, 169114, 169456, 169530, 170214, 171318,
    173884, 175058, 175395, 175651, 176555, 177062, 178114, 178325, 178450, 178615,
    178806, 179089, 179835, 179964, 182416, 182773, 183181, 184173, 186669, 186906,
    186978, 188308, 189341, 190900, 190933, 191383, 191465, 192316, 193610, 193898,
    194463, 194504, 194606, 195280, 195285, 195647, 196899, 198758, 199040, 199049,
    199411, 199595, 200543, 200837, 201680, 202232, 204330, 204991, 205575, 206868,
    206988, 207217, 207816, 209304, 210117, 210805, 211501, 212049, 212111, 212773,
    213621, 214348, 214816, 215865, 217040, 218369, 218812, 219820, 220299, 220620,
    220766, 221520, 221956, 223257, 223803, 224717, 224797, 225737, 226088, 226624,
    227170, 228364, 229563, 229705, 229968, 229976, 230125, 230461, 231337, 231589,
    231838, 232373, 233218, 234542, 234568, 234581, 235864, 235948, 236276, 237715,
    237843, 238146, 238877, 239634, 239770, 240734, 240761, 241099, 241289, 241534,
    241590, 241645, 243065, 243091, 244563, 244883, 245320, 245445, 245670, 245888,
    246119, 246225, 246696, 247258, 247543, 247855, 248293, 251751, 252572, 253578,
    254395, 254412, 256462, 256648, 257171, 257630, 258780, 258822, 259385, 259420,
    259550, 260340, 260703, 261119, 261330, 261741, 262291, 262566, 263072, 264357,
    264668, 264746, 264963, 265965, 267127, 267318, 268228, 269284, 269341, 269723,
    270880, 272999, 273034, 273167, 274233, 274477, 274738, 275242, 276240, 276384,
    276977, 278172, 278205, 278352, 279712, 279762, 280907, 281316, 281414, 281558,
    284759, 286394, 287493, 288863, 291493, 291512, 291732, 291785, 292110, 292654,
    293219, 293286, 293645, 294430, 294512, 294816, 294847, 295099, 296027, 296431,
    296851, 297537, 299162, 299322, 300047, 302085, 302383, 302501, 302778, 302808,
    303877, 304211, 304314, 304916]
  prime: 9999999967
- ksize: 32
  md5sum: 48b213d533253d283ca7ac9f8101179e
  mins: [0, 219, 710, 1236, 3426, 3775, 3843, 4562, 4805, 6102, 6908, 7942, 8181,
    8354, 8882, 9308, 10315, 12927, 15701, 16398, 16615, 17025, 18118, 18716, 19722,
    19753, 19989, 20156, 20333, 21387, 21446, 22121, 24651, 24843, 25629, 25634, 26018,
    26100, 26542, 26627, 27437, 27543, 28075, 28986, 29572, 30016, 30115, 32051, 32621,
    32658, 32671, 32795, 36472, 36622, 37425, 38229, 39023, 40596, 42075, 42268, 44337,
    45473, 46435, 48230, 49015, 51040, 51381, 51716, 52737, 53491, 53548, 53619, 53840,
    55826, 56987, 58351, 58439, 59430, 59573, 59714, 60468, 61421, 62195, 64007, 67272,
    67829, 67838, 70607, 71039, 73156, 73568, 73702, 74170, 75277, 75493, 75956, 75960,
    76289, 77153, 78077, 78331, 78603, 78848, 79990, 80095, 82231, 84007, 84094, 85092,
    85407, 85668, 85877, 87106, 87425, 88301, 88546, 88722, 90795, 92376, 92723, 95302,
    95420, 96941, 97184, 97786, 97844, 98012, 99393, 99401, 99780, 101240, 101780,
    102382, 103027, 103630, 103676, 103718, 103866, 104790, 105316, 105751, 106148,
    106486, 106536, 107817, 107857, 108397, 109664, 109795, 110164, 110361, 110457,
    112962, 113740, 113766, 114988, 115743, 116896, 117449, 118691, 118758, 119136,
    119159, 119274, 121242, 121816, 122382, 124917, 126244, 126844, 127362, 127616,
    129368, 130170, 130193, 130768, 131845, 132151, 133495, 133515, 133557, 134987,
    135056, 136870, 137473, 137803, 137935, 138645, 139061, 140666, 141629, 141728,
    142621, 143696, 143921, 144508, 144771, 145257, 145295, 145309, 145692, 146041,
    146301, 146352, 146372, 146589, 149409, 149820, 150554, 151017, 153073, 155456,
    155500, 155551, 155742, 156067, 157608, 158543, 158874, 159164, 159299, 159889,
    160855, 161667, 162386, 162466, 162775, 165163, 166704, 167302, 167361, 167398,
    169198, 169285, 170108, 170827, 171565, 171695, 172227, 172343, 172405, 173015,
    174402, 175270, 176687, 176891, 179274, 180433, 180890, 181968, 182763, 182982,
    183583, 183758, 184035, 184118, 184579, 185564, 187932, 188028, 188248, 189347,
    190745, 191001, 191113, 193097, 194374, 196346, 196897, 197066, 197523, 197770,
    197976, 198602, 199338, 199369, 199511, 199886, 200368, 200447, 200930, 201906,
    202302, 202579, 202728, 204050, 204380, 204942, 205291, 205877, 207220, 207257,
    207740, 207839, 208904, 210617, 212110, 212878, 212903, 213277, 213455, 214579,
    214878, 215243, 215524, 215768, 217843, 218882, 219694, 220480, 220605, 221092,
    221197, 221306, 221982, 222196, 222476, 222587, 222982, 224560, 224722, 225528,
    225572, 227023, 228262, 229555, 230649, 232117, 233126, 233413, 233760, 234645,
    234983, 235305, 235488, 235941, 236866, 237576, 238488, 238963, 239341, 240454,
    241502, 242329, 243350, 243358, 243625, 244256, 244555, 244970, 245005, 246746,
    247687, 248154, 248254, 249040, 249248, 249511, 249928, 250344, 250592, 250841,
    250938, 251232, 251528, 253368, 254057, 254381, 254448, 254822, 255165, 256273,
    257375, 258016, 261839, 263526, 263638, 264432, 264800, 265650, 266077, 266122,
    267214, 267288, 267456, 268098, 268672, 268707, 271776, 271810, 272441, 272454,
    272586, 272837, 273052, 273507, 273930, 276077, 276771, 277390, 277432, 278412,
    278675, 279986, 280649, 281338, 282939, 284414, 285018, 285879, 286814, 287043,
    287909, 288503, 288672, 288948, 288976, 289761, 289817, 290187, 290242, 291920,
    294253, 295265, 295491, 296063, 297295, 297313, 298128, 299043, 299505, 300335,
    301224, 301434, 301535, 301641, 301999, 302963, 303130, 303726, 303805, 303914,
    305167, 305260, 305382, 305691, 306971, 308221, 308293, 309018, 311089, 311871,
    312511, 312902, 312970, 315379, 315685, 315702, 315915, 316252, 316551, 317016,
    317040, 318518, 318593, 318624, 320444, 322149, 322875, 325071, 326507, 329173,
    331488, 331624, 331998, 332976, 333144, 333230, 334972, 335014, 335046, 335874,
    336037, 336386, 336481, 336649, 336946, 337996, 339074, 339467, 340165, 340533,
    341061, 341942, 342940, 343182, 343567, 343943, 344012, 344153]
  prime: 9999999967
type: mrnaseq
version: '0.2'
