class: sourmash_signature
email: titus@idyll.org
filename: SRR2060939_1.fastq.gz.trimnoV.fq.gz
name: house mouse
signatures:
- ksize: 16
  md5sum: 174cf77ee2b5690c819c4e9bb1b74882
  mins: [0, 9, 69, 123, 147, 576, 1114, 2416, 3615, 3788, 4119, 4406, 4545, 5139,
    6310, 7125, 7128, 7222, 8560, 8777, 9330, 10730, 10842, 11374, 11696, 13074, 14688,
    15176, 17714, 18461, 19070, 19263, 19501, 20544, 20633, 21062, 21469, 21947, 22181,
    22444, 25844, 28444, 29864, 32166, 33265, 33448, 34058, 34261, 35096, 35511, 37256,
    38018, 41500, 42947, 43101, 44931, 45736, 46003, 46772, 47206, 48101, 50128, 50228,
    51314, 51901, 53069, 53793, 53891, 54167, 54504, 54777, 54970, 55783, 56526, 56676,
    57075, 57148, 58173, 58284, 61591, 62581, 63214, 63798, 64134, 64458, 64758, 65082,
    65846, 66074, 66205, 67205, 67875, 68170, 68673, 68801, 69347, 69872, 71326, 71851,
    73454, 74129, 74479, 75223, 75346, 76329, 76460, 76730, 77075, 78478, 79008, 79044,
    80593, 80829, 81720, 83813, 84471, 85230, 85981, 86683, 87563, 90121, 90576, 90756,
    90784, 91968, 92551, 93792, 94660, 94872, 95269, 95825, 95931, 97747, 98630, 101047,
    102236, 102297, 103183, 103362, 103580, 103588, 103998, 104415, 104709, 104982,
    105196, 105327, 105706, 106797, 108642, 110252, 110372, 110648, 112213, 113340,
    114569, 114904, 115224, 115764, 116204, 116469, 116688, 118316, 118479, 118621,
    118894, 119348, 119602, 119871, 121487, 121772, 122964, 123402, 123629, 123841,
    124869, 125376, 125592, 126744, 128136, 128378, 130165, 132927, 133435, 133754,
    134291, 134568, 135091, 135280, 136189, 136230, 136484, 136669, 138331, 138708,
    140035, 140271, 140283, 140969, 141509, 143216, 143316, 144170, 146788, 146863,
    148438, 148455, 149799, 150455, 151212, 151515, 151623, 151886, 151959, 153582,
    154765, 155602, 159210, 160023, 160547, 162316, 162323, 164695, 165378, 165560,
    166197, 166769, 167669, 169559, 170057, 170412, 171321, 172779, 172906, 173863,
    176058, 177048, 177597, 177733, 177963, 178128, 178660, 181666, 182701, 182723,
    183268, 183596, 185011, 185837, 188202, 189231, 189238, 189472, 189616, 190188,
    190326, 191189, 191429, 192023, 192289, 192363, 193363, 194155, 195733, 196754,
    197643, 199292, 199806, 199807, 200872, 202392, 202483, 204305, 205237, 207209,
    208523, 208722, 210792, 212139, 213052, 214401, 215385, 215731, 216018, 217008,
    217615, 221373, 221602, 221751, 222140, 222503, 223280, 223983, 224387, 225193,
    225324, 225652, 225660, 226481, 227430, 228082, 228351, 229493, 229554, 230281,
    231484, 232070, 232470, 233190, 235247, 235795, 237704, 237751, 238871, 239044,
    240003, 240421, 241137, 242322, 242476, 243659, 245118, 245221, 246726, 248254,
    249044, 249140, 250656, 251194, 251421, 251555, 252598, 252735, 253728, 254143,
    254258, 254701, 255363, 255657, 256041, 256709, 257234, 258164, 258663, 261240,
    261707, 261922, 262522, 262823, 263131, 263317, 263804, 265499, 265592, 265605,
    267392, 267398, 268256, 268313, 268705, 269570, 269912, 270378, 270810, 271344,
    271852, 273617, 273929, 274180, 275322, 275381, 275763, 276806, 276928, 277112,
    277127, 278609, 278843, 279264, 279529, 281265, 281277, 281547, 282304, 283209,
    283213, 283928, 284083, 285286, 285667, 286080, 287457, 288856, 291477, 291510,
    291913, 292933, 293215, 294060, 294668, 294943, 296017, 296631, 297657, 299670,
    301372, 303252, 304055, 304421, 304428, 304565, 304634, 305785, 306273, 306456,
    306584, 306777, 307359, 307583, 307726, 308245, 309414, 310411, 311184, 311492,
    312087, 312929, 313753, 314610, 314995, 317076, 318331, 319712, 320381, 321513,
    322118, 322885, 323489, 324633, 325972, 326128, 329192, 329802, 330416, 333337,
    334020, 334121, 334135, 334297, 334730, 335676, 337158, 337366, 337453, 337701,
    337920, 338519, 339266, 340098, 343226, 345492, 346428, 346894, 347093, 348082,
    348535, 349773, 349933, 350045, 352135, 352304, 353221, 355067, 357333, 358193,
    358380, 359077, 359107, 359218, 359434, 361346, 361754, 362972, 364078, 364585,
    365007, 366220, 366452, 367458, 368515, 369183, 369313, 369570, 369790, 369875,
    371017, 371026, 373225, 373655, 374132]
  prime: 9999999967
- ksize: 22
  md5sum: 9ea67bb3ddcf36b599bf96578517ef39
  mins: [0, 108, 359, 1062, 1108, 1114, 1897, 2485, 3257, 3884, 4914, 6123, 6249,
    6355, 6571, 7050, 7481, 7523, 9485, 9557, 10666, 11177, 11688, 12880, 13267, 13295,
    13678, 13685, 14097, 15692, 15943, 16354, 17315, 17820, 18178, 18217, 19523, 20016,
    20354, 20680, 20803, 21344, 23776, 23944, 24827, 25073, 25768, 26205, 27178, 28870,
    29265, 31380, 31584, 32284, 33281, 35221, 36011, 36185, 36191, 36287, 36944, 37190,
    39842, 41075, 41184, 41479, 43653, 43930, 44323, 45144, 48719, 50760, 50832, 51393,
    51936, 52430, 53353, 53853, 55140, 55399, 55593, 56717, 58685, 60058, 60087, 60326,
    60560, 60800, 60872, 62932, 63747, 64121, 65233, 65313, 66167, 66747, 67305, 67524,
    69397, 71070, 71268, 71840, 71911, 72286, 72360, 72492, 73205, 73371, 75883, 76448,
    76571, 77359, 77370, 78995, 79379, 80521, 81047, 81634, 82584, 82940, 83225, 84539,
    85159, 85857, 86454, 86609, 86679, 88224, 88947, 89577, 90030, 90549, 90571, 91014,
    91211, 91238, 92772, 93701, 95620, 96495, 96748, 97578, 98997, 99427, 100051,
    100246, 100893, 100937, 101132, 102076, 102999, 104337, 104677, 105426, 105816,
    106556, 107726, 108915, 109213, 111364, 111401, 113678, 114506, 115666, 116896,
    118749, 119541, 119618, 119919, 120950, 122357, 122647, 123338, 124270, 126002,
    127748, 128260, 130252, 130337, 130561, 131663, 132249, 132983, 135318, 135780,
    135812, 135817, 136678, 137116, 138130, 140094, 141762, 141813, 142202, 142220,
    142261, 142508, 142760, 144446, 144752, 145231, 145803, 145961, 146070, 147502,
    147550, 147902, 148459, 150088, 150219, 151676, 152839, 153481, 154952, 155479,
    156160, 157745, 157990, 158073, 158272, 158604, 159214, 159272, 159611, 162869,
    162895, 163367, 163593, 165559, 165870, 166685, 167911, 167923, 169414, 169637,
    169950, 170292, 170443, 171830, 172044, 172062, 173607, 174056, 174649, 174711,
    174805, 175164, 177096, 177408, 178298, 179022, 179717, 180758, 181368, 182401,
    182867, 182874, 183495, 183555, 185248, 186610, 186818, 187577, 187757, 189414,
    189585, 190102, 190386, 190472, 190626, 190963, 191132, 192469, 194117, 194321,
    196413, 196525, 197874, 198084, 199266, 199291, 199933, 200028, 200743, 201378,
    201608, 201656, 202848, 204979, 205633, 205697, 205722, 205919, 206016, 207384,
    207485, 207534, 209520, 210328, 211523, 211772, 211807, 212746, 214107, 214378,
    215960, 216960, 217733, 217763, 218227, 219619, 221684, 221876, 222071, 222716,
    222842, 224214, 224547, 225357, 226278, 226591, 226606, 227477, 227547, 230550,
    230867, 232932, 233250, 234637, 234976, 235142, 236897, 237180, 237658, 239288,
    240239, 240768, 241137, 241924, 241947, 242035, 242576, 244860, 245571, 245604,
    246192, 246614, 247222, 247979, 249117, 249240, 249350, 249569, 250393, 251236,
    251582, 251610, 252013, 252820, 253838, 258532, 259077, 260219, 261325, 261736,
    264854, 264927, 268060, 268244, 268288, 268879, 269331, 269752, 271065, 271242,
    273306, 274026, 274070, 274075, 275115, 275954, 276216, 278394, 278428, 278463,
    278675, 280251, 280309, 280926, 281242, 282083, 282696, 283421, 283466, 286493,
    288239, 288433, 288587, 290129, 290933, 291354, 291973, 292002, 292116, 292347,
    292862, 293917, 294041, 294516, 295903, 298039, 299462, 299783, 300473, 301541,
    301877, 301914, 302768, 302898, 302948, 302987, 303459, 303665, 305959, 308545,
    308902, 309214, 309708, 310112, 312325, 312346, 312639, 312876, 312949, 313673,
    313716, 313897, 315092, 315877, 316291, 316371, 317369, 318689, 318819, 319832,
    321454, 321466, 322809, 323384, 323598, 323647, 325085, 326029, 326862, 327183,
    329738, 330566, 331188, 332343, 332395, 332599, 332822, 332995, 333179, 333431,
    336961, 338174, 338342, 338434, 338495, 341164, 341765, 342544, 342692, 346181,
    346353, 347693, 349232, 349554, 350177, 351153, 352547, 354733, 355014, 355931,
    356333, 356687, 357350, 357737, 358232, 359013, 360721, 360946, 362527, 362971,
    363054, 363297, 363759, 363921, 364140]
  prime: 9999999967
- ksize: 31
  md5sum: efe985071337181f04bfb374ec3f9b8c
  mins: [134, 580, 1765, 2085, 2291, 2548, 2894, 6305, 6431, 7481, 8662, 9192, 9489,
    9694, 10638, 10709, 11057, 11504, 12012, 12938, 12963, 13217, 13523, 14654, 15028,
    15374, 17085, 17371, 18156, 18377, 19686, 20548, 20848, 21185, 21760, 22367, 22415,
    22646, 22782, 24452, 24849, 25703, 26066, 26873, 28296, 29506, 30911, 32111, 32524,
    33202, 33318, 34566, 35195, 35577, 37798, 41005, 41810, 42051, 42295, 42498, 42777,
    42925, 44210, 45424, 45590, 45887, 46634, 48627, 49253, 49731, 50286, 50786, 52172,
    52212, 52717, 52843, 53699, 56498, 57712, 58194, 59860, 59940, 61587, 62258, 63265,
    63571, 64098, 66611, 67012, 69003, 70029, 70569, 71010, 71569, 72079, 74221, 74721,
    76806, 77055, 77216, 77822, 79318, 79797, 80069, 80210, 80299, 80571, 81974, 82284,
    82491, 82532, 84395, 84955, 86195, 86559, 87101, 88528, 88569, 88795, 89010, 89799,
    90963, 91120, 91166, 91238, 91381, 91814, 92500, 93076, 93335, 94835, 94878, 96186,
    97871, 100022, 100621, 100751, 101318, 102415, 102539, 103272, 103304, 106059,
    108043, 108523, 109537, 109634, 109805, 109969, 110229, 111164, 112069, 112198,
    113293, 113534, 113707, 113901, 115687, 116709, 117949, 119094, 119241, 119380,
    119546, 119862, 120568, 120797, 122016, 122345, 122492, 123185, 123513, 123770,
    125075, 125576, 126092, 126345, 126407, 126510, 127103, 127826, 128527, 130811,
    133728, 133859, 133906, 133964, 134297, 135232, 135828, 136762, 137074, 137750,
    137778, 138057, 138247, 139371, 140357, 142495, 142534, 143027, 143654, 143676,
    143720, 145009, 146138, 146696, 146861, 147847, 148102, 148585, 148842, 148883,
    150092, 151290, 151426, 152231, 152826, 153528, 153888, 154251, 154772, 155504,
    156562, 156821, 157505, 157535, 158366, 158470, 160689, 162730, 163453, 164946,
    166083, 167093, 167827, 168297, 169913, 171338, 172687, 175651, 177062, 178114,
    178421, 178450, 178870, 179208, 182416, 183136, 184404, 186978, 188196, 188308,
    188485, 190266, 191622, 192128, 192518, 194960, 195285, 195647, 198073, 199313,
    200589, 200696, 201058, 201361, 203587, 206022, 207714, 207816, 209048, 209304,
    209494, 210266, 210595, 210742, 211898, 212573, 212629, 212773, 215683, 215764,
    216570, 218812, 218938, 218958, 218961, 219485, 220017, 222004, 222140, 224717,
    224852, 225019, 226497, 227170, 228294, 228407, 228507, 228614, 229705, 229741,
    229976, 230545, 230585, 231337, 232188, 233218, 233738, 235375, 235474, 235864,
    236276, 237233, 237755, 239904, 240583, 240734, 241531, 241534, 241590, 243091,
    243613, 244540, 244883, 245327, 245445, 245888, 246119, 247411, 247607, 248019,
    248980, 252572, 254412, 254941, 255963, 256033, 256462, 256889, 258154, 258754,
    258791, 259219, 259420, 259568, 260703, 262291, 263316, 264695, 266344, 267318,
    268364, 269026, 269284, 269469, 269723, 270444, 270947, 270986, 274233, 275099,
    276240, 276384, 276982, 278459, 280907, 281414, 282340, 284759, 284788, 285312,
    285797, 285943, 286262, 286394, 286684, 287645, 288198, 288237, 288864, 290033,
    290231, 290275, 291512, 293680, 294512, 295981, 296851, 297182, 299322, 299966,
    300568, 301634, 302548, 303422, 303732, 305438, 306253, 308745, 310074, 312158,
    312987, 313756, 314019, 314598, 315267, 316502, 316581, 318050, 319840, 320006,
    320061, 321579, 321731, 321777, 322853, 323058, 323645, 324725, 324862, 325321,
    326256, 326314, 326898, 326927, 327382, 329378, 329907, 330114, 330980, 331086,
    333562, 333884, 333907, 333965, 337729, 337756, 337870, 338749, 338827, 339186,
    339860, 340174, 340702, 342797, 342823, 343022, 343308, 343487, 343777, 343795,
    346475, 347643, 349136, 350456, 351937, 352041, 352215, 352582, 353367, 354127,
    354705, 355159, 355450, 356453, 356697, 357042, 358165, 358360, 358364, 358475,
    358550, 360129, 361413, 362573, 362739, 363259, 363389, 363437, 364774, 365149,
    365698, 367037, 367215, 367458, 367630, 367716, 370288, 370803, 370837, 372265,
    375916, 376754, 376789, 377092, 377201, 377372, 379323]
  prime: 9999999967
- ksize: 32
  md5sum: 75339a1333cd758bc39ec3f31f621022
  mins: [0, 219, 285, 1114, 1195, 2743, 3029, 3370, 3426, 4562, 6022, 6047, 9308,
    10011, 10315, 11016, 11224, 11411, 12550, 12927, 14196, 14780, 17699, 17734, 18149,
    18560, 18704, 19003, 19721, 19722, 21126, 21446, 21467, 22121, 22972, 24922, 25417,
    25634, 25696, 26018, 26083, 27226, 27281, 27437, 27543, 28075, 28986, 30016, 30402,
    30554, 30768, 31729, 32186, 32317, 32658, 32795, 34459, 34504, 35544, 36080, 36472,
    36899, 38216, 38916, 39283, 39635, 39924, 40596, 40635, 41960, 43105, 44192, 45103,
    45799, 46435, 46620, 47560, 47783, 48336, 49278, 50551, 51660, 52235, 52278, 53491,
    53619, 53840, 54030, 54264, 56295, 57855, 58444, 59430, 59573, 59727, 60468, 60858,
    61232, 61421, 62013, 62611, 64007, 64106, 64107, 65347, 65673, 65696, 67558, 69405,
    70607, 70982, 71039, 71546, 73924, 74703, 75386, 76289, 76492, 77153, 78133, 78331,
    78799, 80353, 80572, 81251, 83434, 84007, 84317, 85668, 86676, 87425, 88722, 89005,
    93146, 93238, 94524, 95277, 95302, 96436, 96941, 97844, 98012, 98918, 99401, 99627,
    99707, 99780, 100169, 101240, 102382, 103027, 103630, 103647, 106779, 107138,
    107657, 107817, 107857, 108836, 109664, 111866, 114609, 114907, 115225, 115379,
    115407, 115743, 118691, 120221, 120738, 121233, 121571, 122090, 122231, 122589,
    123143, 124405, 125884, 126244, 126844, 127362, 127616, 127771, 130170, 131088,
    131845, 132696, 133515, 133557, 137033, 138130, 139770, 140666, 141075, 141629,
    142621, 145711, 146064, 146224, 146376, 146589, 146795, 148024, 148579, 148641,
    149265, 149722, 150554, 150900, 151017, 151120, 151392, 151808, 152109, 152231,
    153020, 153394, 155728, 156067, 157076, 157494, 159164, 159529, 160031, 161135,
    161604, 163038, 163146, 163427, 166704, 166911, 167302, 167398, 168201, 168815,
    169198, 169285, 169735, 171371, 171465, 172227, 172343, 172405, 173644, 174922,
    175395, 178782, 179576, 180763, 182110, 182117, 182209, 182489, 182526, 182763,
    184679, 184730, 185344, 187932, 188028, 189347, 190745, 191113, 191872, 192272,
    192900, 192921, 193254, 194395, 194407, 196182, 197012, 197098, 197677, 197976,
    198602, 199886, 201906, 202043, 202579, 205412, 206380, 207220, 207822, 208904,
    209053, 209421, 210442, 210916, 212277, 212878, 214579, 214878, 217013, 220287,
    220969, 222296, 222587, 222982, 223161, 223203, 224722, 225856, 227190, 227813,
    228249, 228262, 229157, 231528, 232901, 233413, 233760, 234645, 235305, 235488,
    236156, 236866, 238488, 238518, 238871, 238963, 239393, 240454, 242329, 243350,
    243625, 243657, 244028, 244256, 244555, 244970, 245874, 246275, 246746, 246805,
    247455, 247884, 248154, 248205, 249248, 250344, 250602, 251874, 252079, 252102,
    253368, 254438, 254448, 254969, 256126, 257375, 257411, 258016, 258601, 260479,
    261321, 261613, 261839, 261991, 262468, 263385, 264129, 264292, 265453, 265470,
    265496, 266077, 266122, 266221, 267097, 267214, 267288, 267456, 268846, 269275,
    269712, 272195, 272241, 273034, 273042, 273583, 276741, 277612, 277974, 278675,
    278772, 279101, 280113, 280649, 281730, 282939, 284392, 284414, 285018, 286543,
    287950, 289041, 289119, 290171, 290386, 290754, 291682, 292516, 293389, 294236,
    294397, 295265, 295437, 296875, 298141, 300802, 301224, 301535, 302857, 302963,
    304372, 305167, 305691, 306231, 308221, 311089, 311210, 312893, 312902, 312998,
    313947, 314313, 314652, 314758, 314975, 315537, 316089, 316730, 318593, 318801,
    320974, 322092, 322149, 322599, 322875, 324919, 326507, 329642, 331624, 331778,
    331786, 334016, 334955, 334972, 335014, 335788, 336037, 336386, 336649, 337835,
    338259, 339074, 339222, 339358, 339929, 339952, 341942, 342081, 343096, 343813,
    344223, 345058, 345722, 345928, 347389, 348643, 349452, 349845, 350187, 350882,
    350931, 351093, 351800, 351845, 356760, 359998, 360270, 360493, 362752, 363637,
    364864, 366566, 366658, 367442, 368395, 368597, 368717, 368873, 369108, 369472,
    371002, 371244, 372538, 372748, 373175]
  prime: 9999999967
type: mrnaseq
version: '0.2'
