class: sourmash_signature
email: titus@idyll.org
filename: SRR2241509_1.fastq.gz.trimnoV.fq.gz
name: disease mouse
signatures:
- ksize: 16
  md5sum: e6dc0313ade0bdc46e8f020c053338be
  mins: [0, 10842, 12332, 21459, 25844, 50731, 57148, 61451, 62621, 62851, 68675,
    68801, 69347, 94900, 94948, 96327, 96478, 102236, 108642, 115764, 129190, 133326,
    140271, 155557, 158767, 163562, 165378, 170254, 176994, 179288, 189472, 192023,
    204338, 215731, 231484, 232070, 237671, 238781, 240003, 254202, 261707, 263061,
    267973, 270400, 278609, 295439, 311104, 315962, 352135, 355067, 357333, 359951,
    365007, 366208, 369420, 371950, 373059, 382850, 398522, 413995, 419723, 428188,
    436295, 436412, 438104, 438466, 454388, 459444, 477743, 477871, 491577, 503199,
    505626, 512612, 514007, 518121, 527346, 542123, 545150, 546894, 548484, 557383,
    565353, 566206, 566937, 568509, 569133, 572081, 578811, 580632, 583589, 585455,
    605201, 606093, 608770, 615401, 644293, 644879, 650863, 669432, 677685, 705250,
    716383, 719703, 725027, 732093, 732772, 733850, 767584, 769510, 782891, 801544,
    819109, 823799, 832050, 837384, 840186, 857818, 864763, 870391, 873447, 874840,
    882112, 883554, 883880, 891346, 895111, 895206, 906728, 928572, 931704, 933294,
    934562, 938269, 940376, 945785, 952618, 955962, 966839, 972148, 977610, 983015,
    988604, 999488, 1005263, 1012608, 1018390, 1018489, 1019634, 1027796, 1028084,
    1047881, 1050770, 1051943, 1055091, 1056634, 1061007, 1068129, 1080909, 1081161,
    1096788, 1102685, 1103570, 1114878, 1116911, 1121243, 1121787, 1126449, 1127830,
    1128894, 1138075, 1143263, 1149805, 1171491, 1171605, 1183399, 1188876, 1191308,
    1211139, 1224383, 1226441, 1241025, 1242563, 1245747, 1255441, 1269278, 1272654,
    1273316, 1276632, 1277366, 1280210, 1302825, 1303872, 1326378, 1334340, 1346732,
    1348903, 1357807, 1361066, 1367013, 1376868, 1379968, 1380429, 1380805, 1384313,
    1386697, 1390445, 1392990, 1393220, 1393737, 1396442, 1397903, 1406352, 1407208,
    1414576, 1418796, 1419037, 1420965, 1425040, 1432550, 1443628, 1446921, 1451564,
    1452762, 1477631, 1484203, 1484826, 1485908, 1485922, 1491127, 1492211, 1492663,
    1504917, 1521082, 1538433, 1538530, 1542075, 1543385, 1563722, 1586028, 1604324,
    1604375, 1605552, 1607936, 1614959, 1627294, 1633260, 1645614, 1651178, 1679881,
    1680242, 1690804, 1693818, 1705919, 1717456, 1721479, 1730385, 1738289, 1746748,
    1777129, 1777469, 1780077, 1780162, 1784079, 1795081, 1802545, 1804371, 1823935,
    1831675, 1840214, 1860316, 1868198, 1875235, 1878485, 1881208, 1886843, 1889925,
    1917984, 1919226, 1925111, 1932703, 1941559, 1949297, 1950398, 1960674, 1965354,
    1967332, 1981917, 1983944, 1995533, 1999624, 2008137, 2010481, 2022972, 2029587,
    2041080, 2046600, 2050585, 2059069, 2067153, 2074206, 2082941, 2086247, 2089869,
    2096358, 2096647, 2098854, 2109669, 2114241, 2116547, 2130090, 2138540, 2139110,
    2142047, 2143403, 2144752, 2170118, 2177271, 2178272, 2179221, 2190944, 2191960,
    2194769, 2196996, 2198626, 2205599, 2222014, 2231718, 2240421, 2243023, 2254012,
    2265989, 2266542, 2275200, 2282551, 2285741, 2299570, 2307484, 2307576, 2311567,
    2312573, 2320732, 2328078, 2343801, 2348932, 2350768, 2356186, 2361933, 2365933,
    2376689, 2391839, 2391955, 2403958, 2412396, 2419913, 2422292, 2430928, 2431348,
    2434410, 2443788, 2448398, 2451322, 2459637, 2464766, 2468074, 2474282, 2488766,
    2489535, 2489640, 2495211, 2502328, 2505482, 2512005, 2516427, 2521268, 2521785,
    2523740, 2526328, 2536308, 2536363, 2538187, 2541232, 2546656, 2560501, 2565053,
    2567031, 2585501, 2596042, 2615483, 2618162, 2618250, 2641519, 2641844, 2647843,
    2660920, 2665130, 2673732, 2676195, 2679700, 2699863, 2711270, 2715356, 2724706,
    2727711, 2732094, 2753807, 2764487, 2767229, 2769650, 2771504, 2777032, 2798069,
    2807460, 2819900, 2820391, 2823125, 2826125, 2835349, 2839319, 2839995, 2841560,
    2843386, 2845799, 2849898, 2863158, 2867001, 2867709, 2873649, 2888797, 2889975,
    2898697, 2903114, 2904354, 2928215, 2943255, 2959189, 2980488, 2983227, 2984923,
    2985726, 2993370, 3000060, 3003432, 3012391, 3013413, 3018920, 3025402, 3027655,
    3034801, 3039492, 3042176, 3052143, 3086729, 3087921, 3088629, 3092917, 3094922,
    3099242, 3106351, 3112853, 3115583, 3144708, 3155030, 3163790, 3166152, 3175264,
    3178436, 3181014, 3183599, 3186435, 3196750, 3197330, 3202692, 3211030, 3217223,
    3220524, 3224426, 3227846, 3240462, 3244524, 3244527, 3252725, 3260853, 3262652,
    3272305, 3272631, 3274976, 3283238, 3287137, 3299083, 3304712, 3314762, 3320270,
    3320482, 3321762, 3328019, 3329134, 3333259, 3335828, 3341923]
  prime: 9999999967
- ksize: 22
  md5sum: 9240b4f4ac23f6acb5cc652fa6173a5f
  mins: [0, 1062, 1813, 4914, 10816, 11446, 12867, 12880, 14097, 15295, 15943, 17820,
    18217, 28870, 29265, 33940, 36185, 39327, 43330, 45144, 52800, 57777, 59092, 63603,
    66611, 67524, 72630, 73830, 82584, 93330, 99371, 100246, 102629, 136678, 139386,
    141157, 141259, 143661, 147094, 151676, 155269, 161543, 162976, 166968, 175951,
    180410, 185842, 189414, 190619, 190626, 192950, 207078, 214378, 233332, 248222,
    257098, 259077, 264619, 274572, 283252, 300431, 301541, 301877, 308359, 310644,
    314610, 315960, 321695, 327412, 332995, 347058, 350007, 353295, 354149, 359013,
    361192, 386499, 386728, 399774, 400281, 402939, 404355, 404807, 436170, 436904,
    437760, 438843, 461482, 467985, 475984, 488501, 489685, 508616, 520326, 528461,
    531163, 535073, 535933, 536122, 548334, 548832, 554739, 577692, 591011, 593159,
    594928, 599299, 618357, 618932, 621827, 626579, 630196, 631270, 635449, 638675,
    646477, 660592, 664687, 676647, 683666, 696344, 702583, 716073, 724330, 726434,
    738488, 743852, 761466, 762838, 764151, 771194, 786622, 787196, 790285, 790748,
    794442, 794998, 801666, 803818, 815661, 848538, 851750, 854448, 857389, 884479,
    886790, 890586, 893250, 904572, 911739, 924386, 927238, 937680, 938046, 939578,
    952226, 952334, 962205, 971202, 981058, 984299, 984491, 1010647, 1018453, 1029489,
    1037692, 1039540, 1042810, 1057567, 1062203, 1062667, 1066637, 1093811, 1099926,
    1103624, 1105057, 1106388, 1108176, 1118707, 1118747, 1122636, 1131089, 1135053,
    1137166, 1151577, 1160098, 1174971, 1177853, 1181834, 1183874, 1201916, 1203960,
    1218279, 1225043, 1227369, 1229845, 1239022, 1240315, 1259698, 1262769, 1265359,
    1265545, 1266808, 1266945, 1277415, 1284450, 1285471, 1297436, 1298208, 1298322,
    1301524, 1306894, 1310183, 1319638, 1333211, 1338118, 1350946, 1357718, 1377460,
    1388539, 1389067, 1396353, 1404174, 1405077, 1405438, 1409256, 1421387, 1431250,
    1431580, 1441870, 1446917, 1450766, 1451725, 1455743, 1463883, 1484170, 1491010,
    1492644, 1492984, 1496530, 1501190, 1513973, 1534075, 1539544, 1541987, 1546113,
    1547221, 1553940, 1563610, 1574083, 1581012, 1583953, 1584515, 1594554, 1595330,
    1597750, 1608195, 1608968, 1614527, 1620688, 1638001, 1639437, 1653501, 1656118,
    1658611, 1671963, 1673717, 1675003, 1681545, 1690988, 1698089, 1702234, 1715678,
    1718032, 1719333, 1724882, 1730182, 1734462, 1743448, 1749595, 1756286, 1770784,
    1771616, 1775154, 1795407, 1798741, 1803380, 1804088, 1807615, 1817275, 1824273,
    1835227, 1839510, 1844195, 1846836, 1856761, 1859277, 1861309, 1861755, 1866774,
    1870841, 1870906, 1872791, 1879811, 1880759, 1885164, 1894435, 1904143, 1907024,
    1908852, 1922876, 1947106, 1950085, 1952432, 1953538, 1955731, 1958463, 1989776,
    1990396, 1993196, 1993856, 2009337, 2010161, 2013505, 2015718, 2019026, 2034939,
    2048040, 2049052, 2051119, 2079539, 2084455, 2086219, 2104639, 2104978, 2105930,
    2116842, 2118549, 2118554, 2125779, 2136622, 2144484, 2145579, 2146871, 2147486,
    2169067, 2170208, 2177545, 2189799, 2192389, 2195765, 2197484, 2211036, 2217448,
    2226845, 2251675, 2257965, 2258293, 2264378, 2264974, 2279046, 2291535, 2299609,
    2308076, 2309276, 2311181, 2311622, 2313224, 2314461, 2316322, 2318179, 2320510,
    2322539, 2327376, 2332253, 2335796, 2347146, 2374001, 2374848, 2388323, 2397019,
    2397730, 2399344, 2401054, 2419545, 2426903, 2430508, 2457383, 2457679, 2463456,
    2471493, 2481317, 2482843, 2486518, 2489722, 2506398, 2506951, 2509305, 2520168,
    2523184, 2525140, 2525393, 2529127, 2531153, 2532247, 2544196, 2545815, 2548305,
    2555063, 2570230, 2572866, 2574113, 2579293, 2580646, 2580736, 2604260, 2605995,
    2609035, 2611314, 2631891, 2633812, 2634641, 2644266, 2644602, 2650754, 2653462,
    2653820, 2660253, 2660821, 2670715, 2671487, 2675231, 2690457, 2694429, 2697557,
    2698427, 2710386, 2713660, 2717454, 2718719, 2724268, 2726213, 2729747, 2730751,
    2737006, 2750825, 2753516, 2773597, 2774905, 2775181, 2802575, 2815363, 2816158,
    2817771, 2821313, 2825491, 2849905, 2850698, 2856167, 2858482, 2859395, 2876436,
    2891483, 2906410, 2909620, 2916563, 2920267, 2923271, 2925927, 2934239, 2944672,
    2944981, 2952788, 2954591, 2960425, 2962840, 2969926, 2975348, 2977097, 2983777,
    2992290, 2993387, 2994101, 2994115, 3019176, 3025592, 3026982, 3037392, 3037975,
    3041696, 3046170, 3058033, 3064453, 3067270, 3090904, 3091110, 3116532, 3132409,
    3133222, 3136804]
  prime: 9999999967
- ksize: 31
  md5sum: a4cd8f082df436b6aba88a8a63df4518
  mins: [5015, 8933, 20141, 22383, 26066, 42599, 47143, 54598, 62258, 64182, 66811,
    68412, 71010, 87101, 94109, 94878, 99658, 104057, 106267, 110103, 113501, 116822,
    120456, 126739, 133404, 148102, 152826, 155504, 156425, 169456, 171318, 179089,
    179835, 179964, 193898, 200543, 220299, 223257, 224797, 229563, 229976, 231838,
    234542, 236276, 246225, 256462, 258822, 264963, 273167, 286394, 291785, 294430,
    296027, 304211, 312158, 320006, 335558, 340505, 353637, 355159, 356804, 367037,
    374256, 374754, 383237, 400668, 406364, 421913, 438657, 442630, 446083, 447150,
    452819, 458931, 460775, 479643, 483820, 500279, 508260, 508446, 515186, 518354,
    519055, 526496, 528533, 545962, 547665, 562779, 563229, 571044, 609786, 616170,
    618100, 633236, 634357, 639496, 641176, 657425, 673268, 675962, 683149, 689303,
    693614, 703737, 709453, 711358, 712140, 718077, 720771, 724258, 736890, 743840,
    748338, 755658, 757541, 765079, 766693, 768742, 771085, 781168, 789855, 793322,
    795586, 795876, 806619, 809203, 817806, 825417, 827914, 830574, 830887, 833436,
    841694, 842499, 846465, 848596, 855299, 857020, 857426, 879651, 888235, 889042,
    890371, 893102, 895149, 901370, 901850, 901920, 912260, 925158, 934397, 944452,
    945357, 950061, 959987, 960216, 961549, 961566, 976282, 989017, 993389, 996373,
    1001159, 1002774, 1003705, 1005468, 1007996, 1013458, 1017556, 1020566, 1026513,
    1026791, 1029881, 1031887, 1033263, 1052742, 1060808, 1078759, 1085856, 1089469,
    1093729, 1102433, 1106016, 1109288, 1115999, 1130672, 1140357, 1157857, 1162816,
    1166693, 1167002, 1169029, 1171449, 1171900, 1172293, 1181412, 1183895, 1186097,
    1188383, 1199534, 1202946, 1215205, 1220119, 1222789, 1243327, 1261657, 1267082,
    1270829, 1272723, 1284133, 1296304, 1311268, 1328605, 1331857, 1335694, 1358537,
    1358564, 1363687, 1365671, 1368013, 1382711, 1383898, 1395404, 1410756, 1414106,
    1415846, 1417827, 1421038, 1421492, 1426367, 1428540, 1458774, 1458897, 1468434,
    1474586, 1483728, 1484367, 1489667, 1489968, 1504828, 1509608, 1516289, 1517103,
    1518199, 1551300, 1559045, 1566535, 1567635, 1574434, 1578932, 1583197, 1585831,
    1596335, 1599113, 1611943, 1613167, 1614096, 1616237, 1625727, 1627140, 1629874,
    1635418, 1637938, 1638692, 1641317, 1642693, 1648014, 1649887, 1651545, 1653972,
    1653989, 1656070, 1656466, 1657664, 1664942, 1666587, 1687620, 1700260, 1703793,
    1705781, 1708003, 1724798, 1730126, 1731446, 1733467, 1743689, 1757240, 1761844,
    1764547, 1768415, 1775650, 1775861, 1794079, 1794798, 1797099, 1798192, 1809051,
    1811402, 1840282, 1845012, 1848989, 1859499, 1868979, 1869171, 1874336, 1877076,
    1877757, 1877976, 1878172, 1880359, 1895093, 1904696, 1909117, 1910945, 1912896,
    1920432, 1937209, 1939751, 1942123, 1944451, 1945757, 1946531, 1950935, 1952916,
    1954546, 1955542, 1962233, 1964677, 1976633, 1979309, 2007730, 2014870, 2015175,
    2017283, 2021405, 2026374, 2032614, 2033628, 2046418, 2050979, 2060489, 2062174,
    2087033, 2088491, 2092832, 2108593, 2124479, 2136058, 2137106, 2141949, 2143812,
    2158195, 2164001, 2166581, 2170891, 2183847, 2192896, 2201693, 2208509, 2208829,
    2228328, 2231553, 2233799, 2245447, 2248921, 2258760, 2262970, 2268625, 2269979,
    2270315, 2276679, 2277689, 2278283, 2287671, 2290597, 2291592, 2292099, 2294528,
    2299526, 2304898, 2308348, 2318847, 2323689, 2324554, 2327769, 2344467, 2356605,
    2358666, 2370601, 2379766, 2380247, 2383582, 2396646, 2417133, 2422735, 2432384,
    2439052, 2441173, 2442059, 2450430, 2450592, 2457813, 2458287, 2459198, 2475520,
    2493098, 2507894, 2508848, 2509329, 2512576, 2513689, 2517218, 2518453, 2531754,
    2536259, 2540239, 2558972, 2561463, 2591637, 2592894, 2594069, 2605288, 2606801,
    2612535, 2614642, 2619015, 2619120, 2619492, 2619742, 2634392, 2636732, 2639551,
    2643046, 2654573, 2658372, 2661572, 2681483, 2685323, 2697009, 2712273, 2712845,
    2714861, 2725177, 2730007, 2731317, 2736759, 2738642, 2740867, 2752282, 2752630,
    2767086, 2772553, 2805735, 2813879, 2818410, 2818569, 2819929, 2826786, 2829285,
    2838038, 2838193, 2839417, 2841368, 2847388, 2848864, 2859897, 2869736, 2872126,
    2892956, 2899534, 2902926, 2910599, 2919054, 2920450, 2927689, 2928716, 2937291,
    2944580, 2952904, 2956096, 2963392, 2979283, 2981990, 2990107, 2995850, 2997439,
    2999345, 3005862, 3037364, 3037646, 3037769, 3038985, 3039724, 3045204, 3048474,
    3053122, 3056662, 3057933, 3059913, 3071219]
  prime: 9999999967
- ksize: 32
  md5sum: bc5b58c94f529558d9f91bc0a008b77f
  mins: [0, 16615, 21387, 21446, 24651, 26627, 28986, 32795, 36472, 37425, 60468,
    70607, 73156, 76289, 78331, 78848, 85407, 87106, 96941, 97786, 99393, 101240,
    119159, 124917, 127362, 130768, 131845, 141629, 143696, 143921, 150554, 159164,
    161667, 167361, 167398, 188248, 191113, 200447, 207257, 230649, 234983, 235488,
    261839, 267214, 267288, 273052, 281338, 282939, 284414, 311871, 315702, 316252,
    316551, 326507, 329173, 335014, 335046, 336386, 336481, 351908, 356451, 366566,
    372541, 386557, 391183, 393916, 406520, 406793, 406810, 433108, 442332, 444680,
    457531, 459881, 472295, 483999, 487581, 490223, 491515, 499522, 506962, 528708,
    529830, 546916, 554550, 561352, 564895, 568778, 574075, 586854, 589985, 592273,
    594411, 595648, 600887, 604775, 607696, 607723, 614755, 619675, 620171, 626231,
    628366, 628405, 640536, 641864, 646752, 655979, 663022, 664620, 666136, 667017,
    667255, 674889, 675829, 676692, 676920, 685099, 689036, 698432, 717910, 718570,
    722353, 724467, 739000, 744345, 754741, 764950, 775476, 778274, 786270, 790944,
    798094, 813396, 823351, 831595, 846904, 849109, 851161, 863264, 867216, 876196,
    876720, 879905, 893667, 927088, 931593, 938447, 953554, 963139, 968111, 968749,
    976459, 977858, 980345, 981693, 984463, 986396, 989872, 991986, 994110, 995177,
    1002190, 1007931, 1011867, 1018568, 1022667, 1022894, 1029950, 1031522, 1035769,
    1041360, 1052323, 1069257, 1070961, 1078996, 1089856, 1102727, 1106114, 1108643,
    1128548, 1148575, 1154218, 1155937, 1165630, 1165942, 1173010, 1178150, 1181511,
    1192070, 1197713, 1197730, 1211061, 1222069, 1230707, 1232563, 1237039, 1248302,
    1256528, 1264830, 1271564, 1287767, 1292417, 1292654, 1297072, 1297842, 1317550,
    1319789, 1320747, 1324236, 1327438, 1330150, 1336977, 1340446, 1341916, 1343744,
    1359905, 1384606, 1387949, 1389432, 1421270, 1425889, 1443392, 1444480, 1450139,
    1450923, 1457712, 1458017, 1464790, 1474800, 1476082, 1487191, 1488121, 1497432,
    1502086, 1506622, 1563917, 1565899, 1566774, 1572791, 1582857, 1590148, 1604471,
    1605053, 1607512, 1610468, 1617337, 1617494, 1625203, 1629255, 1631490, 1634656,
    1641733, 1643829, 1644106, 1645828, 1646146, 1654595, 1656952, 1661366, 1664795,
    1674573, 1679221, 1682148, 1686529, 1687089, 1687903, 1690977, 1698268, 1704989,
    1725636, 1725964, 1732672, 1740227, 1749451, 1751532, 1760340, 1761059, 1768892,
    1770977, 1780877, 1784852, 1790673, 1809596, 1820364, 1820605, 1828965, 1835302,
    1837003, 1844068, 1846238, 1848323, 1849889, 1850508, 1866594, 1883306, 1897509,
    1910063, 1912678, 1914396, 1914809, 1917771, 1918994, 1923675, 1924271, 1931825,
    1933537, 1939209, 1940323, 1941368, 1942471, 1952345, 1966674, 1971427, 1971953,
    1980592, 1985175, 1994054, 1997006, 2022157, 2023781, 2034703, 2035405, 2035934,
    2040975, 2048026, 2048107, 2053659, 2054819, 2057072, 2062377, 2077916, 2092745,
    2105374, 2107566, 2111102, 2115009, 2115915, 2122341, 2123022, 2126987, 2129418,
    2133857, 2135379, 2141826, 2162566, 2164260, 2168527, 2170392, 2171146, 2172062,
    2183949, 2187079, 2188473, 2193964, 2199088, 2202162, 2211266, 2213693, 2214377,
    2214406, 2227849, 2227941, 2231071, 2236623, 2239502, 2247302, 2250265, 2251545,
    2253686, 2256058, 2263640, 2278661, 2279644, 2281624, 2287257, 2298322, 2303882,
    2316358, 2319227, 2320469, 2325066, 2329637, 2333104, 2340987, 2342395, 2345475,
    2366133, 2366558, 2373721, 2375770, 2380459, 2380664, 2397310, 2403759, 2418318,
    2427269, 2431954, 2440944, 2443152, 2443757, 2444015, 2447142, 2449697, 2451081,
    2458502, 2460465, 2474366, 2476201, 2483789, 2492138, 2492660, 2492891, 2497795,
    2501744, 2504366, 2508519, 2519941, 2521417, 2524338, 2533392, 2537009, 2541671,
    2547574, 2562971, 2568739, 2569709, 2572995, 2587821, 2596217, 2600383, 2604250,
    2604270, 2611576, 2613983, 2620731, 2621028, 2632271, 2642087, 2667985, 2669108,
    2670334, 2684328, 2688696, 2696185, 2703107, 2708635, 2719136, 2724058, 2726480,
    2726678, 2739477, 2744767, 2753453, 2757133, 2766165, 2770453, 2778463, 2780765,
    2788512, 2797337, 2799609, 2814671, 2823936, 2829401, 2842247, 2846794, 2853576,
    2854665, 2865562, 2868237, 2882938, 2883810, 2890326, 2893510, 2904634, 2907370,
    2910538, 2912345, 2912945, 2921352, 2926680, 2932767, 2956372, 2963666, 2969951,
    2971361, 2974964, 2982860, 2987437, 2995851, 2999183, 2999776, 3018983, 3058003,
    3058059, 3069285, 3069892, 3078942, 3089063]
  prime: 9999999967
type: mrnaseq
version: '0.2'
