class: sourmash_signature
email: titus@idyll.org
filename: SRR453570_1.fastq.gz.trimnoV.fq.gz
name: yeast
signatures:
- ksize: 16
  md5sum: 4b6d268a396bc714489c4ac30bf1b2fd
  mins: [0, 3079, 6251, 49724, 57493, 70422, 79224, 80156, 92662, 98088, 104452, 157302,
    159555, 179222, 204312, 216826, 231281, 275227, 279836, 288308, 296341, 301406,
    315961, 323574, 330768, 340426, 341413, 344208, 351253, 355022, 367110, 396563,
    411250, 412981, 423863, 425012, 426532, 451113, 459611, 474807, 475144, 476746,
    492126, 505758, 511790, 518298, 520907, 524337, 532838, 549969, 562551, 563520,
    565352, 581210, 582021, 582226, 586207, 591839, 609629, 619831, 646892, 662980,
    670331, 670827, 674254, 698860, 710594, 726229, 748375, 748487, 763707, 780982,
    784341, 794776, 802279, 805712, 833338, 855895, 862091, 871363, 872892, 876521,
    878288, 881251, 897866, 901323, 910124, 911792, 919660, 930671, 932383, 939954,
    945619, 964071, 994662, 997823, 1016165, 1017341, 1024930, 1069517, 1078087, 1081497,
    1081942, 1082349, 1095579, 1100410, 1108549, 1119098, 1127318, 1136185, 1146771,
    1167770, 1180306, 1187476, 1190594, 1192932, 1200407, 1202103, 1232808, 1248324,
    1255178, 1273574, 1285243, 1295009, 1338932, 1361800, 1363435, 1379177, 1393244,
    1395781, 1407712, 1418604, 1425040, 1425217, 1442754, 1450968, 1455962, 1466258,
    1492855, 1496784, 1511798, 1527443, 1533499, 1537022, 1538729, 1550587, 1562420,
    1573192, 1582810, 1608381, 1610193, 1611484, 1633886, 1635190, 1651656, 1654392,
    1663117, 1675044, 1699810, 1710723, 1726173, 1731271, 1732714, 1759743, 1774190,
    1786924, 1799382, 1801511, 1810263, 1824687, 1834098, 1842380, 1844871, 1857553,
    1862422, 1867344, 1875368, 1881649, 1915338, 1938019, 1948272, 1974874, 1997281,
    2019724, 2025345, 2029007, 2031559, 2046046, 2058948, 2078549, 2087285, 2091832,
    2100671, 2104877, 2116764, 2136857, 2164456, 2169744, 2171651, 2178415, 2185407,
    2192591, 2226840, 2242767, 2256939, 2258241, 2272449, 2272868, 2284734, 2292068,
    2293652, 2295151, 2319409, 2330276, 2341743, 2353575, 2360043, 2360607, 2387211,
    2400802, 2449445, 2450382, 2477401, 2478044, 2490506, 2504484, 2522266, 2545967,
    2552721, 2563011, 2567472, 2567852, 2574839, 2595773, 2598765, 2614095, 2618730,
    2623250, 2628084, 2630870, 2640135, 2643572, 2650948, 2658242, 2675114, 2694182,
    2717933, 2721452, 2724855, 2752387, 2755379, 2761500, 2781643, 2820149, 2827993,
    2839432, 2952204, 2956109, 2981609, 2984890, 2992125, 3001558, 3008407, 3020446,
    3020888, 3077798, 3080178, 3081512, 3084015, 3112246, 3114363, 3116382, 3121300,
    3141681, 3145518, 3167189, 3171058, 3196712, 3204134, 3209786, 3210522, 3220772,
    3225167, 3227636, 3252696, 3277601, 3281238, 3282773, 3290567, 3300119, 3305374,
    3312938, 3342086, 3344400, 3346423, 3355377, 3361235, 3362492, 3376748, 3397513,
    3405239, 3419393, 3424455, 3447753, 3453513, 3471503, 3471726, 3473918, 3482773,
    3487463, 3506176, 3509147, 3527884, 3538540, 3550503, 3550692, 3570188, 3585121,
    3587689, 3592238, 3592648, 3627897, 3642292, 3656735, 3667185, 3669584, 3672799,
    3685793, 3700668, 3700681, 3710533, 3716075, 3738036, 3740027, 3747024, 3767250,
    3780286, 3786901, 3798002, 3799655, 3802319, 3812660, 3821249, 3825495, 3836613,
    3847353, 3850681, 3866169, 3882804, 3883110, 3887769, 3888249, 3919295, 3922252,
    3951663, 3973635, 3985845, 3987951, 3989043, 3997791, 4022290, 4068696, 4100831,
    4103933, 4120700, 4126072, 4129814, 4132238, 4153519, 4165571, 4168478, 4171333,
    4179758, 4183894, 4192080, 4203725, 4218269, 4221329, 4222588, 4226543, 4246413,
    4253353, 4266723, 4275634, 4277298, 4290169, 4296473, 4297345, 4300204, 4300362,
    4305023, 4316750, 4319137, 4323692, 4341739, 4358722, 4367539, 4371620, 4383710,
    4390723, 4392824, 4394087, 4444890, 4477034, 4493786, 4501186, 4509038, 4512521,
    4521596, 4539922, 4541870, 4546221, 4556537, 4557656, 4569779, 4578290, 4579111,
    4579327, 4579989, 4580885, 4592604, 4595401, 4598896, 4599382, 4603938, 4648692,
    4657560, 4663411, 4677118, 4679820, 4683137, 4683912, 4695647, 4711563, 4719733,
    4740346, 4742883, 4746616, 4803634, 4806836, 4809430, 4824548, 4837255, 4842684,
    4850499, 4851182, 4851729, 4851928, 4860985, 4864621, 4865118, 4879415, 4883682,
    4895504, 4914183, 4918767, 4922194, 4923285, 4930334, 4933554, 4934928, 4940311,
    4966215, 4971978, 4989822, 5000393, 5010265, 5014006, 5014813, 5018119, 5028845,
    5030851, 5047044, 5049868, 5050021, 5062121, 5062946, 5065739, 5068628, 5086387,
    5086926, 5091006, 5110893, 5122056, 5132375, 5141549, 5175277, 5179550, 5182864,
    5188239, 5196063, 5198291, 5214030, 5216258, 5230182, 5276805, 5278555, 5280017,
    5289233, 5309302]
  prime: 9999999967
- ksize: 22
  md5sum: 9ba43c3c3a7dba1d14bc9efe1afc2ae7
  mins: [3431, 7071, 17102, 28496, 32543, 56221, 58092, 64428, 82205, 84595, 99144,
    99432, 103407, 111288, 121281, 124606, 143306, 157148, 159416, 160030, 168958,
    170283, 180073, 183965, 189736, 200161, 210538, 217569, 251560, 256205, 276754,
    277047, 295277, 301181, 304803, 306860, 333722, 349081, 376584, 389090, 396137,
    405674, 408929, 422137, 434345, 481332, 491663, 493647, 498068, 512537, 520562,
    521835, 524332, 525795, 527225, 538774, 542135, 556782, 561423, 587884, 593294,
    604516, 604524, 604855, 609472, 621633, 623532, 637217, 658126, 669521, 687660,
    688770, 700275, 700433, 719829, 733892, 753947, 770766, 799924, 800457, 802037,
    813531, 816874, 819305, 839301, 845658, 853749, 903916, 905624, 920033, 949228,
    955715, 960461, 961192, 962688, 968166, 975566, 976829, 984846, 995415, 995880,
    1000609, 1004125, 1015913, 1019210, 1033844, 1059494, 1086104, 1095748, 1101205,
    1103683, 1108595, 1113993, 1116241, 1167366, 1195295, 1201628, 1206730, 1215457,
    1251613, 1257657, 1259839, 1267484, 1276097, 1276734, 1289357, 1302793, 1320864,
    1328881, 1350841, 1356749, 1378843, 1385040, 1399859, 1400519, 1413402, 1414247,
    1416134, 1429854, 1449566, 1453811, 1456486, 1466620, 1469952, 1492967, 1514708,
    1517616, 1519601, 1528079, 1539011, 1564138, 1627446, 1638992, 1639066, 1644938,
    1668177, 1674105, 1676265, 1709708, 1710273, 1715625, 1721219, 1726480, 1729740,
    1734340, 1751635, 1771239, 1798284, 1812852, 1824589, 1880909, 1881036, 1885134,
    1886317, 1902364, 1916231, 1917946, 1919108, 1924511, 1931384, 1932675, 1945963,
    1966817, 1969593, 1975126, 1995940, 2021937, 2031817, 2046161, 2054381, 2075919,
    2082266, 2083115, 2097167, 2114597, 2141471, 2176675, 2194020, 2195713, 2227940,
    2241716, 2241929, 2243097, 2255612, 2262532, 2287313, 2311836, 2317789, 2327089,
    2330549, 2332458, 2333561, 2338071, 2338841, 2343365, 2348014, 2350784, 2363741,
    2376406, 2384613, 2386919, 2391929, 2391948, 2410674, 2411849, 2413688, 2416115,
    2422033, 2426293, 2426415, 2446441, 2450744, 2465797, 2476184, 2481451, 2496842,
    2513630, 2514658, 2516654, 2531183, 2533332, 2535619, 2569175, 2591671, 2595786,
    2615353, 2620893, 2632920, 2634944, 2646716, 2651933, 2654218, 2663875, 2678031,
    2715907, 2728493, 2729043, 2732168, 2743823, 2744554, 2752394, 2755419, 2763369,
    2763723, 2781473, 2787602, 2789138, 2795607, 2801495, 2803499, 2816836, 2817187,
    2817415, 2828064, 2828395, 2833765, 2846975, 2847300, 2853336, 2854733, 2858678,
    2886046, 2901887, 2911938, 2912575, 2916281, 2935008, 2935962, 2952539, 2973561,
    2983777, 2991110, 2998161, 3006457, 3006495, 3009198, 3009991, 3011371, 3021672,
    3025633, 3042219, 3050954, 3062306, 3066320, 3068238, 3070448, 3071199, 3077680,
    3086933, 3088345, 3096738, 3159381, 3174892, 3187777, 3222607, 3229096, 3242771,
    3249753, 3252777, 3253933, 3259784, 3263611, 3273859, 3296551, 3317744, 3331045,
    3348098, 3352228, 3353757, 3360620, 3364355, 3373573, 3374055, 3380605, 3384091,
    3394585, 3426363, 3428330, 3438453, 3441285, 3441888, 3460574, 3460667, 3463178,
    3469131, 3474570, 3526152, 3578253, 3578644, 3590555, 3597015, 3601094, 3607119,
    3610873, 3627022, 3630675, 3639176, 3655987, 3669383, 3673076, 3692601, 3710193,
    3751490, 3751784, 3773766, 3782459, 3815325, 3819178, 3828261, 3837937, 3840085,
    3845585, 3845628, 3850832, 3863284, 3865930, 3870705, 3872372, 3875481, 3878749,
    3882055, 3886245, 3914636, 3920509, 3940117, 3942643, 3955992, 3963699, 3966158,
    4003751, 4032471, 4033262, 4040741, 4053613, 4061055, 4083343, 4090622, 4090623,
    4097629, 4103952, 4112451, 4114900, 4120552, 4124848, 4134290, 4146066, 4148510,
    4158905, 4159461, 4171344, 4187887, 4189760, 4190548, 4198837, 4208610, 4211655,
    4224239, 4232786, 4233744, 4267894, 4270572, 4279055, 4332224, 4334244, 4337818,
    4339471, 4345426, 4354515, 4387614, 4398612, 4412487, 4422917, 4431664, 4437930,
    4441130, 4441294, 4441490, 4456631, 4464104, 4477618, 4481189, 4486847, 4496690,
    4498244, 4503725, 4508156, 4511932, 4514579, 4524348, 4528624, 4556586, 4562381,
    4564404, 4565866, 4579490, 4580092, 4618297, 4633680, 4638070, 4638842, 4643892,
    4649858, 4664577, 4683880, 4686875, 4690075, 4692693, 4700590, 4720364, 4742727,
    4744690, 4757488, 4757818, 4767277, 4773009, 4786619, 4833009, 4833968, 4836542,
    4864143, 4866876, 4901492, 4905737, 4906891, 4907482, 4915883, 4920614, 4921353,
    4930369, 4942173, 4943098, 4949365, 4955400, 4968720, 4970120, 4995141, 5000521,
    5028711, 5041930, 5050270]
  prime: 9999999967
- ksize: 31
  md5sum: 278ec74de9eaa0f31a5c862ea9eedf01
  mins: [857, 50871, 57955, 58272, 62708, 65336, 93731, 108729, 109410, 109867, 114055,
    116524, 133648, 148988, 153772, 154484, 162910, 170753, 179617, 189030, 195919,
    204993, 233824, 280506, 301412, 309923, 310161, 325324, 332812, 339808, 340473,
    345807, 360283, 362565, 363586, 366805, 394431, 403636, 412761, 413985, 431120,
    446122, 460044, 485466, 490539, 496401, 498307, 499687, 519389, 521280, 531820,
    546716, 549513, 563126, 570397, 572240, 596582, 598374, 602542, 612147, 620670,
    631128, 646003, 648510, 650878, 666517, 669939, 674725, 691468, 696870, 706324,
    709672, 722955, 727885, 734023, 739024, 742901, 744690, 753542, 758906, 760793,
    766742, 770400, 789271, 796480, 806810, 815221, 827799, 827832, 833819, 834167,
    849057, 864856, 899309, 900018, 917204, 952688, 991194, 1007611, 1015696, 1018742,
    1031819, 1035203, 1037420, 1053353, 1068833, 1071496, 1073884, 1076933, 1088657,
    1095047, 1097745, 1160077, 1162518, 1163725, 1182964, 1199727, 1205506, 1209008,
    1215463, 1223806, 1249782, 1259276, 1285339, 1292880, 1317353, 1334128, 1349702,
    1356243, 1357665, 1357990, 1367990, 1375290, 1375328, 1383743, 1390270, 1397257,
    1397873, 1406615, 1411027, 1414572, 1422324, 1425201, 1438557, 1455772, 1456567,
    1464805, 1476837, 1525578, 1537780, 1542739, 1544321, 1556153, 1558333, 1562642,
    1564436, 1586188, 1604181, 1605893, 1648314, 1655380, 1663548, 1694998, 1709866,
    1729548, 1734300, 1737636, 1741854, 1754179, 1798147, 1799016, 1824323, 1841393,
    1841808, 1843932, 1857780, 1860129, 1868148, 1874849, 1883515, 1886034, 1898045,
    1906072, 1914351, 1927295, 1927415, 1936114, 1937947, 1955460, 1962465, 1971150,
    1971492, 1976702, 1986529, 1995848, 2000727, 2008274, 2014497, 2023490, 2036519,
    2036901, 2041430, 2042782, 2043740, 2079897, 2081783, 2082291, 2086689, 2086964,
    2087150, 2099032, 2111891, 2113275, 2130739, 2136061, 2136097, 2136615, 2152281,
    2154615, 2171474, 2198047, 2202666, 2210010, 2248636, 2250286, 2267901, 2271609,
    2272201, 2281552, 2295348, 2299876, 2302007, 2328465, 2329983, 2348555, 2354162,
    2364416, 2368764, 2373438, 2380190, 2391588, 2396119, 2421606, 2432118, 2438211,
    2438659, 2443046, 2449288, 2453328, 2453899, 2468894, 2502874, 2504425, 2508210,
    2511107, 2522906, 2542047, 2558453, 2574392, 2579561, 2584867, 2622905, 2625655,
    2632946, 2649852, 2658277, 2670499, 2677068, 2678649, 2678879, 2683985, 2685111,
    2696082, 2696388, 2703431, 2712642, 2718181, 2719043, 2729272, 2734057, 2756404,
    2759017, 2765760, 2767324, 2770930, 2772079, 2773054, 2780261, 2784731, 2786981,
    2791199, 2801097, 2818773, 2831896, 2857323, 2863816, 2878244, 2886676, 2891937,
    2913684, 2915452, 2916193, 2920554, 2924710, 2936746, 2952550, 3000158, 3000993,
    3001037, 3006964, 3023285, 3047534, 3050247, 3059489, 3084321, 3097073, 3101654,
    3101795, 3116392, 3119623, 3132429, 3135842, 3188772, 3188935, 3199248, 3202596,
    3227518, 3234558, 3240367, 3242470, 3253696, 3253960, 3267022, 3271020, 3278556,
    3291125, 3307223, 3311042, 3316306, 3321213, 3343514, 3349286, 3386000, 3392905,
    3395255, 3403911, 3430512, 3447716, 3459626, 3462526, 3465271, 3474746, 3487398,
    3509300, 3513567, 3514568, 3515207, 3527673, 3528855, 3546953, 3558678, 3561111,
    3574359, 3576629, 3578749, 3604592, 3608810, 3619158, 3620967, 3625228, 3626236,
    3635622, 3635647, 3635715, 3652369, 3670668, 3679404, 3694756, 3699119, 3703772,
    3707992, 3727918, 3729917, 3733914, 3737018, 3746272, 3758107, 3769158, 3773406,
    3781615, 3784638, 3785933, 3804756, 3815935, 3821989, 3826972, 3843734, 3847644,
    3858206, 3860480, 3861210, 3863144, 3880744, 3883767, 3896116, 3954119, 3971822,
    3999652, 4017007, 4032263, 4043927, 4051772, 4055982, 4057469, 4070414, 4076407,
    4083649, 4086846, 4097666, 4124332, 4127007, 4128361, 4131546, 4132156, 4135009,
    4140270, 4142269, 4147856, 4174380, 4178807, 4186068, 4186989, 4213402, 4221966,
    4222180, 4223806, 4231084, 4243408, 4255399, 4258488, 4270310, 4274314, 4297789,
    4310211, 4315486, 4320159, 4320965, 4321151, 4322647, 4334845, 4362111, 4363728,
    4369840, 4381784, 4387597, 4389938, 4399185, 4415100, 4424820, 4431595, 4476191,
    4513613, 4521372, 4524305, 4525822, 4546840, 4555943, 4572823, 4604041, 4618405,
    4645111, 4655672, 4664827, 4672498, 4679588, 4685709, 4688717, 4702621, 4706966,
    4716405, 4730479, 4732114, 4761391, 4780259, 4782660, 4816034, 4848691, 4855877,
    4856348, 4859860, 4869811, 4901168, 4945773, 4957614, 4972294, 4973753, 4976805,
    4994420, 4997472, 5009316]
  prime: 9999999967
- ksize: 32
  md5sum: be7dd071bab096d3d0c1d416ee1959d1
  mins: [1923, 3563, 13401, 16347, 36896, 63265, 63864, 86316, 89950, 92488, 96929,
    124422, 127288, 153918, 163721, 184019, 188926, 198045, 213680, 244692, 258413,
    269112, 279682, 283236, 309989, 312082, 337210, 382709, 390359, 390861, 393645,
    395699, 425724, 456012, 464366, 476580, 477660, 481005, 494198, 495923, 500708,
    508908, 512102, 524054, 528396, 532439, 545920, 551419, 563145, 577982, 584400,
    594627, 595436, 605054, 608082, 615787, 621347, 623083, 642056, 650124, 655204,
    660186, 672165, 676824, 677970, 679939, 702690, 707162, 713582, 719471, 720842,
    733364, 743647, 746550, 774882, 780024, 793643, 817133, 834403, 836732, 845323,
    852598, 853089, 854846, 857099, 871861, 872579, 893748, 907880, 915370, 921127,
    926513, 932786, 937548, 956132, 968180, 971658, 973871, 991068, 993666, 997845,
    1003052, 1013515, 1015639, 1050403, 1061636, 1064427, 1069841, 1080814, 1088434,
    1090739, 1132266, 1152092, 1200242, 1213320, 1228542, 1229228, 1233159, 1237331,
    1242656, 1243234, 1270029, 1273780, 1277198, 1295587, 1304003, 1309073, 1325054,
    1341708, 1341905, 1341962, 1368606, 1379095, 1380306, 1396377, 1410566, 1414076,
    1448399, 1458623, 1502182, 1514127, 1516389, 1521788, 1530850, 1543413, 1543992,
    1565790, 1572678, 1573044, 1589509, 1613216, 1629493, 1652471, 1658201, 1660153,
    1691307, 1704168, 1709647, 1725678, 1726701, 1741397, 1742279, 1742329, 1755712,
    1763644, 1769832, 1772000, 1784620, 1788334, 1789795, 1799573, 1818260, 1818303,
    1848793, 1853970, 1869560, 1886830, 1888533, 1888757, 1900268, 1901951, 1910946,
    1924353, 1939106, 1940806, 1967812, 1977713, 2008372, 2054285, 2058160, 2060215,
    2070385, 2115942, 2138106, 2139695, 2140684, 2141949, 2145290, 2168881, 2175849,
    2178179, 2198368, 2220145, 2243250, 2269803, 2271749, 2273506, 2277829, 2279335,
    2285990, 2286507, 2287693, 2288135, 2290154, 2290781, 2293026, 2296723, 2303017,
    2305389, 2318580, 2412896, 2417672, 2423374, 2423825, 2432018, 2448483, 2459978,
    2461028, 2471144, 2471980, 2499548, 2500268, 2505092, 2527355, 2536657, 2539348,
    2545681, 2545869, 2557510, 2592303, 2606551, 2618964, 2643357, 2644712, 2668877,
    2669365, 2679197, 2686928, 2696208, 2724711, 2730846, 2733548, 2736295, 2740227,
    2743987, 2762296, 2770860, 2774398, 2777053, 2784655, 2788920, 2799096, 2818579,
    2833382, 2859788, 2876899, 2883466, 2957768, 2972255, 2985452, 3014509, 3028471,
    3034464, 3037964, 3048684, 3062604, 3070069, 3075554, 3095723, 3096639, 3099048,
    3101880, 3104088, 3133232, 3136805, 3137039, 3175395, 3179422, 3185484, 3195983,
    3205922, 3217378, 3221938, 3224594, 3236325, 3236752, 3265516, 3269223, 3276077,
    3286284, 3300665, 3318978, 3336251, 3340025, 3340896, 3345719, 3350875, 3367390,
    3372502, 3381967, 3388588, 3400913, 3405400, 3428818, 3429264, 3429719, 3430242,
    3451273, 3453357, 3459138, 3489311, 3511668, 3541114, 3557204, 3579896, 3591394,
    3601592, 3614013, 3632961, 3637810, 3639517, 3646508, 3676477, 3691939, 3693733,
    3703830, 3714955, 3732449, 3761753, 3769199, 3772510, 3785885, 3798473, 3803696,
    3806099, 3807958, 3825938, 3840186, 3849315, 3852042, 3853429, 3861012, 3867125,
    3869038, 3916079, 3925521, 3928735, 3931673, 3935181, 3935547, 3935774, 3938109,
    3947678, 3991921, 3994295, 4003008, 4024852, 4036499, 4041253, 4042552, 4047284,
    4075614, 4077009, 4077830, 4084769, 4103508, 4103559, 4125995, 4139234, 4149148,
    4152177, 4160535, 4169809, 4170443, 4206898, 4212484, 4239022, 4248733, 4289058,
    4295375, 4295450, 4310348, 4331434, 4331628, 4363852, 4366987, 4374614, 4389499,
    4392917, 4393447, 4395410, 4399006, 4447283, 4467886, 4495370, 4500240, 4517037,
    4518665, 4537111, 4537729, 4549232, 4565831, 4595724, 4597486, 4601374, 4642086,
    4647275, 4656919, 4659569, 4667531, 4680537, 4697293, 4698954, 4704704, 4731689,
    4737348, 4787336, 4789574, 4795557, 4820477, 4822907, 4826709, 4857077, 4858352,
    4864808, 4900143, 4912381, 4916161, 4919650, 4947048, 4950622, 4957395, 4957944,
    4962108, 4979237, 4982877, 4983168, 4985714, 4988401, 4988889, 5008671, 5009373,
    5022185, 5031077, 5057455, 5058460, 5093368, 5103891, 5111948, 5117301, 5128291,
    5135322, 5135927, 5150950, 5163147, 5179270, 5182615, 5188797, 5224232, 5228991,
    5230774, 5237751, 5243636, 5245814, 5251951, 5255961, 5263225, 5264872, 5267574,
    5275034, 5281078, 5298364, 5299556, 5310115, 5339062, 5348100, 5352111, 5353691,
    5355636, 5369197, 5370362, 5370367, 5397940, 5447304, 5465213, 5478772, 5495463,
    5497974, 5500829, 5536251]
  prime: 9999999967
type: mrnaseq
version: '0.2'
