class: sourmash_signature
email: titus@idyll.org
filename: SRR453570_1.fastq.gz.trimnoV.fq.gz
name: yeast
signatures:
- ksize: 16
  md5sum: 5ce0283b3aae5cba07c9dce1bef1594c
  mins: [0, 1724, 2221, 2661, 3079, 4016, 5080, 6251, 6533, 7289, 8905, 12457, 12744,
    13526, 13982, 14335, 17783, 17797, 20057, 22512, 24612, 25002, 25473, 31326, 31493,
    34364, 37412, 38012, 41076, 42095, 44213, 45329, 45514, 46508, 46545, 48972, 49431,
    49724, 50080, 56015, 57493, 57891, 58489, 60084, 63804, 67859, 68801, 69394, 69599,
    70422, 71021, 71658, 74400, 75723, 79224, 80156, 82174, 83109, 86281, 89435, 89853,
    91130, 92662, 94285, 94568, 95463, 95726, 96962, 98088, 98846, 100761, 101272,
    102608, 103223, 104452, 105248, 106614, 107303, 108445, 111227, 112132, 112997,
    113132, 113596, 116889, 120295, 123818, 124854, 131956, 133742, 135803, 136289,
    142317, 151958, 156464, 157302, 158524, 159555, 162250, 162928, 163291, 163455,
    164678, 165455, 165788, 166520, 170516, 173523, 178110, 179222, 184351, 185928,
    186468, 190629, 190819, 200390, 200872, 203358, 204312, 208857, 208916, 212116,
    214739, 216826, 217651, 218599, 219457, 220456, 221030, 224294, 227703, 227833,
    230560, 231281, 232623, 233567, 233631, 234074, 234182, 235131, 237671, 240895,
    244853, 249950, 250766, 251581, 253149, 255164, 258642, 259658, 260138, 264841,
    265797, 267044, 267714, 273074, 275227, 279836, 281350, 282304, 284245, 287510,
    288308, 295038, 296341, 297621, 299775, 299883, 301406, 304724, 304910, 305651,
    306142, 311264, 312275, 314541, 314802, 315961, 318019, 318346, 319934, 322471,
    323438, 323574, 324328, 324907, 325324, 325687, 325993, 326028, 326047, 330768,
    331138, 332932, 334212, 335489, 336147, 337571, 339488, 339736, 340426, 340704,
    341413, 342857, 343274, 344208, 345609, 345826, 346100, 346775, 349322, 349349,
    351253, 351300, 354131, 354716, 355022, 357556, 357671, 360898, 362097, 363789,
    364596, 366870, 367110, 370739, 371659, 374524, 375648, 376029, 377139, 378418,
    378853, 381201, 384426, 384739, 387157, 388010, 389184, 390509, 392432, 393545,
    393573, 394132, 394156, 395971, 396223, 396563, 398660, 399601, 401994, 411185,
    411250, 411584, 412981, 413660, 415213, 417476, 419484, 420124, 421821, 422369,
    423800, 423863, 424686, 425012, 426414, 426447, 426532, 428139, 429131, 429523,
    429665, 429929, 433518, 434394, 435700, 436281, 440980, 444857, 445451, 446201,
    448359, 451113, 451461, 451490, 454300, 455451, 457019, 457561, 457996, 458635,
    459158, 459611, 461030, 462557, 464513, 465330, 466771, 468441, 469308, 474807,
    475144, 475516, 476383, 476746, 479850, 481080, 486399, 489666, 489873, 490410,
    491498, 492126, 492248, 492442, 493391, 493714, 494314, 495999, 497145, 499731,
    500243, 502229, 504825, 504830, 505758, 508010, 508029, 509029, 511790, 513335,
    514351, 514794, 518298, 518614, 518641, 519523, 520251, 520907, 521845, 521858,
    522473, 524337, 525929, 526342, 531819, 532425, 532565, 532838, 534737, 536420,
    538336, 538908, 540824, 544066, 544524, 544751, 545827, 548077, 548954, 549520,
    549969, 551682, 556884, 557250, 557459, 558292, 562551, 563520, 564764, 565352,
    568264, 568877, 576245, 581210, 581907, 582021, 582226, 582470, 582615, 586207,
    588337, 588934, 589959, 590370, 591794, 591839, 593051, 594414, 594920, 595727,
    596710, 598621, 601320, 602112, 604201, 608223, 609206, 609629, 611027, 611730,
    613129, 613482, 613735, 619831, 621959, 624219, 624418, 625653, 629548, 629914,
    629990, 632477, 632625, 635022, 635435, 636416, 640680, 641709, 642873, 643596,
    646285, 646892, 650250, 651801, 651880, 652159, 653391, 656214, 659382, 662980,
    663662, 664372, 666127, 666475, 666545, 668939, 670241, 670331, 670567, 670827,
    672104, 674254, 680285, 681604, 686592, 687173, 691393, 695686, 697983, 698655,
    698860, 705444, 709753, 710594, 714143, 714859, 716793, 719770, 720486, 723560,
    726180, 726229, 726338, 726746, 728419, 729615, 730444, 730865, 733394, 733662,
    737799, 738302, 743774, 744045, 744190, 745830, 746725, 748218, 748375, 748487,
    752241, 754938, 755566, 755701, 756841, 757960, 760432, 761044, 763647, 763707,
    765161, 766906, 767233, 767746, 768217, 768946, 770994, 772733]
  prime: 9999999967
- ksize: 22
  md5sum: bd76c5d06ce0a7906162cc0a72548818
  mins: [0, 727, 2324, 2346, 3431, 3798, 7071, 7206, 8809, 12734, 14002, 17102, 17194,
    21713, 22218, 25409, 26169, 28496, 30442, 32543, 34528, 35155, 35885, 36648, 39384,
    39500, 42391, 42840, 45988, 51617, 52901, 53119, 53136, 53279, 53940, 56221, 57358,
    58092, 59764, 62253, 64286, 64380, 64428, 65170, 69677, 70619, 70921, 74954, 78456,
    78999, 79461, 80132, 80598, 82205, 84283, 84595, 85664, 85758, 87672, 87751, 89282,
    90696, 91289, 92542, 93543, 93625, 93792, 94094, 96570, 97040, 97230, 98294, 99144,
    99432, 99771, 100622, 102037, 102692, 102774, 103407, 104347, 105125, 105288,
    108260, 109734, 110144, 111288, 112705, 113761, 114351, 117300, 118042, 121234,
    121281, 121293, 124606, 128322, 128658, 129167, 133200, 133334, 140102, 142599,
    143297, 143306, 145699, 145749, 150539, 152910, 153104, 155895, 157148, 158423,
    158663, 159416, 160030, 162421, 163266, 163822, 165005, 168958, 170283, 173434,
    175289, 175645, 176003, 176783, 178836, 180073, 181871, 183017, 183800, 183965,
    185367, 189614, 189736, 192148, 193432, 196178, 198044, 199766, 200161, 203116,
    203769, 210191, 210538, 212121, 212646, 212817, 216040, 216869, 217162, 217569,
    220538, 225828, 229136, 230925, 231294, 233856, 234127, 236088, 237955, 238664,
    239850, 239911, 241866, 242240, 245873, 245899, 249405, 251140, 251560, 252527,
    253217, 254216, 255149, 255510, 256205, 257301, 257911, 260153, 260651, 261787,
    263599, 264970, 270299, 270829, 271455, 271734, 272153, 274842, 276754, 277047,
    282756, 283718, 283870, 284014, 285454, 287836, 289451, 291435, 294265, 294450,
    295277, 301181, 301837, 304656, 304803, 306537, 306860, 307407, 308622, 309710,
    317517, 319653, 321911, 322249, 322961, 323867, 326184, 328801, 329821, 331113,
    333641, 333722, 335449, 335554, 335649, 340793, 342598, 346201, 346554, 347426,
    349081, 351378, 351418, 352766, 355126, 356017, 356333, 356501, 357055, 360214,
    360575, 360723, 363166, 365868, 367915, 376584, 377049, 377240, 377566, 377833,
    379486, 382196, 388951, 389090, 389464, 390409, 392628, 393978, 396137, 398702,
    399593, 401463, 401671, 401948, 402805, 403350, 404368, 405674, 408526, 408929,
    409075, 410680, 410715, 413364, 414688, 417641, 420615, 421217, 422021, 422137,
    425452, 429332, 430169, 431751, 434345, 438511, 438904, 439996, 444668, 449358,
    450143, 451138, 453971, 460577, 461948, 463041, 464075, 466233, 469226, 470405,
    471388, 476960, 478515, 480867, 481332, 483801, 484515, 487423, 487778, 491663,
    492560, 493647, 497799, 498068, 498662, 499625, 500407, 500568, 502891, 505084,
    506753, 507419, 512537, 512982, 513488, 514382, 516915, 520562, 520915, 520996,
    521234, 521835, 522110, 523149, 523536, 524332, 525795, 526334, 527225, 530961,
    532960, 538011, 538774, 539620, 539626, 540930, 542135, 543187, 543832, 544691,
    545728, 551885, 553596, 556537, 556782, 556870, 557032, 559458, 560939, 561423,
    563511, 563787, 564040, 564740, 565814, 566711, 567655, 569372, 570372, 571635,
    571655, 574567, 579057, 579555, 582331, 584237, 585774, 585870, 587447, 587500,
    587884, 588564, 589986, 590649, 590671, 591103, 593294, 594726, 596007, 599310,
    599930, 600414, 602013, 602386, 602548, 602683, 603950, 604516, 604524, 604855,
    605120, 606749, 607580, 608454, 609472, 611118, 611154, 611393, 612231, 613420,
    615264, 617378, 618386, 621633, 623532, 624303, 629230, 629904, 630013, 630070,
    631353, 632950, 632975, 633868, 634309, 634840, 637217, 638152, 638177, 638680,
    639144, 642869, 646295, 646435, 647461, 649334, 653568, 656751, 658126, 658682,
    659015, 660105, 660521, 666650, 668252, 668542, 669521, 675742, 678749, 678800,
    682765, 683249, 683713, 687660, 687895, 688770, 689728, 689970, 690734, 692838,
    693151, 694653, 696221, 697568, 699261, 700275, 700433, 701774, 702210, 703118,
    706615, 707149, 707246, 710223, 710409, 712789, 716159, 716310, 717896, 719829,
    723669, 724183, 726910, 727124, 728709, 729898, 733229, 733474, 733892, 734286,
    737087, 739415, 745313, 745598, 747546, 748557, 750074]
  prime: 9999999967
- ksize: 31
  md5sum: 88020dbf860c45602236dd581ecaf849
  mins: [857, 2949, 3130, 7557, 9192, 11475, 13980, 14715, 15179, 20582, 20869, 24482,
    25490, 25846, 25910, 27194, 29785, 29825, 30827, 32665, 34110, 36340, 36697, 38385,
    38446, 39166, 39229, 45098, 49928, 50871, 51008, 51572, 52986, 56049, 57955, 58272,
    58295, 58931, 59237, 62708, 65336, 70704, 72120, 72320, 72462, 74802, 76910, 80796,
    82836, 83055, 84394, 87524, 87526, 90150, 90168, 92713, 93118, 93731, 95017, 95051,
    95751, 96749, 96795, 97564, 97898, 98953, 100204, 108729, 109098, 109410, 109590,
    109867, 113603, 114055, 114675, 116524, 117090, 117549, 122318, 123102, 123456,
    127945, 133648, 136760, 138588, 138808, 139090, 139917, 144229, 146310, 146383,
    147254, 147683, 148988, 149542, 150888, 151282, 153772, 154484, 156291, 158055,
    158420, 159020, 159559, 159675, 162501, 162910, 168591, 168781, 169826, 170016,
    170467, 170753, 173884, 178321, 178671, 179617, 182967, 183525, 189030, 189618,
    189793, 191207, 191654, 192150, 194402, 194768, 195919, 198258, 201904, 204416,
    204993, 205632, 206638, 206741, 207163, 209979, 213080, 219945, 220369, 220739,
    223068, 226311, 226480, 227601, 229272, 229610, 230314, 232286, 233150, 233473,
    233824, 235231, 239920, 241566, 242711, 245302, 247810, 250552, 251989, 252704,
    253504, 254458, 259462, 259693, 262987, 265825, 266351, 267476, 267953, 268168,
    269344, 274241, 275205, 276789, 279965, 280506, 281426, 281677, 287037, 287762,
    288784, 289369, 290623, 290859, 290995, 291578, 293729, 297032, 301412, 305385,
    306667, 308490, 309923, 310161, 313163, 314197, 316268, 317919, 318684, 319143,
    321782, 321883, 322317, 325324, 327764, 327788, 328283, 329450, 329653, 332812,
    333823, 334689, 339808, 340473, 341517, 342244, 344090, 344522, 345432, 345730,
    345807, 346280, 350516, 352364, 352872, 355591, 355777, 356705, 358158, 360283,
    362565, 363376, 363586, 364309, 366174, 366805, 367185, 367262, 368600, 370583,
    376517, 376682, 377128, 377182, 380238, 384804, 388594, 394380, 394431, 395576,
    397237, 397705, 400296, 400311, 400514, 401348, 403636, 404799, 406788, 407221,
    408087, 408166, 408337, 409076, 410644, 412040, 412761, 413985, 414730, 415026,
    417067, 418184, 420988, 421843, 424618, 425907, 426808, 427496, 428174, 429796,
    430333, 430354, 430714, 431120, 431782, 433603, 434450, 436205, 438250, 440121,
    444608, 445335, 446122, 448980, 450781, 451750, 455262, 459166, 459861, 460044,
    460123, 464060, 464930, 466330, 466591, 468645, 473507, 473865, 474019, 474381,
    476144, 476551, 479352, 481487, 481676, 485466, 486025, 486059, 490539, 494609,
    495119, 496401, 497992, 498307, 498417, 499123, 499687, 500590, 501811, 503907,
    504413, 505778, 506425, 510082, 511691, 515312, 516135, 517909, 519363, 519389,
    521229, 521280, 522325, 524831, 525680, 526667, 530463, 531789, 531820, 533472,
    533835, 534238, 535301, 535835, 537368, 538452, 538648, 539650, 541606, 546716,
    547489, 548917, 549513, 554888, 555009, 556220, 556642, 556657, 556659, 556756,
    557421, 558443, 559425, 560120, 563126, 565350, 565511, 565793, 569382, 570397,
    572240, 573387, 576989, 577492, 580683, 581252, 584951, 585754, 586125, 587338,
    589563, 590788, 590924, 591689, 592554, 593405, 595270, 596118, 596582, 598374,
    599421, 601280, 602542, 604217, 608718, 611987, 612147, 612473, 618520, 618666,
    620342, 620664, 620670, 621143, 621903, 625279, 626416, 628455, 628939, 631128,
    631413, 640705, 641234, 646003, 646489, 647107, 648510, 650878, 651418, 652836,
    656440, 657005, 657467, 658524, 662016, 663642, 663813, 664445, 664889, 666117,
    666517, 667916, 669939, 670240, 671228, 671607, 673599, 674725, 675866, 677327,
    677747, 680471, 685659, 685941, 686573, 686959, 687405, 688809, 689804, 690623,
    691468, 696870, 700511, 703962, 706324, 708207, 708588, 709672, 710522, 711388,
    711977, 713505, 714786, 715651, 715773, 717148, 722861, 722912, 722955, 726244,
    726695, 727496, 727885, 727955, 729191, 729245, 729870, 730637, 732957, 734023,
    734892, 735103, 735161, 737404, 737586, 739024, 740146, 741016, 742901]
  prime: 9999999967
- ksize: 32
  md5sum: 43706b3c0c9e4bba7b1ac0e78b8b6659
  mins: [0, 861, 1417, 1764, 1923, 3563, 5306, 6575, 9943, 10043, 11734, 13401, 15413,
    16347, 16467, 17376, 19817, 21666, 21968, 23750, 27844, 32663, 33245, 36896, 38024,
    38374, 39383, 39700, 41929, 42206, 43661, 44161, 44746, 45840, 47677, 47802, 49139,
    51746, 53931, 56126, 56785, 57378, 57787, 58311, 58962, 59176, 59688, 60541, 63265,
    63864, 66196, 69150, 69615, 70583, 71422, 72405, 75181, 76257, 76434, 78266, 78393,
    78496, 84617, 84898, 86316, 87081, 89950, 91806, 92488, 92867, 93759, 96929, 97433,
    101068, 104445, 105530, 105878, 106696, 109933, 113198, 113743, 115393, 116703,
    118244, 119870, 122598, 123531, 124422, 125241, 127288, 129840, 131546, 132000,
    134967, 135492, 136273, 136593, 138463, 139011, 139077, 139315, 139724, 140669,
    150783, 152342, 153918, 154033, 155987, 156838, 158744, 163721, 164481, 165255,
    166608, 166664, 166730, 168035, 170968, 171223, 171800, 175841, 176011, 180667,
    180958, 182524, 184019, 185656, 185844, 186976, 187176, 187789, 188926, 189732,
    191437, 192948, 193660, 194615, 195632, 198045, 204874, 206446, 209888, 210274,
    210543, 211059, 211819, 213680, 215968, 217228, 217546, 217982, 221235, 228589,
    231295, 232260, 233371, 235224, 236677, 238167, 243361, 243715, 244692, 244866,
    245505, 245819, 247945, 248473, 251005, 252401, 252499, 252702, 254036, 255934,
    258413, 258615, 260083, 261163, 262260, 262473, 265447, 266546, 267139, 269112,
    269727, 271127, 271710, 273491, 274969, 279284, 279682, 281255, 281957, 282606,
    282976, 283236, 285701, 289075, 290340, 290545, 294285, 294799, 294827, 295794,
    299275, 300168, 305093, 306077, 306891, 309740, 309989, 310193, 312082, 314290,
    314914, 316494, 317096, 318328, 319516, 322838, 324464, 324675, 328881, 331043,
    331297, 332745, 335218, 335552, 336079, 336527, 337210, 338140, 339061, 340461,
    348345, 348874, 353835, 354752, 355270, 355591, 357665, 360387, 360592, 361131,
    361383, 362330, 362792, 362850, 363568, 368502, 369037, 373073, 373199, 373622,
    373734, 374896, 378019, 379684, 380128, 380646, 382709, 386031, 386421, 388274,
    388861, 390359, 390861, 392345, 392552, 393645, 395699, 400072, 408730, 410040,
    413672, 414729, 415606, 415976, 420835, 421100, 421392, 421409, 421579, 422048,
    423997, 425724, 427345, 427691, 428452, 428900, 429419, 430646, 436723, 440929,
    449123, 451994, 454138, 455292, 455344, 456012, 456339, 457139, 457914, 458423,
    464042, 464366, 466624, 468806, 471042, 473552, 475475, 475679, 476580, 477660,
    477992, 478654, 479653, 480847, 481005, 481310, 482108, 482494, 483831, 486960,
    493572, 494198, 495310, 495384, 495923, 496184, 497083, 499731, 500708, 501080,
    506679, 506795, 508908, 508978, 510253, 510543, 512102, 514236, 518699, 520805,
    524054, 526000, 526860, 527785, 528396, 530708, 531679, 532439, 534094, 538247,
    541048, 541667, 541894, 543255, 544040, 544487, 545920, 546883, 550259, 550826,
    551025, 551419, 554546, 556004, 558121, 560256, 560362, 560802, 563145, 564663,
    564835, 566951, 568511, 568764, 570006, 572073, 572714, 572728, 576391, 577982,
    580635, 584400, 584900, 585503, 592008, 594460, 594627, 595436, 595662, 597034,
    598951, 600053, 602584, 604264, 605054, 605924, 606332, 606523, 606732, 607212,
    607719, 608082, 609622, 611219, 611501, 614600, 615787, 616695, 618745, 620186,
    621347, 621939, 622361, 623083, 623612, 624573, 626681, 627372, 629455, 630706,
    631361, 632316, 642056, 642201, 650124, 653387, 655204, 656443, 658241, 658534,
    660186, 661415, 662063, 670629, 672165, 674491, 675685, 676074, 676528, 676824,
    677970, 679939, 682210, 684308, 687812, 688062, 690314, 694027, 696925, 699599,
    700441, 702690, 707162, 707965, 708026, 708474, 711075, 713189, 713582, 713752,
    715023, 715876, 715974, 717565, 717773, 718916, 719471, 720842, 721325, 721358,
    721472, 722327, 723868, 724110, 724768, 727056, 727906, 730034, 730318, 730924,
    731919, 733364, 734964, 737098, 737125, 738149, 739550, 739595, 742551, 742651,
    743647, 746550, 753737, 755974, 756575, 758024, 759118]
  prime: 9999999967
type: mrnaseq
version: '0.2'
