class: sourmash_signature
email: titus@idyll.org
filename: SRR453570_1.fastq.gz.trimnoV.fq.gz
name: yeast
signatures:
- ksize: 16
  md5sum: 945aa0b20c3882e9daeeca405e25ecf4
  mins: [0, 3079, 6251, 13982, 14335, 17783, 20057, 22512, 24612, 25002, 25473, 34364,
    45329, 45514, 46508, 49724, 50080, 57493, 57891, 60084, 63804, 68801, 69394, 69599,
    70422, 71658, 74400, 79224, 80156, 82174, 86281, 89435, 92662, 95726, 96962, 98088,
    101272, 102608, 104452, 111227, 113596, 124854, 135803, 136289, 151958, 157302,
    159555, 162928, 165788, 179222, 190819, 200872, 204312, 208857, 208916, 216826,
    217651, 218599, 227703, 230560, 231281, 234074, 235131, 244853, 251581, 255164,
    260138, 265797, 273074, 275227, 279836, 284245, 287510, 288308, 296341, 301406,
    305651, 315961, 318346, 322471, 323438, 323574, 325324, 325687, 326047, 330768,
    331138, 332932, 336147, 340426, 340704, 341413, 343274, 344208, 346775, 349322,
    351253, 355022, 363789, 364596, 367110, 378418, 378853, 381201, 390509, 393545,
    394132, 394156, 395971, 396563, 398660, 411185, 411250, 412981, 415213, 422369,
    423800, 423863, 424686, 425012, 426414, 426532, 428139, 433518, 436281, 445451,
    451113, 451461, 454300, 459611, 474807, 475144, 475516, 476383, 476746, 486399,
    489666, 490410, 492126, 493391, 504830, 505758, 508029, 511790, 518298, 518641,
    520907, 521845, 524337, 525929, 526342, 531819, 532565, 532838, 538908, 540824,
    544751, 549969, 556884, 557459, 562551, 563520, 564764, 565352, 581210, 582021,
    582226, 582470, 586207, 588337, 588934, 590370, 591794, 591839, 593051, 594414,
    598621, 604201, 608223, 609206, 609629, 611027, 611730, 613482, 619831, 624418,
    625653, 629914, 629990, 632477, 635022, 635435, 636416, 640680, 643596, 646285,
    646892, 651880, 652159, 653391, 656214, 662980, 666127, 670331, 670567, 670827,
    672104, 674254, 680285, 681604, 695686, 697983, 698860, 710594, 720486, 726229,
    726746, 728419, 733662, 737799, 743774, 744045, 745830, 748375, 748487, 754938,
    755566, 756841, 757960, 763707, 765161, 767233, 772733, 778412, 779523, 780982,
    784341, 784659, 786968, 792547, 794776, 797342, 797395, 797753, 798321, 798365,
    802279, 805712, 813415, 823371, 829792, 833338, 839993, 841480, 855895, 857165,
    862091, 864600, 866148, 866591, 871363, 872892, 874152, 876521, 878288, 881251,
    882005, 882620, 883661, 883948, 883954, 886684, 890488, 897866, 901323, 903403,
    906101, 908999, 910124, 910200, 911792, 919660, 927798, 930671, 932383, 933128,
    933950, 939954, 940035, 943984, 944222, 945619, 946342, 963685, 964071, 964084,
    965782, 965797, 966839, 968248, 972484, 976938, 977289, 979318, 984287, 994662,
    997823, 999488, 1003036, 1008844, 1009448, 1016165, 1017341, 1020468, 1024930,
    1026483, 1026786, 1027644, 1030302, 1031857, 1053834, 1062474, 1068938, 1069517,
    1074635, 1078087, 1081497, 1081942, 1082349, 1082695, 1089384, 1092109, 1095579,
    1097201, 1100410, 1108549, 1109522, 1112414, 1119098, 1125985, 1127318, 1136185,
    1138978, 1142431, 1146771, 1146991, 1152368, 1154717, 1159704, 1161657, 1164125,
    1165507, 1167770, 1168161, 1168880, 1169486, 1169999, 1172622, 1180306, 1181325,
    1187476, 1190594, 1192932, 1196097, 1197466, 1200407, 1202103, 1203251, 1204490,
    1211876, 1218075, 1219481, 1219705, 1232808, 1240337, 1240453, 1248324, 1248857,
    1251724, 1255178, 1263204, 1269694, 1273574, 1278720, 1280289, 1285243, 1292864,
    1295009, 1305293, 1306549, 1308411, 1309197, 1316134, 1318066, 1318837, 1319922,
    1331500, 1338932, 1344416, 1349420, 1349526, 1357869, 1358114, 1361570, 1361800,
    1363435, 1364270, 1368300, 1369558, 1370367, 1376170, 1379177, 1384220, 1386677,
    1393244, 1393450, 1395775, 1395781, 1398459, 1401876, 1402260, 1406461, 1406770,
    1407712, 1415800, 1418604, 1425040, 1425217, 1435396, 1442754, 1447521, 1450968,
    1451538, 1452602, 1455962, 1459026, 1466258, 1475775, 1482921, 1484856, 1488225,
    1488795, 1492855, 1496784, 1497272, 1499454, 1509702, 1511798, 1511960, 1514456,
    1515014, 1527443, 1531785, 1533499, 1537022, 1538729, 1544829, 1549270, 1549438,
    1550587, 1552431, 1562390, 1562420, 1564434, 1566754, 1567915, 1569834, 1573192,
    1577615, 1578434, 1582810, 1594450, 1596365, 1597994, 1598261, 1600158, 1600536,
    1601903, 1602981, 1608381, 1610193, 1610262, 1611484, 1614378, 1615256, 1621880,
    1628390, 1630907, 1632015, 1633886, 1634442, 1635190, 1635447, 1639140, 1640156,
    1647286, 1651656, 1653834, 1654392, 1663117]
  prime: 9999999967
- ksize: 22
  md5sum: b30f7293d9e40fe2065c5ac088d787ba
  mins: [0, 2324, 2346, 3431, 7071, 17102, 28496, 32543, 42391, 45988, 53119, 53136,
    56221, 57358, 58092, 64286, 64380, 64428, 65170, 69677, 70619, 78456, 79461, 82205,
    84595, 85664, 85758, 87672, 90696, 92542, 93792, 96570, 99144, 99432, 99771, 100622,
    102037, 103407, 104347, 109734, 111288, 118042, 121234, 121281, 124606, 133334,
    140102, 142599, 143297, 143306, 145749, 152910, 153104, 157148, 159416, 160030,
    163822, 168958, 170283, 175289, 176003, 180073, 183965, 189614, 189736, 193432,
    199766, 200161, 203116, 210538, 212121, 212817, 217569, 220538, 225828, 234127,
    237955, 239850, 249405, 251560, 254216, 255510, 256205, 270829, 274842, 276754,
    277047, 282756, 289451, 294265, 295277, 301181, 301837, 304656, 304803, 306860,
    307407, 319653, 322249, 322961, 328801, 331113, 333722, 346554, 349081, 351418,
    356333, 356501, 360575, 367915, 376584, 377566, 377833, 389090, 392628, 396137,
    398702, 401948, 404368, 405674, 408929, 421217, 422137, 430169, 431751, 434345,
    438511, 439996, 450143, 451138, 460577, 463041, 464075, 466233, 469226, 478515,
    480867, 481332, 487778, 491663, 493647, 498068, 502891, 506753, 512537, 512982,
    520562, 520915, 521234, 521835, 523536, 524332, 525795, 526334, 527225, 530961,
    532960, 538774, 539620, 542135, 544691, 545728, 551885, 556537, 556782, 556870,
    557032, 560939, 561423, 563511, 564740, 566711, 571655, 574567, 582331, 584237,
    585870, 587884, 590649, 590671, 591103, 593294, 600414, 602386, 602548, 603950,
    604516, 604524, 604855, 605120, 606749, 609472, 617378, 618386, 621633, 623532,
    629230, 631353, 633868, 637217, 638152, 638177, 638680, 639144, 646295, 647461,
    649334, 658126, 660105, 668252, 669521, 678749, 678800, 687660, 688770, 689728,
    689970, 690734, 692838, 699261, 700275, 700433, 701774, 702210, 703118, 706615,
    707246, 710409, 716310, 719829, 726910, 727124, 728709, 733892, 734286, 737087,
    745598, 753947, 759340, 762699, 764371, 770494, 770766, 774390, 774517, 778573,
    782104, 792058, 798617, 798857, 799924, 800457, 802037, 802633, 813531, 816874,
    819305, 824477, 828262, 830733, 839301, 840415, 844092, 845658, 853749, 859639,
    862953, 863213, 867864, 869583, 869646, 874638, 879513, 899186, 903097, 903916,
    905624, 905972, 909370, 913668, 920033, 921942, 928003, 928017, 937442, 940080,
    947736, 949228, 951264, 955715, 960461, 961192, 962688, 963158, 963375, 968166,
    971188, 975566, 976829, 978971, 979639, 980133, 984432, 984846, 995415, 995880,
    996494, 1000609, 1002989, 1004125, 1007101, 1009243, 1013718, 1015913, 1016937,
    1018528, 1018604, 1019210, 1020065, 1024573, 1025819, 1030140, 1031502, 1033844,
    1035106, 1036979, 1037222, 1040327, 1042559, 1045850, 1047078, 1048111, 1052038,
    1058510, 1059494, 1063133, 1078808, 1086104, 1086831, 1091067, 1091180, 1095748,
    1097085, 1097534, 1100121, 1101205, 1103683, 1108595, 1113993, 1116241, 1117392,
    1121662, 1125195, 1136333, 1136557, 1140669, 1141282, 1151149, 1151388, 1158665,
    1159004, 1164815, 1165794, 1167366, 1168526, 1175726, 1185129, 1191472, 1195295,
    1198151, 1198529, 1201628, 1206730, 1214165, 1215457, 1218984, 1222589, 1224419,
    1228559, 1229925, 1234803, 1236305, 1238033, 1239722, 1244691, 1246486, 1251613,
    1251679, 1252769, 1256206, 1257657, 1259710, 1259839, 1259885, 1266959, 1267484,
    1276097, 1276734, 1277233, 1282190, 1289357, 1290235, 1299175, 1299923, 1302793,
    1317490, 1318553, 1320864, 1322810, 1322843, 1324574, 1328881, 1329458, 1331170,
    1334364, 1338602, 1339203, 1343898, 1348510, 1348524, 1350841, 1352120, 1356749,
    1364611, 1366645, 1369057, 1378843, 1381204, 1384881, 1385040, 1387069, 1389071,
    1389581, 1389758, 1395586, 1397330, 1399859, 1400519, 1402105, 1413402, 1414247,
    1416134, 1421429, 1427518, 1429854, 1438292, 1440790, 1449566, 1453811, 1456486,
    1466003, 1466620, 1469952, 1473231, 1476583, 1482615, 1490030, 1490927, 1491047,
    1491152, 1492967, 1495340, 1498044, 1513317, 1514708, 1517616, 1518138, 1519601,
    1522709, 1528079, 1528514, 1532492, 1539011, 1540411, 1541650, 1543506, 1546675,
    1556401, 1559625, 1564138, 1568612, 1570246, 1576833, 1581628, 1588038, 1593208,
    1598063, 1600635, 1602205, 1612749, 1614390, 1619000, 1622639, 1627446, 1633104,
    1637653, 1638777, 1638992, 1639066, 1640952]
  prime: 9999999967
- ksize: 31
  md5sum: 750466bec48e7db70c4a2d744c7e133a
  mins: [857, 3130, 7557, 14715, 24482, 38385, 39229, 49928, 50871, 51572, 57955,
    58272, 58295, 58931, 62708, 65336, 72462, 76910, 80796, 82836, 83055, 90168, 93731,
    97564, 98953, 100204, 108729, 109410, 109590, 109867, 114055, 116524, 117090,
    117549, 122318, 123456, 127945, 133648, 136760, 138588, 146310, 146383, 148988,
    153772, 154484, 158055, 158420, 162910, 168591, 170016, 170467, 170753, 178321,
    178671, 179617, 189030, 195919, 198258, 204993, 207163, 220369, 226311, 229610,
    233473, 233824, 235231, 239920, 241566, 250552, 259693, 267953, 274241, 280506,
    281677, 288784, 290859, 290995, 297032, 301412, 306667, 308490, 309923, 310161,
    313163, 321782, 325324, 327764, 328283, 329653, 332812, 333823, 339808, 340473,
    345807, 350516, 352364, 352872, 355591, 355777, 360283, 362565, 363586, 366174,
    366805, 367185, 367262, 368600, 376517, 377182, 394431, 395576, 401348, 403636,
    406788, 408166, 410644, 412040, 412761, 413985, 414730, 417067, 418184, 421843,
    424618, 426808, 430333, 431120, 440121, 444608, 446122, 450781, 451750, 459861,
    460044, 464930, 466330, 473865, 474019, 474381, 476144, 476551, 481487, 485466,
    490539, 495119, 496401, 498307, 499687, 503907, 504413, 506425, 515312, 516135,
    519389, 521229, 521280, 531789, 531820, 533835, 537368, 546716, 547489, 549513,
    556642, 556657, 557421, 558443, 563126, 565350, 570397, 572240, 581252, 585754,
    590788, 591689, 595270, 596118, 596582, 598374, 601280, 602542, 608718, 611987,
    612147, 618520, 620670, 631128, 631413, 640705, 641234, 646003, 647107, 648510,
    650878, 656440, 657467, 663642, 664445, 664889, 666517, 667916, 669939, 674725,
    675866, 677327, 680471, 685941, 686959, 688809, 689804, 690623, 691468, 696870,
    703962, 706324, 709672, 710522, 714786, 715651, 722912, 722955, 726244, 727496,
    727885, 727955, 729191, 729245, 729870, 732957, 734023, 734892, 735103, 735161,
    737404, 739024, 742901, 744690, 748809, 753542, 755731, 755765, 757334, 757405,
    758906, 760793, 766742, 766782, 767569, 768283, 769371, 770400, 772902, 782938,
    783279, 789271, 796480, 804269, 804882, 806810, 811834, 813389, 815221, 819205,
    827799, 827807, 827832, 833819, 834167, 834245, 835347, 838125, 840510, 845208,
    845560, 847846, 849057, 849058, 849551, 851652, 864856, 864889, 866403, 873442,
    879930, 883072, 885850, 886624, 891313, 899183, 899309, 900018, 900651, 907245,
    910020, 914181, 915156, 917183, 917204, 918384, 921759, 922499, 922931, 923226,
    928259, 928426, 933086, 935870, 941509, 942440, 952071, 952176, 952688, 955329,
    959271, 966846, 972580, 973434, 976701, 988446, 989257, 990474, 991194, 991517,
    992361, 994585, 995644, 997271, 1001869, 1007611, 1015336, 1015696, 1018742, 1018802,
    1022432, 1031819, 1035203, 1037420, 1039441, 1053086, 1053353, 1057598, 1060575,
    1068024, 1068833, 1071496, 1071583, 1071625, 1072419, 1073884, 1075130, 1076933,
    1081858, 1084293, 1088163, 1088493, 1088577, 1088657, 1090925, 1095047, 1097745,
    1102255, 1102560, 1107540, 1110985, 1118094, 1119369, 1125933, 1133606, 1147586,
    1148938, 1153381, 1154349, 1160077, 1160594, 1162518, 1163725, 1166416, 1167424,
    1176826, 1177517, 1179600, 1182964, 1187168, 1193371, 1193808, 1195960, 1196322,
    1198732, 1199727, 1205506, 1209008, 1215463, 1223806, 1228596, 1249782, 1255914,
    1256542, 1259276, 1267089, 1271539, 1274183, 1285339, 1286267, 1289169, 1292880,
    1293316, 1293538, 1293640, 1294646, 1298892, 1301904, 1309766, 1310023, 1313187,
    1314231, 1317077, 1317353, 1331998, 1334128, 1344719, 1345866, 1349702, 1350186,
    1355572, 1356243, 1357665, 1357990, 1359235, 1365805, 1367599, 1367990, 1369244,
    1375290, 1375328, 1383743, 1384371, 1386823, 1389137, 1389290, 1389767, 1390270,
    1397257, 1397873, 1406615, 1407260, 1408262, 1411027, 1411660, 1414213, 1414572,
    1418234, 1422324, 1425201, 1425554, 1428780, 1430078, 1434180, 1434385, 1435552,
    1438557, 1442789, 1443705, 1446612, 1451984, 1455772, 1456567, 1462503, 1464805,
    1473869, 1474617, 1476837, 1480351, 1483098, 1483126, 1484461, 1486107, 1486820,
    1495670, 1495688, 1499076, 1503460, 1503735, 1519165, 1520544, 1523398, 1525578,
    1537456, 1537780, 1542739, 1544321, 1556153, 1558333, 1561991, 1562642, 1564436,
    1566836, 1569706, 1572865, 1580814, 1584070]
  prime: 9999999967
- ksize: 32
  md5sum: 11cb4dbf95ab0b5073fdbeaaf64009ea
  mins: [0, 1923, 3563, 10043, 11734, 13401, 16347, 17376, 19817, 21968, 32663, 36896,
    38374, 39383, 42206, 43661, 44161, 47802, 56785, 57378, 57787, 59176, 59688, 60541,
    63265, 63864, 69150, 69615, 76434, 78266, 78496, 86316, 89950, 92488, 96929, 101068,
    104445, 105530, 113198, 124422, 125241, 127288, 132000, 136593, 139315, 140669,
    150783, 153918, 154033, 155987, 156838, 163721, 164481, 171800, 175841, 176011,
    180667, 180958, 184019, 186976, 188926, 192948, 193660, 194615, 198045, 209888,
    210274, 213680, 217228, 217546, 221235, 232260, 243715, 244692, 245505, 245819,
    248473, 252499, 252702, 258413, 262260, 265447, 269112, 273491, 274969, 279682,
    282976, 283236, 289075, 290545, 294799, 295794, 305093, 309740, 309989, 312082,
    316494, 317096, 322838, 324464, 331043, 335218, 335552, 336527, 337210, 338140,
    348874, 357665, 361383, 362792, 363568, 368502, 373073, 373199, 382709, 386031,
    386421, 390359, 390861, 393645, 395699, 400072, 408730, 410040, 413672, 421392,
    421409, 423997, 425724, 428900, 429419, 430646, 436723, 456012, 458423, 464366,
    466624, 473552, 476580, 477660, 479653, 481005, 481310, 483831, 493572, 494198,
    495923, 496184, 499731, 500708, 508908, 512102, 524054, 526000, 526860, 528396,
    530708, 532439, 545920, 550259, 551025, 551419, 554546, 556004, 560256, 563145,
    568511, 570006, 576391, 577982, 580635, 584400, 594627, 595436, 597034, 602584,
    605054, 605924, 608082, 611219, 615787, 618745, 621347, 623083, 627372, 631361,
    632316, 642056, 642201, 650124, 655204, 660186, 661415, 672165, 676528, 676824,
    677970, 679939, 682210, 688062, 690314, 702690, 707162, 707965, 708026, 713582,
    715974, 718916, 719471, 720842, 721325, 721358, 723868, 724110, 724768, 727056,
    730924, 733364, 737098, 738149, 742651, 743647, 746550, 756575, 758024, 760375,
    760801, 761621, 765451, 766169, 773983, 774545, 774882, 780024, 780164, 780445,
    793643, 795918, 800178, 804872, 809250, 809821, 813646, 815076, 816164, 817081,
    817133, 834403, 835694, 835967, 836732, 837920, 838852, 840367, 842104, 845323,
    846965, 852598, 853089, 854846, 857099, 858788, 859748, 865920, 871018, 871861,
    872579, 876804, 880655, 884046, 893748, 896859, 900082, 907880, 909234, 909461,
    913336, 914120, 914411, 915370, 918305, 921127, 926513, 926965, 929286, 932786,
    936543, 937548, 939897, 941136, 943447, 945488, 949951, 951677, 956132, 958142,
    958485, 959284, 959312, 968180, 970431, 971658, 973871, 977974, 991068, 993666,
    995129, 996776, 996902, 997845, 998450, 1003052, 1003335, 1006443, 1012364, 1013515,
    1015639, 1016299, 1017990, 1020215, 1022729, 1025348, 1032033, 1037703, 1040095,
    1050403, 1057210, 1061636, 1062967, 1064427, 1068993, 1069841, 1075918, 1077398,
    1080814, 1088434, 1090739, 1096023, 1099417, 1103948, 1110887, 1115624, 1122489,
    1128824, 1130345, 1132266, 1138362, 1139810, 1140139, 1141109, 1144280, 1144612,
    1152092, 1157486, 1173353, 1175774, 1178236, 1183241, 1197930, 1198942, 1200242,
    1206470, 1207252, 1210128, 1213320, 1219602, 1219768, 1221064, 1221773, 1222490,
    1225201, 1228542, 1229228, 1233159, 1236366, 1237331, 1242656, 1243234, 1243985,
    1244489, 1245798, 1254929, 1257482, 1258803, 1262859, 1266154, 1270029, 1273780,
    1275160, 1277198, 1284565, 1286033, 1291069, 1293645, 1295587, 1304003, 1309073,
    1311686, 1312764, 1313182, 1318104, 1319251, 1325054, 1327428, 1329624, 1335741,
    1339188, 1341032, 1341708, 1341905, 1341962, 1355223, 1356400, 1357544, 1365929,
    1368606, 1370828, 1378341, 1378561, 1379095, 1379593, 1380306, 1393385, 1395288,
    1396377, 1396397, 1403714, 1406153, 1410566, 1414076, 1422234, 1431531, 1432623,
    1437022, 1437318, 1438931, 1443941, 1448399, 1458623, 1459637, 1463424, 1466753,
    1471013, 1484311, 1502182, 1506760, 1514127, 1516389, 1521788, 1524317, 1529335,
    1530850, 1536259, 1543413, 1543992, 1544408, 1558843, 1563347, 1564829, 1565790,
    1568578, 1570277, 1571437, 1571859, 1572678, 1573044, 1582602, 1589509, 1597136,
    1613216, 1613874, 1614927, 1616127, 1621977, 1629493, 1630472, 1632261, 1638980,
    1639086, 1645473, 1649113, 1652471, 1658201, 1660153, 1661397, 1672016, 1672060,
    1683433, 1685832, 1685844, 1689569, 1691307, 1701471, 1702644, 1704168, 1707197,
    1709647, 1711843, 1716414, 1716841]
  prime: 9999999967
type: mrnaseq
version: '0.2'
