class: sourmash_signature
email: titus@idyll.org
filename: SRR453569_1.fastq.gz.trimnoV.fq.gz
name: yeast
signatures:
- ksize: 16
  md5sum: be059ba6fbb8bae2849bee79446186e2
  mins: [0, 3079, 6251, 14335, 20057, 22512, 24612, 25473, 34364, 37777, 46508, 49724,
    57493, 57891, 63804, 68801, 69599, 70422, 71658, 74400, 79224, 80156, 82174, 86281,
    92662, 96962, 98088, 101272, 102608, 111227, 113596, 124854, 135803, 136289, 151958,
    156464, 157302, 159555, 162928, 179222, 183445, 204312, 208857, 216826, 217651,
    230560, 231281, 244853, 251581, 255164, 260138, 260251, 265797, 273074, 275227,
    279836, 284245, 287510, 288308, 296341, 301406, 304724, 315961, 318346, 322471,
    323574, 324907, 325324, 325687, 326047, 330768, 331138, 335489, 339488, 340426,
    340704, 341413, 344208, 349322, 351253, 355022, 363789, 367110, 378418, 384426,
    390509, 393545, 394132, 394156, 395971, 411185, 411250, 412981, 415213, 422369,
    423800, 423863, 424686, 425012, 426532, 436281, 445451, 451113, 451461, 454300,
    457996, 459611, 461139, 474807, 475144, 475516, 476383, 476746, 486399, 489666,
    490410, 492126, 504830, 505758, 508029, 511790, 518298, 518641, 520907, 524337,
    525929, 526342, 531819, 532838, 540824, 549969, 556884, 562551, 563520, 564764,
    565352, 581210, 582021, 582226, 586207, 588337, 588934, 590370, 591794, 591839,
    608223, 609206, 609629, 611027, 611730, 619831, 624418, 624967, 629990, 635022,
    636416, 643596, 646285, 646892, 651880, 653391, 656214, 662980, 666127, 670331,
    670567, 670827, 672104, 674254, 681604, 697983, 698860, 710594, 720486, 726229,
    726746, 728419, 733662, 743774, 744045, 745830, 748375, 748487, 754938, 756841,
    757960, 763707, 772733, 778412, 779523, 780982, 784341, 784659, 786968, 792547,
    794776, 797395, 797753, 798365, 802279, 805712, 806623, 823371, 829792, 832361,
    833338, 839993, 841480, 855895, 857165, 862091, 866148, 866591, 871363, 872892,
    876521, 878288, 880773, 881251, 882005, 882620, 883954, 886684, 890488, 897866,
    901323, 903403, 906101, 910124, 911792, 919660, 927798, 930671, 932383, 939954,
    940035, 943984, 945619, 946342, 963685, 964071, 964084, 965797, 966341, 968248,
    972484, 976938, 979318, 994662, 997823, 999488, 1003036, 1009448, 1016165, 1017341,
    1020468, 1024930, 1026483, 1027644, 1030302, 1031857, 1034857, 1053834, 1055171,
    1062474, 1068938, 1069517, 1071409, 1074635, 1078087, 1078787, 1081497, 1081942,
    1082349, 1082695, 1089384, 1092109, 1095579, 1100410, 1103057, 1108549, 1109522,
    1112414, 1119098, 1126082, 1127318, 1136185, 1138978, 1142431, 1146771, 1146991,
    1154717, 1161657, 1164125, 1165507, 1167770, 1169999, 1180306, 1181325, 1187476,
    1190594, 1192932, 1196097, 1197466, 1200407, 1202103, 1202531, 1203251, 1209872,
    1211876, 1218075, 1219481, 1219705, 1232808, 1240337, 1240453, 1248324, 1248857,
    1251724, 1255178, 1269694, 1273574, 1278720, 1280289, 1285243, 1292864, 1295009,
    1300944, 1305293, 1306549, 1308411, 1309197, 1318066, 1318837, 1320839, 1338932,
    1344416, 1349526, 1357869, 1358114, 1361800, 1361933, 1363435, 1364270, 1368300,
    1369558, 1376170, 1379177, 1384280, 1386677, 1393244, 1393450, 1395775, 1395781,
    1398874, 1406461, 1407712, 1415800, 1418604, 1425040, 1435396, 1436512, 1442754,
    1447521, 1450968, 1452602, 1455962, 1459026, 1464149, 1466258, 1475775, 1484856,
    1488225, 1488795, 1492316, 1492855, 1496784, 1497272, 1509702, 1511798, 1511960,
    1514456, 1527443, 1531785, 1533499, 1537022, 1538729, 1544829, 1549270, 1549438,
    1550587, 1562420, 1564434, 1566754, 1569834, 1573192, 1577615, 1578434, 1582810,
    1598261, 1600158, 1600536, 1602981, 1608381, 1610193, 1610262, 1611484, 1621880,
    1622505, 1628390, 1633886, 1634442, 1635190, 1635447, 1651656, 1653834, 1654392,
    1657353, 1663117, 1669737, 1684825, 1685076, 1688911, 1690292, 1697773, 1697780,
    1699810, 1701386, 1704701, 1706113, 1706822, 1710723, 1718602, 1726173, 1729240,
    1731260, 1731271, 1732714, 1741491, 1763729, 1766585, 1771738, 1774190, 1782299,
    1786633, 1786924, 1795358, 1799382, 1801511, 1803840, 1810263, 1824687, 1828924,
    1833597, 1834098, 1841593, 1842380, 1844230, 1844871, 1849622, 1855237, 1855244,
    1855450, 1856933, 1857553, 1857634, 1862422, 1867344, 1871289, 1875368, 1881649,
    1884731, 1885546, 1886673, 1886939, 1890773, 1893597, 1894323, 1904680, 1915338,
    1916940, 1920837, 1921810, 1927869, 1937181, 1938019, 1941201, 1948272, 1950211,
    1951464, 1956960, 1974874, 1979004, 1979653, 1996961, 1997281, 1998013, 2005523,
    2011689, 2019724]
  prime: 9999999967
- ksize: 22
  md5sum: 360f4694c19e2247000685aef6db2021
  mins: [0, 2346, 3431, 7071, 14002, 14290, 17102, 28496, 32543, 53119, 56221, 57358,
    58092, 64380, 64428, 65170, 69677, 70619, 78999, 82205, 84595, 85758, 87672, 97040,
    99144, 99432, 99771, 100622, 102037, 103407, 104347, 110144, 111288, 121234, 121281,
    124606, 133334, 140102, 143297, 143306, 145749, 152910, 157148, 159416, 160030,
    162421, 163822, 168958, 170283, 175289, 176003, 180073, 183965, 189736, 199766,
    200161, 210538, 212121, 212817, 217569, 220538, 225828, 230925, 238664, 239850,
    242240, 249405, 251560, 256205, 276754, 277047, 282756, 289451, 295277, 301181,
    301837, 306860, 322249, 322961, 328801, 333722, 346554, 349081, 351378, 351418,
    360575, 376584, 377566, 377833, 389090, 396137, 404368, 405674, 408929, 421217,
    422137, 431751, 434345, 450143, 451138, 463041, 464075, 469226, 480867, 481332,
    483801, 487778, 491663, 493647, 498068, 500407, 502891, 506753, 512537, 512982,
    519274, 520562, 520996, 521234, 521835, 523536, 524332, 525795, 526334, 527225,
    530961, 538774, 542135, 544691, 545728, 556537, 556782, 557032, 560939, 561423,
    564740, 566711, 571655, 574567, 582331, 584237, 585870, 587884, 593294, 599310,
    600414, 602386, 604516, 604524, 604855, 606749, 609472, 617378, 618386, 621633,
    623532, 629230, 629904, 631353, 633868, 637217, 638152, 638177, 638680, 642869,
    649334, 658126, 678749, 687660, 688770, 689728, 689970, 692838, 693151, 699261,
    700275, 700433, 702210, 706615, 707246, 716310, 719829, 724183, 726910, 727124,
    733892, 734286, 745598, 753947, 759340, 764371, 770494, 774390, 774517, 778573,
    782104, 798617, 799924, 800457, 802037, 802633, 813531, 816874, 819305, 824477,
    828262, 839301, 840415, 844092, 845658, 853749, 859639, 862953, 869583, 869646,
    874638, 893481, 899186, 900434, 903097, 903916, 904839, 905624, 909370, 913668,
    920033, 921942, 928003, 928017, 930354, 937442, 940080, 947736, 949228, 951264,
    955715, 960461, 961192, 962688, 963158, 963375, 968166, 971188, 975566, 976829,
    977115, 978971, 979639, 980133, 984846, 992733, 995415, 995880, 1000609, 1002989,
    1004125, 1004513, 1007101, 1009243, 1013718, 1015913, 1018528, 1018604, 1019210,
    1020065, 1025819, 1030140, 1033844, 1035106, 1037132, 1037222, 1040327, 1042559,
    1045850, 1047078, 1047443, 1052038, 1058510, 1059494, 1063133, 1078808, 1086104,
    1091067, 1091180, 1095748, 1100121, 1101205, 1103683, 1108595, 1113993, 1116241,
    1117392, 1125195, 1136333, 1140669, 1141282, 1151149, 1151388, 1158665, 1159004,
    1165794, 1167366, 1168526, 1175726, 1185129, 1195295, 1198151, 1199233, 1201628,
    1206730, 1211654, 1214165, 1215457, 1222589, 1224419, 1229743, 1229925, 1232771,
    1236305, 1244691, 1251613, 1252769, 1257657, 1259710, 1259839, 1259885, 1266959,
    1267484, 1276097, 1276734, 1277233, 1282190, 1289357, 1290235, 1299175, 1302793,
    1320864, 1322843, 1324574, 1328881, 1334364, 1337502, 1339203, 1343898, 1348510,
    1350841, 1352120, 1356749, 1364611, 1366645, 1378843, 1381204, 1384881, 1385040,
    1389071, 1389581, 1389758, 1395586, 1397330, 1399859, 1400519, 1402105, 1413402,
    1414247, 1416134, 1427518, 1429854, 1438292, 1440790, 1444570, 1449566, 1453811,
    1456486, 1466003, 1466620, 1469952, 1473231, 1477846, 1479537, 1482615, 1490030,
    1490927, 1491047, 1491152, 1492967, 1498044, 1513317, 1514708, 1517616, 1518138,
    1519601, 1522146, 1522709, 1528079, 1528514, 1532492, 1532736, 1539011, 1540411,
    1543506, 1546675, 1559625, 1564138, 1568612, 1570246, 1576833, 1581628, 1593208,
    1598063, 1600635, 1602205, 1612749, 1614390, 1622639, 1627446, 1638777, 1638992,
    1639066, 1642798, 1644042, 1644938, 1652225, 1663490, 1664504, 1668177, 1670415,
    1672214, 1674105, 1674796, 1676265, 1679566, 1685065, 1703327, 1709708, 1710273,
    1715625, 1719369, 1721219, 1722541, 1726480, 1729618, 1729740, 1734340, 1741513,
    1746756, 1751635, 1752587, 1756005, 1759141, 1763248, 1767094, 1771002, 1771239,
    1774999, 1776414, 1777550, 1780170, 1780933, 1783058, 1798284, 1798792, 1799430,
    1799939, 1801755, 1801762, 1812852, 1819040, 1822861, 1824589, 1825401, 1834576,
    1847669, 1849521, 1851060, 1852455, 1859499, 1863684, 1866827, 1869217, 1872404,
    1880909, 1881036, 1882598, 1885134, 1885426, 1886317, 1888936, 1899247, 1899571,
    1902364, 1903792, 1904243, 1916231, 1917589, 1917946, 1919035, 1919108, 1924511,
    1925627, 1925876]
  prime: 9999999967
- ksize: 31
  md5sum: 724f763c7df98fea5571c7a6d302f1f7
  mins: [857, 3130, 7557, 14715, 24482, 38385, 50871, 57955, 58272, 58295, 62708,
    65336, 66827, 72120, 72462, 80796, 85880, 90168, 93731, 97564, 97898, 98953, 100204,
    108729, 109410, 109590, 109867, 114055, 116524, 117090, 122318, 123456, 127945,
    133648, 138588, 138999, 146383, 148988, 153772, 154484, 158055, 158420, 162910,
    168591, 170016, 170753, 178321, 179617, 189030, 195919, 204993, 207163, 220369,
    229610, 233824, 241566, 250552, 259693, 267953, 274241, 279965, 280506, 281677,
    288784, 290859, 290995, 301412, 306667, 309923, 310161, 325324, 327764, 328283,
    332812, 339808, 340473, 345730, 345807, 355591, 360283, 362565, 363586, 366174,
    366805, 367185, 367262, 368600, 377182, 380238, 394431, 395576, 401348, 403636,
    408166, 410644, 412761, 413985, 414730, 417067, 421843, 424618, 430333, 431120,
    434450, 440121, 444608, 446122, 450781, 451750, 459861, 460044, 466330, 474019,
    474381, 476144, 476551, 477729, 485466, 490539, 495119, 496401, 498307, 499687,
    503907, 504413, 506425, 515312, 519389, 521229, 521280, 531789, 531820, 533835,
    537368, 541606, 546716, 547489, 549513, 558443, 563126, 570397, 572240, 589563,
    591689, 596118, 596582, 598374, 601280, 602542, 608718, 611987, 612147, 620670,
    631128, 631413, 640705, 641234, 646003, 648510, 650878, 656440, 657467, 663642,
    664445, 664889, 666517, 669939, 674725, 675866, 677327, 680471, 686573, 686959,
    688809, 689804, 690623, 691468, 696870, 703962, 706324, 709672, 710522, 714786,
    715651, 722861, 722912, 722955, 726244, 727496, 727885, 727955, 729191, 729245,
    729870, 734023, 734892, 735103, 735161, 737404, 739024, 741016, 742901, 744690,
    749483, 753542, 755765, 758906, 760793, 766742, 766782, 767569, 769371, 770400,
    772902, 783279, 789271, 796480, 799591, 804269, 804882, 806810, 813389, 815221,
    827799, 827807, 827832, 833819, 834167, 834245, 835347, 840510, 845560, 847846,
    849057, 849058, 849551, 864856, 864889, 866403, 873442, 879930, 883072, 885850,
    891313, 899183, 899309, 900018, 907245, 910020, 914181, 917204, 922499, 922931,
    923226, 933086, 935870, 940693, 941509, 942440, 952688, 955329, 966846, 972580,
    973434, 988446, 989257, 990474, 991194, 991517, 992361, 994585, 995644, 1001869,
    1007611, 1015696, 1018742, 1018802, 1022432, 1031819, 1035203, 1037420, 1039441,
    1053353, 1057598, 1060575, 1068024, 1068833, 1071496, 1071583, 1071625, 1072419,
    1073884, 1076933, 1084293, 1088577, 1088657, 1090925, 1095047, 1097745, 1102255,
    1107540, 1110985, 1119369, 1125933, 1153381, 1160077, 1160594, 1162518, 1163725,
    1166416, 1167424, 1176826, 1177517, 1179600, 1182964, 1193371, 1195960, 1198732,
    1199727, 1205506, 1209008, 1215463, 1223806, 1249782, 1255914, 1256542, 1259276,
    1274183, 1284673, 1285339, 1286267, 1292880, 1293316, 1294646, 1298892, 1310023,
    1313187, 1314231, 1317353, 1331998, 1334128, 1344719, 1349702, 1355572, 1356243,
    1357665, 1357990, 1359235, 1365805, 1367599, 1367990, 1369244, 1375290, 1375328,
    1383743, 1384371, 1386823, 1389137, 1389290, 1389767, 1390270, 1397257, 1397873,
    1406615, 1407260, 1408262, 1411027, 1411660, 1414213, 1414572, 1422324, 1425201,
    1425554, 1428780, 1430078, 1434385, 1435552, 1438557, 1442789, 1443705, 1446612,
    1451984, 1455772, 1456567, 1462503, 1464805, 1473869, 1474617, 1476837, 1480351,
    1483098, 1486107, 1486820, 1493077, 1495670, 1495688, 1503460, 1503735, 1520544,
    1521456, 1523398, 1525578, 1537456, 1537780, 1542739, 1544321, 1556153, 1558333,
    1561991, 1562642, 1564436, 1564618, 1566836, 1572865, 1580814, 1586122, 1586188,
    1592425, 1604181, 1605893, 1610835, 1621895, 1627327, 1632111, 1634079, 1638408,
    1640615, 1641033, 1645973, 1646054, 1646129, 1646546, 1648314, 1649612, 1653439,
    1655380, 1660864, 1661576, 1663548, 1682527, 1687463, 1687472, 1689265, 1694998,
    1709866, 1712382, 1717353, 1719287, 1721597, 1729548, 1734300, 1737636, 1741854,
    1750670, 1754179, 1776261, 1781626, 1783465, 1788340, 1788943, 1791873, 1798147,
    1799016, 1805284, 1812963, 1817615, 1822784, 1824323, 1824360, 1829923, 1841393,
    1841808, 1843932, 1859800, 1860129, 1864097, 1865440, 1868148, 1871780, 1874849,
    1884207, 1885537, 1886034, 1895711, 1897786, 1898045, 1900400, 1906072, 1907116,
    1909832, 1910902, 1913190, 1914351, 1915218, 1916863, 1922640, 1926236, 1927295,
    1927415, 1927956]
  prime: 9999999967
- ksize: 32
  md5sum: 2b50b02b8907b7ee720c61c20110eca4
  mins: [0, 1417, 1923, 3563, 11734, 13401, 16347, 16467, 19817, 21666, 27844, 30953,
    32663, 36896, 39383, 43661, 56785, 57787, 59176, 60541, 63265, 63864, 69150, 75181,
    78393, 78496, 86316, 89950, 92488, 96929, 104445, 113198, 124422, 125241, 127288,
    132000, 136593, 140669, 150783, 153918, 154033, 155987, 156838, 163721, 164481,
    171800, 176011, 180667, 180958, 184019, 188926, 193660, 194615, 195632, 198045,
    209888, 210274, 213680, 217228, 217546, 221235, 232260, 235224, 244692, 245505,
    248473, 252499, 252702, 254036, 255934, 257478, 260083, 262260, 262360, 269112,
    274969, 279682, 282976, 283236, 289075, 290545, 294285, 294799, 295794, 305093,
    309740, 309989, 312082, 315351, 322838, 331043, 335218, 335552, 337210, 338140,
    357665, 361131, 361383, 362792, 363568, 373073, 373199, 379684, 382709, 386031,
    390359, 390861, 393645, 395699, 400072, 410040, 421392, 421409, 425724, 428900,
    429419, 456012, 458423, 464366, 466548, 466624, 473552, 476580, 477660, 479653,
    481005, 481310, 483831, 495923, 496184, 499731, 500708, 508908, 512102, 524054,
    526000, 528396, 530708, 531679, 532439, 545920, 550259, 551025, 551419, 554546,
    556004, 563145, 568511, 570006, 576391, 577982, 580635, 584400, 594627, 595436,
    602584, 605054, 605924, 608082, 615787, 621347, 623083, 627372, 632316, 642056,
    642201, 650124, 655204, 660186, 661415, 672165, 676074, 676528, 676824, 677970,
    679939, 682210, 688062, 690314, 700441, 702690, 707162, 707965, 713582, 715974,
    718916, 719471, 720842, 721358, 723868, 724110, 724768, 730924, 733364, 737098,
    737958, 738149, 742651, 743647, 746550, 756575, 758024, 760375, 760801, 761621,
    765451, 773983, 774545, 774882, 780024, 780164, 787700, 793643, 795918, 795933,
    800178, 800917, 804872, 809821, 809990, 813646, 816164, 817081, 817133, 834403,
    835694, 835967, 836732, 837920, 838852, 840367, 842104, 845323, 846965, 852598,
    853089, 854846, 855546, 857099, 858788, 865920, 871861, 872579, 876804, 884046,
    893748, 900082, 907880, 909234, 909461, 913336, 914120, 914411, 915370, 919637,
    921127, 923086, 926513, 926965, 932786, 937548, 939897, 941136, 945488, 947309,
    949951, 951677, 956132, 958485, 959284, 959312, 968180, 971658, 973871, 977974,
    991068, 993666, 996776, 996902, 997845, 998450, 1003052, 1006443, 1012364, 1013515,
    1015639, 1016299, 1017990, 1034070, 1037737, 1050403, 1057210, 1061636, 1062967,
    1064427, 1068993, 1069841, 1077398, 1080814, 1088434, 1090739, 1096023, 1103948,
    1109303, 1110887, 1115624, 1122489, 1128824, 1130345, 1132266, 1138362, 1140139,
    1141109, 1144280, 1144612, 1152092, 1157486, 1173353, 1178236, 1183241, 1197930,
    1198942, 1199399, 1200242, 1206470, 1210128, 1213320, 1215397, 1219768, 1221064,
    1221773, 1225201, 1229228, 1233159, 1233749, 1236366, 1236564, 1237331, 1242656,
    1242796, 1243234, 1243985, 1245798, 1254929, 1258803, 1260630, 1262859, 1266154,
    1270029, 1273780, 1275160, 1277198, 1284565, 1286033, 1288500, 1291069, 1293645,
    1295587, 1304003, 1309073, 1312764, 1313182, 1318104, 1325054, 1329624, 1335741,
    1338172, 1339188, 1341708, 1341905, 1341962, 1347462, 1357544, 1368606, 1370828,
    1378341, 1379095, 1379593, 1380306, 1396377, 1396397, 1403714, 1410566, 1414076,
    1422063, 1422234, 1431531, 1432623, 1437022, 1443941, 1448399, 1458623, 1463424,
    1464471, 1484311, 1502182, 1506760, 1514127, 1516389, 1516814, 1521788, 1529335,
    1529451, 1530850, 1536259, 1543413, 1543992, 1544408, 1549704, 1558843, 1563347,
    1564829, 1565790, 1568578, 1570277, 1571437, 1571859, 1572678, 1573044, 1589509,
    1597136, 1613216, 1613874, 1614927, 1629493, 1630472, 1632261, 1638980, 1645473,
    1652471, 1658201, 1660153, 1661397, 1672016, 1672060, 1691307, 1704168, 1709647,
    1711843, 1716414, 1716841, 1721701, 1725678, 1726701, 1727771, 1729241, 1741397,
    1742279, 1742329, 1742496, 1748232, 1752659, 1755712, 1756721, 1762339, 1762819,
    1763644, 1768227, 1769832, 1772000, 1774412, 1777218, 1784620, 1788334, 1789795,
    1791590, 1798208, 1799573, 1805884, 1809742, 1815138, 1816066, 1816548, 1818260,
    1818303, 1818661, 1819794, 1827414, 1829053, 1837146, 1848793, 1849389, 1853970,
    1855468, 1857921, 1869128, 1869560, 1879726, 1886830, 1888533, 1888757, 1889029,
    1892346, 1893741, 1900268, 1901951, 1910946, 1913619, 1916998, 1924353]
  prime: 9999999967
type: mrnaseq
version: '0.2'
